0.0	-0.0	-0.0030016826878522807
0.0015008299950527925	-0.0	-0.006003229777616564
0.003001659990105585	-0.0	-0.009004709009358734
0.004502489985158378	-0.0	-0.012006025305627964
0.00600331998021117	-0.0	-0.015007124168419868
0.0075041499752639615	-0.0	-0.01800795105749095
0.009004979970316756	-0.0	-0.021008450904904632
0.010505809965369548	-0.0	-0.024008567967638197
0.01200663996042234	-0.0	-0.027008246643034473
0.01350746995547513	-0.0	-0.030007430955496683
0.015008299950527923	-0.0	-0.03300606390448218
0.016509129945580715	-0.0	-0.03600408749338927
0.01800995994063351	-0.0	-0.039001442834822105
0.019510789935686303	-0.0	-0.041998070881120314
0.021011619930739096	-0.0	-0.04499391175326743
0.022512449925791888	-0.0	-0.047988903216399065
0.02401327992084468	-0.0	-0.050982980130842265
0.02551410991589747	-0.0	-0.05397607248267047
0.02701493991095026	-0.0	-0.05696810683229811
0.028515769906003054	-0.0	-0.059959013831785965
0.030016599901055846	-0.0	-0.06294873090410319
0.03151742989610864	-0.0	-0.06593719836334228
0.03301825989116143	-0.0	-0.06892435687282669
0.03451908988621422	-0.0	-0.07191014717347856
0.03601991988126702	-0.0	-0.07489451000355692
0.037520749876319814	-0.0	-0.07787738622263807
0.03902157987137261	-0.0	-0.08085871673767865
0.0405224098664254	-0.0	-0.08383844248174807
0.04202323986147819	-0.0	-0.08681650451644546
0.043524069856530984	-0.0	-0.08979284393717603
0.045024899851583776	-0.0	-0.09276740190059542
0.04652572984663657	-0.0	-0.09574011964554432
0.04802655984168936	-0.0	-0.09871093843520083
0.04952738983674215	-0.0	-0.10167979963127634
0.05102821983179494	-0.0	-0.1046466446753001
0.05252904982684774	-0.0	-0.10761141513074744
0.05402987982190052	-0.0	-0.11057405261058222
0.05553070981695332	-0.0	-0.11353449874178634
0.05703153981200611	-0.0	-0.11649269530295132
0.05853236980705891	-0.0	-0.11944858411919829
0.06003319980211169	-0.0	-0.12240210708244681
0.06153402979716449	-0.0	-0.1253532062453988
0.06303485979221728	-0.0	-0.1283018237228943
0.06453568978727008	-0.0	-0.1312479016444942
0.06603651978232286	-0.0	-0.13419138228970445
0.06753734977737566	-0.0	-0.1371322080357137
0.06903817977242845	-0.0	-0.14007032136283018
0.07053900976748124	-0.0	-0.14300566483402807
0.07203983976253404	-0.0	-0.14593818108496087
0.07354066975758683	-0.0	-0.1488678128899093
0.07504149975263963	-0.0	-0.1517945030853291
0.07654232974769241	-0.0	-0.15471819462418507
0.07804315974274521	-0.0	-0.1576388305819427
0.079543989737798	-0.0	-0.16055635413156527
0.0810448197328508	-0.0	-0.16347070855468368
0.08254564972790358	-0.0	-0.16638183722558125
0.08404647972295638	-0.0	-0.16928968365313682
0.08554730971800917	-0.0	-0.17219419147686724
0.08704813971306197	-0.0	-0.17509530442254292
0.08854896970811475	-0.0	-0.17799296632105133
0.09004979970316755	-0.0	-0.18088712115414965
0.09155062969822034	-0.0	-0.18377771303157012
0.09305145969327314	-0.0	-0.18666468615965479
0.09455228968832592	-0.0	-0.18954798485622457
0.09605311968337872	-0.0	-0.19242755356626146
0.0975539496784315	-0.0	-0.19530333690152174
0.0990547796734843	-0.0	-0.1981752795754019
0.10055560966853709	-0.0	-0.20104332641592101
0.10205643966358988	-0.0	-0.20390742242253276
0.10355726965864268	-0.0	-0.20676751271549026
0.10505809965369547	-0.0	-0.20962354256569457
0.10655892964874826	-0.0	-0.21247545735408294
0.10805975964380105	-0.0	-0.2153232025653041
0.10956058963885383	-0.0	-0.2181667238693115
0.11106141963390664	-0.0	-0.22100596707128292
0.11256224962895943	-0.0	-0.22384087813225925
0.11406307962401221	-0.0	-0.2266714031772446
0.115563909619065	-0.0	-0.2294974884334751
0.11706473961411781	-0.0	-0.23231908027243592
0.1185655696091706	-0.0	-0.23513612521015745
0.12006639960422338	-0.0	-0.23794856995485433
0.1215672295992762	-0.0	-0.2407563613492258
0.12306805959432898	-0.0	-0.24355944635817597
0.12456888958938177	-0.0	-0.24635777213132204
0.12606971958443455	-0.0	-0.2491512859923787
0.12757054957948735	-0.0	-0.2519399354096058
0.12907137957454015	-0.0	-0.25472366798031076
0.13057220956959295	-0.0	-0.2575024314755656
0.13207303956464572	-0.0	-0.2602761738442389
0.13357386955969852	-0.0	-0.2630448431716441
0.13507469955475132	-0.0	-0.2658083877116072
0.1365755295498041	-0.0	-0.2685667558855422
0.1380763595448569	-0.0	-0.27131989629643216
0.1395771895399097	-0.0	-0.27406775773722514
0.1410780195349625	-0.0	-0.2768102891220755
0.14257884953001526	-0.0	-0.27954743953542577
0.1440796795250681	-0.0	-0.28227915823581584
0.14558050952012086	-0.0	-0.2850053946563644
0.14708133951517366	-0.0	-0.28772609841664115
0.14858216951022643	-0.0	-0.29044121931641653
0.15008299950527926	-0.0	-0.2931507073255639
0.15158382950033203	-0.0	-0.29585451257725426
0.15308465949538483	-0.0	-0.29855258537546425
0.1545854894904376	-0.0	-0.3012448762087725
0.15608631948549043	-0.0	-0.3039313357571653
0.1575871494805432	-0.0	-0.30661191487132367
0.159087979475596	-0.0	-0.30928656456907283
0.16058880947064877	-0.0	-0.3119552360844268
0.1620896394657016	-0.0	-0.31461788082250136
0.16359046946075437	-0.0	-0.3172744503622139
0.16509129945580717	-0.0	-0.3199248964839131
0.16659212945085994	-0.0	-0.3225691711104581
0.16809295944591277	-0.0	-0.3252072263844109
0.16959378944096554	-0.0	-0.3278390146412575
0.17109461943601834	-0.0	-0.3304644883923567
0.17259544943107114	-0.0	-0.3330836003540494
0.17409627942612393	-0.0	-0.33569630343486045
0.1755971094211767	-0.0	-0.3383025507209635
0.1770979394162295	-0.0	-0.34090229546090467
0.1785987694112823	-0.0	-0.34349549112970135
0.1800995994063351	-0.0	-0.34608209140409796
0.18160042940138788	-0.0	-0.3486620501319776
0.18310125939644067	-0.0	-0.3512353213531486
0.18460208939149347	-0.0	-0.3538018593371825
0.18610291938654627	-0.0	-0.3563616185385856
0.18760374938159904	-0.0	-0.3589145535847044
0.18910457937665184	-0.0	-0.3614606193123055
0.19060540937170464	-0.0	-0.3639997707557029
0.19210623936675744	-0.0	-0.3665319631470539
0.1936070693618102	-0.0	-0.3690571519392912
0.195107899356863	-0.0	-0.3715752927487186
0.1966087293519158	-0.0	-0.37408634140416724
0.1981095593469686	-0.0	-0.3765902539442954
0.19961038934202138	-0.0	-0.379086986584263
0.20111121933707418	-0.0	-0.3815764957856372
0.20261204933212695	-0.0	-0.38405873821589154
0.20411287932717975	-0.0	-0.3865336707094959
0.20561370932223258	-0.0	-0.38900125030153737
0.20711453931728535	-0.0	-0.3914614342467686
0.20861536931233815	-0.0	-0.39391417998768813
0.21011619930739095	-0.0	-0.3963594452041399
0.21161702930244372	-0.0	-0.39879718774854905
0.21311785929749652	-0.0	-0.401227365710908
0.2146186892925493	-0.0	-0.4036499373774619
0.2161195192876021	-0.0	-0.4060648611980495
0.21762034928265492	-0.0	-0.40847209588182504
0.21912117927770766	-0.0	-0.4108716003381162
0.2206220092727605	-0.0	-0.4132633336752776
0.2221228392678133	-0.0	-0.4156472552185555
0.22362366926286606	-0.0	-0.41802332448870905
0.22512449925791886	-0.0	-0.42039150120833557
0.22662532925297169	-0.0	-0.42275174533057197
0.22812615924802443	-0.0	-0.42510401699866823
0.22962698924307726	-0.0	-0.42744827658267837
0.23112781923813	-0.0	-0.42978448465686153
0.23262864923318283	-0.0	-0.43211260198488716
0.23412947922823563	-0.0	-0.4344325895680288
0.2356303092232884	-0.0	-0.43674440862511754
0.2371311392183412	-0.0	-0.439048020557848
0.238631969213394	-0.0	-0.44134338699449677
0.24013279920844677	-0.0	-0.4436304697984299
0.2416336292034996	-0.0	-0.44590923099338875
0.2431344591985524	-0.0	-0.44817963281020473
0.24463528919360517	-0.0	-0.45044163774564566
0.24613611918865796	-0.0	-0.45269520848670325
0.24763694918371074	-0.0	-0.4549403079178056
0.24913777917876354	-0.0	-0.4571768991572865
0.25063860917381636	-0.0	-0.459404945543922
0.2521394391688691	-0.0	-0.46162441062043436
0.2536402691639219	-0.0	-0.46383525812143417
0.2551410991589747	-0.0	-0.4660374520293816
0.2566419291540275	-0.0	-0.4682309565154077
0.2581427591490803	-0.0	-0.47041573595359054
0.25964358914413305	-0.0	-0.4725917549601992
0.2611444191391859	-0.0	-0.4747589783703915
0.2626452491342387	-0.0	-0.47691737121369177
0.26414607912929144	-0.0	-0.4790668987256049
0.26564690912434424	-0.0	-0.48120752637409864
0.26714773911939704	-0.0	-0.4833392198296076
0.26864856911444984	-0.0	-0.48546194500819684
0.27014939910950264	-0.0	-0.48757566800694546
0.27165022910455544	-0.0	-0.4896803551250296
0.2731510590996082	-0.0	-0.49177597292549025
0.27465188909466104	-0.0	-0.4938624881449853
0.2761527190897138	-0.0	-0.4959398677492329
0.2776535490847666	-0.0	-0.4980080789127427
0.2791543790798194	-0.0	-0.500067089026287
0.2806552090748722	-0.0	-0.5021168657266757
0.282156039069925	-0.0	-0.5041573768202667
0.2836568690649778	-0.0	-0.5061885903301986
0.2851576990600305	-0.0	-0.5082104744998304
0.2866585290550834	-0.0	-0.5102229978093855
0.2881593590501362	-0.0	-0.5122261289532424
0.2896601890451889	-0.0	-0.5142198368166686
0.2911610190402417	-0.0	-0.5162040905020086
0.2926618490352945	-0.0	-0.5181788593478794
0.2941626790303473	-0.0	-0.5201441128908156
0.2956635090254001	-0.0	-0.5220998208604973
0.29716433902045286	-0.0	-0.5240459532429247
0.2986651690155057	-0.0	-0.5259824802350344
0.3001659990105585	-0.0	-0.5279093722148882
0.30166682900561126	-0.0	-0.529826599810839
0.30316765900066406	-0.0	-0.5317341338443113
0.30466848899571686	-0.0	-0.5336319453373841
0.30616931899076966	-0.0	-0.5355200055774809
0.30767014898582246	-0.0	-0.5373982860147309
0.3091709789808752	-0.0	-0.5392667583396045
0.31067180897592805	-0.0	-0.5411253944476649
0.31217263897098085	-0.0	-0.5429741664209636
0.3136734689660336	-0.0	-0.5448130466211738
0.3151742989610864	-0.0	-0.5466420075860261
0.3166751289561392	-0.0	-0.5484610220424769
0.318175958951192	-0.0	-0.5502700629816436
0.3196767889462448	-0.0	-0.5520691035861247
0.32117761894129754	-0.0	-0.5538581172410227
0.3226784489363504	-0.0	-0.5556370775511796
0.3241792789314032	-0.0	-0.5574059583405111
0.32568010892645594	-0.0	-0.5591647336358805
0.32718093892150873	-0.0	-0.5609133776866647
0.32868176891656153	-0.0	-0.5626518649816942
0.33018259891161433	-0.0	-0.5643801701705078
0.33168342890666713	-0.0	-0.5660982681331843
0.3331842589017199	-0.0	-0.5678061339989096
0.3346850888967727	-0.0	-0.5695037430742218
0.33618591889182553	-0.0	-0.5711910708768553
0.3376867488868783	-0.0	-0.5728680931534191
0.3391875788819311	-0.0	-0.5745347858593142
0.3406884088769839	-0.0	-0.576191125149819
0.34218923887203667	-0.0	-0.5778370874066088
0.34369006886708947	-0.0	-0.579472649228251
0.34519089886214227	-0.0	-0.5810977874009476
0.346691728857195	-0.0	-0.5827124789604888
0.34819255885224787	-0.0	-0.5843167011371051
0.3496933888473006	-0.0	-0.585910431343484
0.3511942188423534	-0.0	-0.5874936472488541
0.3526950488374062	-0.0	-0.5890663267326046
0.354195878832459	-0.0	-0.5906284478584304
0.3556967088275118	-0.0	-0.5921799889105427
0.3571975388225646	-0.0	-0.5937209283920786
0.35869836881761735	-0.0	-0.5952512450330163
0.3601991988126702	-0.0	-0.5967709177544457
0.361700028807723	-0.0	-0.5982799256819207
0.36320085880277575	-0.0	-0.5997782481680579
0.36470168879782855	-0.0	-0.6012658647757823
0.36620251879288135	-0.0	-0.6027427552545067
0.36770334878793415	-0.0	-0.6042088995994226
0.36920417878298695	-0.0	-0.6056642780269405
0.3707050087780397	-0.0	-0.6071088709280122
0.37220583877309255	-0.0	-0.6085426589143652
0.37370666876814534	-0.0	-0.6099656228283772
0.3752074987631981	-0.0	-0.6113777436904074
0.3767083287582509	-0.0	-0.6127790027644484
0.3782091587533037	-0.0	-0.6141693815162932
0.3797099887483565	-0.0	-0.6155488616021071
0.3812108187434093	-0.0	-0.616917424931527
0.38271164873846203	-0.0	-0.6182750535929478
0.3842124787335149	-0.0	-0.6196217298892148
0.3857133087285677	-0.0	-0.6209574363320389
0.3872141387236204	-0.0	-0.6222821556710678
0.38871496871867317	-0.0	-0.6235958708341899
0.390215798713726	-0.0	-0.6248985649716957
0.3917166287087788	-0.0	-0.6261902214370826
0.3932174587038316	-0.0	-0.6274708237930459
0.3947182886988844	-0.0	-0.6287403558684762
0.3962191186939372	-0.0	-0.6299988016393985
0.39771994868898997	-0.0	-0.6312461452780533
0.39922077868404277	-0.0	-0.6324823712295344
0.40072160867909556	-0.0	-0.6337074641034902
0.40222243867414836	-0.0	-0.6349214087370763
0.4037232686692012	-0.0	-0.6361241901944368
0.4052240986642539	-0.0	-0.6373157937184005
0.4067249286593067	-0.0	-0.6384962047857384
0.4082257586543595	-0.0	-0.6396654090756881
0.40972658864941236	-0.0	-0.6408233924641471
0.41122741864446516	-0.0	-0.6419701410394291
0.41272824863951796	-0.0	-0.6431056411361068
0.4142290786345707	-0.0	-0.6442298792723192
0.4157299086296235	-0.0	-0.6453428421721863
0.4172307386246763	-0.0	-0.6464445167796038
0.4187315686197291	-0.0	-0.647534890240232
0.4202323986147819	-0.0	-0.6486139499272747
0.42173322860983464	-0.0	-0.6496816834149599
0.42323405860488744	-0.0	-0.6507380784861962
0.42473488859994024	-0.0	-0.651783123120256
0.42623571859499304	-0.0	-0.6528168055339049
0.42773654859004584	-0.0	-0.65383911415503
0.4292373785850986	-0.0	-0.6548500375933097
0.4307382085801514	-0.0	-0.6558495646831181
0.4322390385752042	-0.0	-0.6568376844779769
0.43373986857025704	-0.0	-0.657814386238794
0.43524069856530984	-0.0	-0.658779659433826
0.43674152856036264	-0.0	-0.6597334937494418
0.4382423585554153	-0.0	-0.6606758790552807
0.4397431885504682	-0.0	-0.6616068054660207
0.441244018545521	-0.0	-0.6625262632910761
0.4427448485405738	-0.0	-0.6634342430446581
0.4442456785356266	-0.0	-0.6643307354815041
0.4457465085306793	-0.0	-0.6652157315184285
0.4472473385257321	-0.0	-0.6660892223221295
0.4487481685207849	-0.0	-0.666951199276567
0.4502489985158377	-0.0	-0.667801653943201
0.4517498285108905	-0.0	-0.6686405780921724
0.45325065850594337	-0.0	-0.6694679637363302
0.45475148850099606	-0.0	-0.6702838030934314
0.45625231849604886	-0.0	-0.6710880885700514
0.45775314849110166	-0.0	-0.6718808128058946
0.4592539784861545	-0.0	-0.6726619686390263
0.4607548084812073	-0.0	-0.673431549120631
0.46225563847626	-0.0	-0.6741895475226679
0.46375646847131285	-0.0	-0.6749359573335446
0.46525729846636565	-0.0	-0.6756707722179481
0.46675812846141845	-0.0	-0.6763939860642628
0.46825895845647125	-0.0	-0.6771055930040254
0.46975978845152405	-0.0	-0.6778055873443126
0.4712606184465768	-0.0	-0.6784939636129765
0.4727614484416296	-0.0	-0.6791707165617883
0.4742622784366824	-0.0	-0.679835841152679
0.4757631084317352	-0.0	-0.6804893325438697
0.477263938426788	-0.0	-0.6811311860886503
0.47876476842184074	-0.0	-0.6817613973901953
0.48026559841689354	-0.0	-0.6823799622635399
0.48176642841194633	-0.0	-0.6829868767016272
0.4832672584069992	-0.0	-0.6835821369280136
0.484768088402052	-0.0	-0.6841657393672429
0.4862689183971048	-0.0	-0.6847376806660397
0.4877697483921575	-0.0	-0.6852979576914967
0.48927057838721033	-0.0	-0.6858465675006719
0.49077140838226313	-0.0	-0.6863835073867108
0.49227223837731593	-0.0	-0.6869087748204818
0.49377306837236873	-0.0	-0.6874223674958843
0.4952738983674215	-0.0	-0.6879242833468632
0.49677472836247427	-0.0	-0.6884145204887476
0.49827555835752707	-0.0	-0.6888930772441785
0.49977638835257987	-0.0	-0.6893599521643023
0.5012772183476327	-0.0	-0.6898151440106105
0.5027780483426855	-0.0	-0.690258651756049
0.5042788783377382	-0.0	-0.6906904745732559
0.5057797083327911	-0.0	-0.6911106118460288
0.5072805383278438	-0.0	-0.691519063190184
0.5087813683228967	-0.0	-0.6919158284184562
0.5102821983179494	-0.0	-0.6923009075574023
0.5117830283130022	-0.0	-0.69267430083157
0.513283858308055	-0.0	-0.6930360086825837
0.5147846883031078	-0.0	-0.6933860317780215
0.5162855182981606	-0.0	-0.6937243709767944
0.5177863482932135	-0.0	-0.694051027370573
0.5192871782882661	-0.0	-0.694366002248316
0.520788008283319	-0.0	-0.6946692971057765
0.5222888382783718	-0.0	-0.6949609136558209
0.5237896682734245	-0.0	-0.6952408538157798
0.5252904982684774	-0.0	-0.6955091197238327
0.5267913282635301	-0.0	-0.695765713714634
0.5282921582585829	-0.0	-0.6960106383577056
0.5297929882536357	-0.0	-0.6962438964144203
0.5312938182486885	-0.0	-0.6964654908420342
0.5327946482437413	-0.0	-0.6966754248369612
0.5342954782387941	-0.0	-0.6968737017977489
0.5357963082338468	-0.0	-0.6970603253362485
0.5372971382288997	-0.0	-0.6972352992610082
0.5387979682239524	-0.0	-0.6973986275871485
0.5402987982190053	-0.0	-0.6975503145591088
0.5417996282140581	-0.0	-0.6976903646148074
0.5433004582091109	-0.0	-0.6978187823932608
0.5448012882041636	-0.0	-0.697935572776527
0.5463021181992164	-0.0	-0.698040740853236
0.5478029481942692	-0.0	-0.6981342918768318
0.5493037781893221	-0.0	-0.698216231329227
0.5508046081843748	-0.0	-0.698286564922726
0.5523054381794276	-0.0	-0.6983452985566762
0.5538062681744804	-0.0	-0.6983924383472795
0.5553070981695332	-0.0	-0.6984279906234502
0.556807928164586	-0.0	-0.6984519619153113
0.5583087581596388	-0.0	-0.6984643589595214
0.5598095881546916	-0.0	-0.6984651887011234
0.5613104181497444	-0.0	-0.6984544582931751
0.5628112481447971	-0.0	-0.6984321750970448
0.56431207813985	-0.0	-0.6983983466813388
0.5658129081349027	-0.0	-0.6983529808312221
0.5673137381299556	-0.0	-0.6982960855196425
0.5688145681250083	-0.0	-0.6982276689163186
0.570315398120061	-0.0	-0.6981477394311253
0.5718162281151139	-0.0	-0.698056305673408
0.5733170581101668	-0.0	-0.6979533764378913
0.5748178881052195	-0.0	-0.6978389607395568
0.5763187181002724	-0.0	-0.6977130677902678
0.5778195480953251	-0.0	-0.6975757069996569
0.5793203780903778	-0.0	-0.6974268880112623
0.5808212080854307	-0.0	-0.6972666206584395
0.5823220380804834	-0.0	-0.6970949149564086
0.5838228680755363	-0.0	-0.6969117811517436
0.585323698070589	-0.0	-0.6967172296823146
0.5868245280656418	-0.0	-0.6965112711916028
0.5883253580606946	-0.0	-0.6962939165332118
0.5898261880557474	-0.0	-0.6960651767524492
0.5913270180508002	-0.0	-0.6958250630913557
0.592827848045853	-0.0	-0.6955735870160027
0.5943286780409057	-0.0	-0.6953107601848674
0.5958295080359586	-0.0	-0.6950365944232012
0.5973303380310114	-0.0	-0.6947511018129083
0.5988311680260642	-0.0	-0.6944542946272635
0.600331998021117	-0.0	-0.6941461852901153
0.6018328280161698	-0.0	-0.6938267864632495
0.6033336580112225	-0.0	-0.6934961110158009
0.6048344880062754	-0.0	-0.6931541720012102
0.6063353180013281	-0.0	-0.6928009826652135
0.607836147996381	-0.0	-0.6924365564551999
0.6093369779914337	-0.0	-0.6920609070353019
0.6108378079864865	-0.0	-0.6916740482419005
0.6123386379815393	-0.0	-0.6912759941134733
0.6138394679765921	-0.0	-0.6908667589029117
0.6153402979716449	-0.0	-0.6904463570426416
0.6168411279666978	-0.0	-0.6900148031591594
0.6183419579617504	-0.0	-0.6895721120844245
0.6198427879568033	-0.0	-0.689118298831521
0.6213436179518561	-0.0	-0.6886533786111178
0.6228444479469089	-0.0	-0.6881773668417502
0.6243452779419617	-0.0	-0.6876902791303287
0.6258461079370145	-0.0	-0.6871921312524235
0.6273469379320672	-0.0	-0.6866829392086344
0.62884776792712	-0.0	-0.686162719188675
0.6303485979221728	-0.0	-0.6856314875386401
0.6318494279172256	-0.0	-0.685089260829505
0.6333502579122784	-0.0	-0.6845360558193992
0.6348510879073311	-0.0	-0.6839718894384419
0.636351917902384	-0.0	-0.6833967788246184
0.6378527478974367	-0.0	-0.6828107412944506
0.6393535778924896	-0.0	-0.6822137943411841
0.6408544078875424	-0.0	-0.6816059556732544
0.6423552378825951	-0.0	-0.6809872431638003
0.6438560678776479	-0.0	-0.6803576748754075
0.6453568978727008	-0.0	-0.6797172690632903
0.6468577278677535	-0.0	-0.6790660441707783
0.6483585578628064	-0.0	-0.6784040188328677
0.6498593878578591	-0.0	-0.6777312118468906
0.6513602178529119	-0.0	-0.6770476421897506
0.6528610478479647	-0.0	-0.6763533290394498
0.6543618778430175	-0.0	-0.675648291749567
0.6558627078380703	-0.0	-0.6749325498595409
0.6573635378331231	-0.0	-0.6742061230982204
0.6588643678281758	-0.0	-0.6734690313594529
0.6603651978232287	-0.0	-0.6727212947125156
0.6618660278182814	-0.0	-0.6719629334038527
0.6633668578133343	-0.0	-0.6711939678895879
0.6648676878083871	-0.0	-0.6704144187840749
0.6663685178034398	-0.0	-0.6696243068675541
0.6678693477984926	-0.0	-0.6688236531086407
0.6693701777935454	-0.0	-0.6680124786432045
0.6708710077885982	-0.0	-0.6671908047947136
0.6723718377836511	-0.0	-0.6663586530627308
0.6738726677787038	-0.0	-0.6655160451013138
0.6753734977737565	-0.0	-0.6646630027553357
0.6768743277688094	-0.0	-0.6637995480485759
0.6783751577638621	-0.0	-0.6629257031461037
0.679875987758915	-0.0	-0.6620414904080577
0.6813768177539677	-0.0	-0.6611469323661594
0.6828776477490205	-0.0	-0.6602420517078451
0.6843784777440733	-0.0	-0.6593268712980147
0.6858793077391261	-0.0	-0.6584014141614627
0.6873801377341789	-0.0	-0.6574657035087691
0.6888809677292317	-0.0	-0.6565197627008661
0.6903817977242845	-0.0	-0.65556361527393
0.6918826277193373	-0.0	-0.654597284923847
0.69338345771439	-0.0	-0.6536207955077292
0.6948842877094429	-0.0	-0.6526341710691402
0.6963851177044957	-0.0	-0.6516374357837613
0.6978859476995485	-0.0	-0.6506306139863911
0.6993867776946012	-0.0	-0.6496137302069721
0.7008876076896541	-0.0	-0.6485868091347122
0.7023884376847068	-0.0	-0.6475498755752547
0.7038892676797597	-0.0	-0.646502954531198
0.7053900976748124	-0.0	-0.6454460711653686
0.7068909276698653	-0.0	-0.6443792507804031
0.708391757664918	-0.0	-0.6433025188501516
0.7098925876599708	-0.0	-0.6422159009788795
0.7113934176550236	-0.0	-0.6411194229573778
0.7128942476500764	-0.0	-0.6400131107327075
0.7143950776451292	-0.0	-0.6388969903715083
0.715895907640182	-0.0	-0.6377710881146287
0.7173967376352347	-0.0	-0.6366354303621088
0.7188975676302876	-0.0	-0.6354900436630837
0.7203983976253404	-0.0	-0.6343349547124165
0.7218992276203932	-0.0	-0.6331701903370514
0.723400057615446	-0.0	-0.6319957775482751
0.7249008876104988	-0.0	-0.6308117434960758
0.7264017176055515	-0.0	-0.6296181154500204
0.7279025476006044	-0.0	-0.6284149208712684
0.7294033775956571	-0.0	-0.6272021873336415
0.73090420759071	-0.0	-0.6259799425626081
0.7324050375857627	-0.0	-0.6247482144434571
0.7339058675808154	-0.0	-0.6235070309743986
0.7354066975758683	-0.0	-0.622256420324412
0.736907527570921	-0.0	-0.6209964108119774
0.7384083575659739	-0.0	-0.6197270308704937
0.7399091875610266	-0.0	-0.6184483090755378
0.7414100175560794	-0.0	-0.6171602741534084
0.7429108475511322	-0.0	-0.615862954969882
0.7444116775461851	-0.0	-0.6145563805418637
0.7459125075412378	-0.0	-0.6132405799975529
0.7474133375362907	-0.0	-0.6119155825989303
0.7489141675313434	-0.0	-0.6105814177627306
0.7504149975263962	-0.0	-0.6092381150456095
0.751915827521449	-0.0	-0.6078857041192901
0.7534166575165018	-0.0	-0.6065242148021478
0.7549174875115546	-0.0	-0.6051536770422722
0.7564183175066074	-0.0	-0.6037741209099572
0.7579191475016601	-0.0	-0.6023855766133475
0.759419977496713	-0.0	-0.6009880744908188
0.7609208074917657	-0.0	-0.5995816450303589
0.7624216374868186	-0.0	-0.5981663188174907
0.7639224674818714	-0.0	-0.5967421265538387
0.7654232974769241	-0.0	-0.5953090991090965
0.7669241274719769	-0.0	-0.5938672674816721
0.7684249574670298	-0.0	-0.5924166627564493
0.7699257874620825	-0.0	-0.5909573161547197
0.7714266174571354	-0.0	-0.5894892590353664
0.772927447452188	-0.0	-0.5880125228771843
0.7744282774472409	-0.0	-0.5865271392765128
0.7759291074422937	-0.0	-0.5850331399492333
0.7774299374373463	-0.0	-0.583530556733839
0.7789307674323993	-0.0	-0.582019421596576
0.780431597427452	-0.0	-0.5804997666249336
0.7819324274225049	-0.0	-0.5789716240017538
0.7834332574175576	-0.0	-0.5774350260425137
0.7849340874126104	-0.0	-0.5758900051885568
0.7864349174076632	-0.0	-0.574336593983977
0.787935747402716	-0.0	-0.5727748250954052
0.7894365773977688	-0.0	-0.5712047313050205
0.7909374073928216	-0.0	-0.5696263455040389
0.7924382373878744	-0.0	-0.5680397006917526
0.7939390673829272	-0.0	-0.5664448299917298
0.7954398973779799	-0.0	-0.5648417666318426
0.7969407273730328	-0.0	-0.5632305439578396
0.7984415573680855	-0.0	-0.561611195417776
0.7999423873631384	-0.0	-0.5599837545768817
0.8014432173581911	-0.0	-0.5583482551079073
0.8029440473532439	-0.0	-0.5567047307776248
0.8044448773482967	-0.0	-0.5550532154832218
0.8059457073433495	-0.0	-0.55339374321931
0.8074465373384024	-0.0	-0.5517263480739667
0.8089473673334551	-0.0	-0.5500510642430495
0.8104481973285078	-0.0	-0.5483679260545706
0.8119490273235607	-0.0	-0.5466769679174323
0.8134498573186134	-0.0	-0.5449782243363334
0.8149506873136664	-0.0	-0.5432717299389913
0.816451517308719	-0.0	-0.5415575194345317
0.8179523473037718	-0.0	-0.5398356276519551
0.8194531772988247	-0.0	-0.5381060895107692
0.8209540072938774	-0.0	-0.5363689400341929
0.8224548372889303	-0.0	-0.5346242143354346
0.8239556672839831	-0.0	-0.5328719476172482
0.8254564972790359	-0.0	-0.5311121752299652
0.8269573272740887	-0.0	-0.529344932565861
0.8284581572691414	-0.0	-0.5275702551346071
0.8299589872641943	-0.0	-0.525788178565195
0.831459817259247	-0.0	-0.5239987385228267
0.8329606472542999	-0.0	-0.5222019708023065
0.8344614772493526	-0.0	-0.5203979113145404
0.8359623072444053	-0.0	-0.5185865960417456
0.8374631372394582	-0.0	-0.5167680610461793
0.8389639672345109	-0.0	-0.5149423424898892
0.8404647972295638	-0.0	-0.5131094766466607
0.8419656272246165	-0.0	-0.5112694998610354
0.8434664572196693	-0.0	-0.509422448550197
0.8449672872147221	-0.0	-0.5075683592677006
0.8464681172097749	-0.0	-0.5057072686249114
0.8479689472048277	-0.0	-0.5038392133072062
0.8494697771998805	-0.0	-0.5019642301301922
0.8509706071949332	-0.0	-0.5000823559756098
0.8524714371899861	-0.0	-0.49819362780072657
0.8539722671850388	-0.0	-0.4962980826533172
0.8554730971800917	-0.0	-0.4943957576778774
0.8569739271751444	-0.0	-0.4924866900920631
0.8584747571701972	-0.0	-0.49057091720277957
0.85997558716525	-0.0	-0.4886484764150218
0.8614764171603028	-0.0	-0.4867194051898938
0.8629772471553557	-0.0	-0.4847837410792658
0.8644780771504084	-0.0	-0.48284152173228356
0.8659789071454613	-0.0	-0.48089278486274617
0.8674797371405141	-0.0	-0.4789375682610527
0.8689805671355667	-0.0	-0.476975909826233
0.8704813971306197	-0.0	-0.47500784752640846
0.8719822271256723	-0.0	-0.4730334193906551
0.8734830571207253	-0.0	-0.471052663535486
0.874983887115778	-0.0	-0.4690656181476528
0.8764847171108306	-0.0	-0.4670723215112194
0.8779855471058836	-0.0	-0.46507281198762684
0.8794863771009364	-0.0	-0.4630671279981239
0.8809872070959892	-0.0	-0.4610553080515814
0.882488037091042	-0.0	-0.45903739073535677
0.8839888670860947	-0.0	-0.4570134146914369
0.8854896970811476	-0.0	-0.4549834186536476
0.8869905270762003	-0.0	-0.4529474414371488
0.8884913570712532	-0.0	-0.4509055219256004
0.8899921870663059	-0.0	-0.4488576990611387
0.8914930170613586	-0.0	-0.4468040118589122
0.8929938470564115	-0.0	-0.44474449944077693
0.8944946770514642	-0.0	-0.44267920096838675
0.8959955070465171	-0.0	-0.4406081556740777
0.8974963370415698	-0.0	-0.4385314028775491
0.8989971670366227	-0.0	-0.43644898195823406
0.9004979970316754	-0.0	-0.43436093237690016
0.9019988270267282	-0.0	-0.4322672936607066
0.903499657021781	-0.0	-0.4301681053831941
0.9050004870168338	-0.0	-0.42806340721088876
0.9065013170118867	-0.0	-0.42595323888384673
0.9080021470069394	-0.0	-0.42383764018998527
0.9095029770019921	-0.0	-0.42171665098879146
0.911003806997045	-0.0	-0.41959031121217283
0.9125046369920977	-0.0	-0.4174586608749987
0.9140054669871507	-0.0	-0.4153217400310117
0.9155062969822033	-0.0	-0.4131795888029721
0.9170071269772561	-0.0	-0.41103224737807154
0.918507956972309	-0.0	-0.40887975602687016
0.9200087869673617	-0.0	-0.40672215508787335
0.9215096169624146	-0.0	-0.4045594849295828
0.9230104469574674	-0.0	-0.40239178600324005
0.92451127695252	-0.0	-0.4002190988263673
0.926012106947573	-0.0	-0.39804146397707146
0.9275129369426257	-0.0	-0.3958589220923056
0.9290137669376786	-0.0	-0.39367151387711596
0.9305145969327313	-0.0	-0.39147928009876065
0.932015426927784	-0.0	-0.3892822615761688
0.9335162569228369	-0.0	-0.38708049918460047
0.9350170869178897	-0.0	-0.38487403386940616
0.9365179169129425	-0.0	-0.3826629066468034
0.9380187469079952	-0.0	-0.38044715858201744
0.9395195769030481	-0.0	-0.37822683079175934
0.9410204068981008	-0.0	-0.37600196445284406
0.9425212368931536	-0.0	-0.3737726008148398
0.9440220668882064	-0.0	-0.37153878117399247
0.9455228968832592	-0.0	-0.3693005468816955
0.947023726878312	-0.0	-0.36705793934974196
0.9485245568733648	-0.0	-0.36481100004814254
0.9500253868684175	-0.0	-0.36255977051559257
0.9515262168634704	-0.0	-0.3603042923165304
0.9530270468585231	-0.0	-0.3580446070826737
0.954527876853576	-0.0	-0.3557807565135003
0.9560287068486287	-0.0	-0.3535127823600107
0.9575295368436815	-0.0	-0.35124072642217635
0.9590303668387343	-0.0	-0.3489646305528969
0.9605311968337871	-0.0	-0.3466845366499003
0.96203202682884	-0.0	-0.3444004866795252
0.9635328568238927	-0.0	-0.3421125226767213
0.9650336868189454	-0.0	-0.3398206866808026
0.9665345168139984	-0.0	-0.33752502080202407
0.968035346809051	-0.0	-0.33522556723034774
0.969536176804104	-0.0	-0.33292236818177434
0.9710370067991567	-0.0	-0.3306154659132492
0.9725378367942096	-0.0	-0.32830490276246027
0.9740386667892623	-0.0	-0.3259907211028618
0.975539496784315	-0.0	-0.3236729633347237
0.9770403267793679	-0.0	-0.3213516719408337
0.9785411567744207	-0.0	-0.3190268894365281
0.9800419867694735	-0.0	-0.3166986583767933
0.9815428167645263	-0.0	-0.3143670213856703
0.983043646759579	-0.0	-0.31203202112255957
0.9845444767546319	-0.0	-0.3096937002896187
0.9860453067496846	-0.0	-0.30735210165443505
0.9875461367447375	-0.0	-0.305007267999058
0.9890469667397902	-0.0	-0.3026592421740367
0.990547796734843	-0.0	-0.3003080670756733
0.9920486267298958	-0.0	-0.2979537856354075
0.9935494567249485	-0.0	-0.29559644082795367
0.9950502867200014	-0.0	-0.2932360756638297
0.9965511167150541	-0.0	-0.2908727332339261
0.9980519467101069	-0.0	-0.2885064566407104
0.9995527767051597	-0.0	-0.2861372890319219
1.0010536067002125	-0.0	-0.28376527360878345
1.0025544366952654	-0.0	-0.2813904535974838
1.0040552666903182	-0.0	-0.27901287226844823
1.005556096685371	-0.0	-0.2766325729486551
1.0070569266804237	-0.0	-0.2742495989999984
1.0085577566754764	-0.0	-0.2718639938058616
1.0100585866705294	-0.0	-0.26947580079719347
1.0115594166655821	-0.0	-0.2670850634686712
1.0130602466606349	-0.0	-0.26469182532444074
1.0145610766556876	-0.0	-0.26229612989812656
1.0160619066507404	-0.0	-0.25989802078512153
1.0175627366457933	-0.0	-0.25749754161395866
1.019063566640846	-0.0	-0.25509473604442506
1.0205643966358988	-0.0	-0.2526896477643069
1.0220652266309516	-0.0	-0.2502823205181285
1.0235660566260043	-0.0	-0.2478727980676129
1.0250668866210573	-0.0	-0.24546112419364258
1.02656771661611	-0.0	-0.24304734274345458
1.0280685466111628	-0.0	-0.2406314975825205
1.0295693766062155	-0.0	-0.23821363260384873
1.0310702066012682	-0.0	-0.23579379173835932
1.0325710365963212	-0.0	-0.23337201894458312
1.034071866591374	-0.0	-0.23094835821463508
1.035572696586427	-0.0	-0.22852285357937405
1.0370735265814794	-0.0	-0.22609554908645096
1.0385743565765322	-0.0	-0.22366648880617124
1.0400751865715852	-0.0	-0.22123571686175017
1.041576016566638	-0.0	-0.21880327738248745
1.0430768465616909	-0.0	-0.2163692145270318
1.0445776765567436	-0.0	-0.21393357249427397
1.0460785065517963	-0.0	-0.21149639550035895
1.047579336546849	-0.0	-0.20905772778735965
1.0490801665419018	-0.0	-0.2066176136194672
1.0505809965369548	-0.0	-0.20417609728356426
1.0520818265320075	-0.0	-0.20173322309701067
1.0535826565270603	-0.0	-0.19928903541158274
1.055083486522113	-0.0	-0.19684357857528406
1.0565843165171658	-0.0	-0.19439689696459816
1.0580851465122187	-0.0	-0.1919490349918675
1.0595859765072715	-0.0	-0.1895000370776826
1.0610868065023242	-0.0	-0.18704994766073907
1.062587636497377	-0.0	-0.1845988112014994
1.0640884664924297	-0.0	-0.1821466721884252
1.0655892964874827	-0.0	-0.1796935751127151
1.0670901264825354	-0.0	-0.17723956448779693
1.0685909564775882	-0.0	-0.17478468484818105
1.070091786472641	-0.0	-0.17232898073841982
1.0715926164676937	-0.0	-0.16987249671830418
1.0730934464627466	-0.0	-0.1674152773610884
1.0745942764577994	-0.0	-0.16495736725500645
1.0760951064528521	-0.0	-0.1624988110067857
1.0775959364479049	-0.0	-0.16003965322857225
1.0790967664429576	-0.0	-0.1575799385363587
1.0805975964380106	-0.0	-0.15511971156990192
1.0820984264330633	-0.0	-0.15265901696925457
1.0835992564281163	-0.0	-0.1501978993904662
1.0851000864231688	-0.0	-0.14773640350060852
1.0866009164182218	-0.0	-0.14527457395404814
1.0881017464132745	-0.0	-0.14281245542497675
1.0896025764083273	-0.0	-0.1403500926009383
1.0911034064033802	-0.0	-0.13788753016821922
1.0926042363984327	-0.0	-0.13542481281506621
1.0941050663934857	-0.0	-0.13296198523020683
1.0956058963885384	-0.0	-0.13049909211080163
1.0971067263835912	-0.0	-0.12803617814809326
1.0986075563786442	-0.0	-0.12557328804460544
1.100108386373697	-0.0	-0.12311046649424388
1.1016092163687496	-0.0	-0.12064775818484842
1.1031100463638024	-0.0	-0.11818520782700592
1.1046108763588551	-0.0	-0.11572286010404383
1.106111706353908	-0.0	-0.11326075970513354
1.1076125363489608	-0.0	-0.11079895132619653
1.1091133663440136	-0.0	-0.10833747962825716
1.1106141963390663	-0.0	-0.10587638927577948
1.112115026334119	-0.0	-0.10341572495181356
1.113615856329172	-0.0	-0.10095553131762411
1.1151166863242248	-0.0	-0.09849585301093364
1.1166175163192775	-0.0	-0.09603673467442093
1.1181183463143303	-0.0	-0.09357822094453246
1.1196191763093832	-0.0	-0.09112035642107907
1.121120006304436	-0.0	-0.08866318571208279
1.1226208362994887	-0.0	-0.08620675341839007
1.1241216662945415	-0.0	-0.0837511041075407
1.1256224962895942	-0.0	-0.08129628234798059
1.1271233262846472	-0.0	-0.0788423326833189
1.1286241562797	-0.0	-0.07638929963554596
1.1301249862747527	-0.0	-0.07393722770976746
1.1316258162698054	-0.0	-0.07148616140733502
1.1331266462648582	-0.0	-0.06903614519540573
1.1346274762599111	-0.0	-0.0665872235158191
1.1361283062549639	-0.0	-0.06413944080852836
1.1376291362500166	-0.0	-0.06169284147574149
1.1391299662450696	-0.0	-0.05924746989222217
1.140630796240122	-0.0	-0.05680337041255766
1.142131626235175	-0.0	-0.05436058736476011
1.1436324562302278	-0.0	-0.05191916505353986
1.1451332862252805	-0.0	-0.04947914774880253
1.1466341162203335	-0.0	-0.047040579692306635
1.1481349462153863	-0.0	-0.04460350510406238
1.149635776210439	-0.0	-0.042167968171457446
1.1511366062054917	-0.0	-0.03973401304779603
1.1526374362005447	-0.0	-0.03730168384096233
1.1541382661955975	-0.0	-0.03487102463191402
1.1556390961906502	-0.0	-0.0324420794749227
1.157139926185703	-0.0	-0.030014892387328466
1.1586407561807557	-0.0	-0.027589507335262956
1.1601415861758086	-0.0	-0.025165968250774325
1.1616424161708614	-0.0	-0.02274431904566036
1.1631432461659141	-0.0	-0.020324603572428733
1.1646440761609669	-0.0	-0.017906865640922653
1.1661449061560196	-0.0	-0.015491149016360553
1.1676457361510726	-0.0	-0.013077497430099295
1.1691465661461253	-0.0	-0.010665954579171832
1.170647396141178	-0.0	-0.00825656409122357
1.1721482261362308	-0.0	-0.005849369548831289
1.1736490561312836	-0.0	-0.003444414502078721
1.1751498861263365	-0.0	-0.0010417424484911143
1.1766507161213893	-0.0	0.001358603172124445
1.178151546116442	-0.0	0.0037565789707254857
1.1796523761114948	-0.0	0.006152141599010681
1.1811532061065475	-0.0	0.00854524778311498
1.1826540361016005	-0.0	0.010935854293631664
1.1841548660966532	-0.0	0.01332391794172872
1.185655696091706	-0.0	0.015709395621313984
1.187156526086759	-0.0	0.018092244274230403
1.1886573560818114	-0.0	0.020472420881120248
1.1901581860768644	-0.0	0.022849882501001183
1.1916590160719172	-0.0	0.025224586266383974
1.1931598460669701	-0.0	0.027596489360784415
1.1946606760620229	-0.0	0.0299655490193891
1.1961615060570754	-0.0	0.0323317225512106
1.1976623360521284	-0.0	0.03469496733568469
1.199163166047181	-0.0	0.037055240809724874
1.200663996042234	-0.0	0.03941250048910089
1.2021648260372868	-0.0	0.04176670395122125
1.2036656560323395	-0.0	0.04411780884315942
1.2051664860273923	-0.0	0.04646577288562992
1.206667316022445	-0.0	0.048810553868919755
1.208168146017498	-0.0	0.05115210965277747
1.2096689760125507	-0.0	0.05349039818261341
1.2111698060076035	-0.0	0.055825377475629635
1.2126706360026562	-0.0	0.05815700561739861
1.214171465997709	-0.0	0.06048524077898818
1.215672295992762	-0.0	0.06281004120717852
1.2171731259878147	-0.0	0.06513136523746303
1.2186739559828674	-0.0	0.06744917127718232
1.2201747859779202	-0.0	0.06976341779964325
1.221675615972973	-0.0	0.07207406339229444
1.2231764459680259	-0.0	0.07438106672092296
1.2246772759630786	-0.0	0.07668438651866907
1.2261781059581316	-0.0	0.07898398161824204
1.2276789359531841	-0.0	0.08127981094052798
1.2291797659482369	-0.0	0.083571833479037
1.2306805959432898	-0.0	0.08586000833820308
1.2321814259383426	-0.0	0.08814429471627765
1.2336822559333955	-0.0	0.09042465186590146
1.235183085928448	-0.0	0.09270103917347866
1.2366839159235008	-0.0	0.09497341611299853
1.2381847459185538	-0.0	0.09724174223432912
1.2396855759136065	-0.0	0.099505977189404
1.2411864059086595	-0.0	0.10176608073438605
1.2426872359037122	-0.0	0.1040220127182569
1.2441880658987647	-0.0	0.1062737330964467
1.2456888958938177	-0.0	0.10852120192536004
1.2471897258888704	-0.0	0.11076437934698934
1.2486905558839234	-0.0	0.11300322561027482
1.2501913858789762	-0.0	0.11523770108192322
1.251692215874029	-0.0	0.11746776623041094
1.2531930458690816	-0.0	0.11969338160466102
1.2546938758641344	-0.0	0.12191450787992547
1.2561947058591874	-0.0	0.12413110584504333
1.25769553585424	-0.0	0.12634313639145545
1.2591963658492928	-0.0	0.12855056051091132
1.2606971958443456	-0.0	0.13075333932278402
1.2621980258393983	-0.0	0.13295143404616347
1.2636988558344513	-0.0	0.1351448060016873
1.265199685829504	-0.0	0.13733341663907764
1.2667005158245568	-0.0	0.1395172275192395
1.2682013458196095	-0.0	0.14169620031888408
1.2697021758146623	-0.0	0.14387029682638616
1.2712030058097152	-0.0	0.146039478951179
1.272703835804768	-0.0	0.14820370871670804
1.2742046657998207	-0.0	0.15036294827365398
1.2757054957948735	-0.0	0.1525171598892435
1.2772063257899262	-0.0	0.15466630595050393
1.2787071557849792	-0.0	0.15681034895311194
1.280207985780032	-0.0	0.1589492515277466
1.2817088157750849	-0.0	0.16108297644310382
1.2832096457701374	-0.0	0.16321148657247872
1.2847104757651902	-0.0	0.16533474491416378
1.2862113057602431	-0.0	0.167452714598717
1.2877121357552959	-0.0	0.16956535888861027
1.2892129657503488	-0.0	0.17167264116829864
1.2907137957454016	-0.0	0.17377452494751192
1.292214625740454	-0.0	0.17587097387331255
1.293715455735507	-0.0	0.1779619517122679
1.2952162857305598	-0.0	0.18004742237009028
1.2967171157256128	-0.0	0.18212734989145205
1.2982179457206655	-0.0	0.18420169844154763
1.2997187757157183	-0.0	0.18627043232710205
1.301219605710771	-0.0	0.18833351598094739
1.3027204357058237	-0.0	0.19039091397920324
1.3042212657008767	-0.0	0.19244259104138775
1.3057220956959295	-0.0	0.19448851200792938
1.3072229256909822	-0.0	0.1965286418609167
1.308723755686035	-0.0	0.19856294572535593
1.3102245856810877	-0.0	0.2005913888584632
1.3117254156761406	-0.0	0.20261393666486627
1.3132262456711934	-0.0	0.20463055469309055
1.3147270756662461	-0.0	0.2066412086133672
1.3162279056612989	-0.0	0.2086458642542501
1.3177287356563516	-0.0	0.21064448760059995
1.3192295656514046	-0.0	0.2126370447535276
1.3207303956464573	-0.0	0.214623501962591
1.32223122564151	-0.0	0.21660382563594832
1.3237320556365628	-0.0	0.21857798232391706
1.3252328856316156	-0.0	0.22054593871655154
1.3267337156266685	-0.0	0.22250766164774835
1.3282345456217213	-0.0	0.2244631180977616
1.3297353756167742	-0.0	0.22641227521175164
1.3312362056118268	-0.0	0.22835510027589181
1.3327370356068795	-0.0	0.23029156071899562
1.3342378656019325	-0.0	0.23222162411680727
1.3357386955969852	-0.0	0.2341452582100144
1.3372395255920382	-0.0	0.23606243088971213
1.3387403555870907	-0.0	0.23797311017648695
1.3402411855821437	-0.0	0.23987726425529549
1.3417420155771964	-0.0	0.24177486147664798
1.3432428455722492	-0.0	0.24366587033907655
1.3447436755673021	-0.0	0.24555025947567186
1.3462445055623549	-0.0	0.24742799768611395
1.3477453355574076	-0.0	0.2492990539411475
1.3492461655524604	-0.0	0.2511633973531774
1.350746995547513	-0.0	0.25302099717120125
1.352247825542566	-0.0	0.2548718228299654
1.3537486555376188	-0.0	0.2567158439113501
1.3552494855326715	-0.0	0.2585530301470332
1.3567503155277243	-0.0	0.26038335144267877
1.358251145522777	-0.0	0.2622067778440949
1.35975197551783	-0.0	0.2640232795666008
1.3612528055128827	-0.0	0.26583282697742117
1.3627536355079355	-0.0	0.26763539060722613
1.3642544655029882	-0.0	0.2694309411408104
1.365755295498041	-0.0	0.27121944943784326
1.367256125493094	-0.0	0.27300088651030624
1.3687569554881467	-0.0	0.27477522351494776
1.3702577854831994	-0.0	0.2765424317974459
1.3717586154782522	-0.0	0.27830248285116754
1.3732594454733051	-0.0	0.280055348329855
1.3747602754683579	-0.0	0.28180100005017844
1.3762611054634106	-0.0	0.28353941000061217
1.3777619354584634	-0.0	0.2852705503266035
1.3792627654535161	-0.0	0.2869943933246913
1.380763595448569	-0.0	0.28871091147475886
1.3822644254436218	-0.0	0.29042007741850756
1.3837652554386746	-0.0	0.2921218639451427
1.3852660854337275	-0.0	0.29381624401641393
1.38676691542878	-0.0	0.29550319076384085
1.388267745423833	-0.0	0.2971826774833874
1.3897685754188858	-0.0	0.2988546776407504
1.3912694054139385	-0.0	0.3005191648581559
1.3927702354089915	-0.0	0.30217611292046126
1.3942710654040442	-0.0	0.30382549577815177
1.395771895399097	-0.0	0.305467287562061
1.3972727253941497	-0.0	0.30710146257123944
1.3987735553892024	-0.0	0.3087279952450289
1.4002743853842554	-0.0	0.31034686021158986
1.4017752153793082	-0.0	0.31195803225949525
1.403276045374361	-0.0	0.3135614863351413
1.4047768753694136	-0.0	0.31515719757104277
1.4062777053644664	-0.0	0.31674514125838843
1.4077785353595194	-0.0	0.31832529285854416
1.409279365354572	-0.0	0.31989762799828153
1.4107801953496248	-0.0	0.3214621224722929
1.4122810253446776	-0.0	0.3230187522300981
1.4137818553397306	-0.0	0.32456749339572166
1.4152826853347833	-0.0	0.3261083222872954
1.416783515329836	-0.0	0.3276412153652402
1.4182843453248888	-0.0	0.32916614926633087
1.4197851753199415	-0.0	0.3306831007938203
1.4212860053149945	-0.0	0.3321920468994643
1.4227868353100472	-0.0	0.3336929647408881
1.4242876653051	-0.0	0.33518583163039634
1.4257884953001527	-0.0	0.3366706250393377
1.4272893252952055	-0.0	0.3381473226133434
1.4287901552902584	-0.0	0.3396159021702191
1.4302909852853112	-0.0	0.3410763416964679
1.431791815280364	-0.0	0.3425286193410027
1.4332926452754169	-0.0	0.34397271342176694
1.4347934752704694	-0.0	0.3454086024330948
1.4362943052655224	-0.0	0.3468362650374263
1.4377951352605751	-0.0	0.3482556800672675
1.4392959652556279	-0.0	0.34966682651672054
1.4407967952506808	-0.0	0.3510696835457001
1.4422976252457334	-0.0	0.35246423050016545
1.4437984552407863	-0.0	0.3538504468713604
1.445299285235839	-0.0	0.3552283123396065
1.446800115230892	-0.0	0.3565978067504457
1.4483009452259448	-0.0	0.35795891012052206
1.4498017752209975	-0.0	0.35931160261320655
1.4513026052160503	-0.0	0.360655864577693
1.452803435211103	-0.0	0.36199167655328807
1.454304265206156	-0.0	0.3633190192107871
1.4558050952012087	-0.0	0.36463787340240655
1.4573059251962615	-0.0	0.36594822015423867
1.4588067551913142	-0.0	0.36725004066499384
1.460307585186367	-0.0	0.3685433162869152
1.46180841518142	-0.0	0.36982802855244673
1.4633092451764727	-0.0	0.3711041591570337
1.4648100751715254	-0.0	0.3723716899597518
1.4663109051665781	-0.0	0.37363060300276224
1.4678117351616309	-0.0	0.37488088047950285
1.4693125651566838	-0.0	0.37612250476228065
1.4708133951517366	-0.0	0.3773554583956877
1.4723142251467893	-0.0	0.37857972407662854
1.473815055141842	-0.0	0.3797952846608297
1.4753158851368948	-0.0	0.3810021232175805
1.4768167151319478	-0.0	0.38220022295564804
1.4783175451270005	-0.0	0.38338956722220485
1.4798183751220533	-0.0	0.3845701395809079
1.481319205117106	-0.0	0.38574192372209476
1.4828200351121588	-0.0	0.3869049035124198
1.4843208651072117	-0.0	0.38805906301564086
1.4858216951022645	-0.0	0.38920438644117056
1.4873225250973174	-0.0	0.39034085816482594
1.4888233550923702	-0.0	0.3914684627200993
1.4903241850874227	-0.0	0.3925871848303372
1.4918250150824757	-0.0	0.3936970093520763
1.4933258450775284	-0.0	0.3947979213276756
1.4948266750725814	-0.0	0.39588990597647694
1.4963275050676341	-0.0	0.39697294864668464
1.4978283350626869	-0.0	0.3980470348937411
1.4993291650577396	-0.0	0.3991121504232187
1.5008299950527924	-0.0	0.4001682811016941
1.5023308250478453	-0.0	0.40121541295822793
1.503831655042898	-0.0	0.4022535321893945
1.5053324850379508	-0.0	0.4032826251632029
1.5068333150330036	-0.0	0.40430267840918427
1.5083341450280563	-0.0	0.40531367861872475
1.5098349750231093	-0.0	0.40631561265039146
1.511335805018162	-0.0	0.40730846752390387
1.5128366350132147	-0.0	0.40829223043385576
1.5143374650082675	-0.0	0.40926688872042166
1.5158382950033202	-0.0	0.41023242989606146
1.5173391249983732	-0.0	0.41118884165964914
1.518839954993426	-0.0	0.412136111826235
1.5203407849884787	-0.0	0.41307422840105623
1.5218416149835314	-0.0	0.4140031795807945
1.5233424449785842	-0.0	0.4149229536766433
1.5248432749736371	-0.0	0.41583353917818405
1.5263441049686899	-0.0	0.41673492475201795
1.5278449349637429	-0.0	0.41762709921210234
1.5293457649587954	-0.0	0.4185100515474167
1.5308465949538481	-0.0	0.4193837708997338
1.532347424948901	-0.0	0.42024824658233495
1.5338482549439538	-0.0	0.4211034680613317
1.5353490849390068	-0.0	0.4219494249642835
1.5368499149340595	-0.0	0.42278610708840925
1.538350744929112	-0.0	0.4236135043908594
1.539851574924165	-0.0	0.4244316069881982
1.5413524049192178	-0.0	0.4252404051630615
1.5428532349142707	-0.0	0.4260398893529125
1.5443540649093235	-0.0	0.42683005014996783
1.545854894904376	-0.0	0.42761087832679273
1.547355724899429	-0.0	0.42838236480057135
1.5488565548944817	-0.0	0.42914450065160054
1.5503573848895347	-0.0	0.4298972771462953
1.5518582148845874	-0.0	0.4306406856908816
1.5533590448796402	-0.0	0.4313747178262919
1.5548598748746927	-0.0	0.43209936529034026
1.5563607048697456	-0.0	0.43281461998210385
1.5578615348647986	-0.0	0.4335204739355515
1.5593623648598514	-0.0	0.43421691935275764
1.560863194854904	-0.0	0.43490394861699594
1.5623640248499568	-0.0	0.43558155425982076
1.5638648548450098	-0.0	0.43624972895500147
1.5653656848400623	-0.0	0.43690846555247626
1.5668665148351153	-0.0	0.43755775704406535
1.568367344830168	-0.0	0.43819759661839663
1.5698681748252208	-0.0	0.4388279776099376
1.5713690048202735	-0.0	0.43944889348985966
1.5728698348153265	-0.0	0.440060337894185
1.5743706648103795	-0.0	0.44066230462715267
1.575871494805432	-0.0	0.4412547876597759
1.5773723248004847	-0.0	0.4418377811168597
1.5788731547955377	-0.0	0.4424112792847311
1.5803739847905902	-0.0	0.44297527658324043
1.5818748147856432	-0.0	0.44352976762020535
1.5833756447806961	-0.0	0.4440747471584932
1.584876474775749	-0.0	0.4446102101088081
1.5863773047708014	-0.0	0.4451361515451146
1.5878781347658544	-0.0	0.4456525666908047
1.5893789647609073	-0.0	0.44615945095272586
1.5908797947559599	-0.0	0.44665679988818824
1.5923806247510128	-0.0	0.44714460917678117
1.5938814547460656	-0.0	0.4476228747067003
1.595382284741118	-0.0	0.4480915925197853
1.596883114736171	-0.0	0.4485507587692066
1.598383944731224	-0.0	0.4490003698066065
1.5998847747262768	-0.0	0.4494404221489224
1.6013856047213293	-0.0	0.4498709124356661
1.6028864347163823	-0.0	0.45029183747223633
1.6043872647114352	-0.0	0.45070319425843514
1.6058880947064877	-0.0	0.45110497993265475
1.6073889247015407	-0.0	0.4514971917612993
1.6088897546965935	-0.0	0.4518798272163465
1.6103905846916464	-0.0	0.4522528839051095
1.611891414686699	-0.0	0.45261635958410656
1.613392244681752	-0.0	0.4529702521805881
1.6148930746768049	-0.0	0.45331455977481955
1.6163939046718574	-0.0	0.45364928060566634
1.6178947346669101	-0.0	0.45397441307595726
1.619395564661963	-0.0	0.4542899557530021
1.6208963946570156	-0.0	0.45459590734225686
1.6223972246520686	-0.0	0.4548922667166918
1.6238980546471213	-0.0	0.45517903290613865
1.6253988846421743	-0.0	0.4554562051096816
1.6268997146372268	-0.0	0.4557237826811584
1.6284005446322798	-0.0	0.4559817651159927
1.6299013746273328	-0.0	0.4562301520686154
1.6314022046223853	-0.0	0.4564689433823126
1.632903034617438	-0.0	0.45669813903515105
1.634403864612491	-0.0	0.45691773916634976
1.6359046946075435	-0.0	0.4571277440738757
1.6374055246025965	-0.0	0.45732815421947415
1.6389063545976494	-0.0	0.4575189702268934
1.6404071845927022	-0.0	0.45770019286095
1.6419080145877547	-0.0	0.457871823046318
1.6434088445828077	-0.0	0.45803386188698464
1.6449096745778606	-0.0	0.45818631064061766
1.6464105045729132	-0.0	0.45832917070976287
1.6479113345679661	-0.0	0.4584624436664035
1.6494121645630189	-0.0	0.4585861312198183
1.6509129945580718	-0.0	0.4587002352873376
1.6524138245531244	-0.0	0.45880475791212166
1.6539146545481773	-0.0	0.4588997012782509
1.65541548454323	-0.0	0.45898506776824094
1.6569163145382828	-0.0	0.45906085989842604
1.6584171445333356	-0.0	0.45912708034621896
1.6599179745283885	-0.0	0.4591837319689369
1.661418804523441	-0.0	0.4592308177700327
1.662919634518494	-0.0	0.45926834089546986
1.6644204645135467	-0.0	0.45929630468054833
1.6659212945085997	-0.0	0.45931471261754053
1.6674221245036522	-0.0	0.4593235683304297
1.6689229544987052	-0.0	0.459322875618924
1.6704237844937582	-0.0	0.45931263844758263
1.6719246144888107	-0.0	0.4592928609424128
1.6734254444838634	-0.0	0.4592635473910548
1.6749262744789164	-0.0	0.45922470222007206
1.676427104473969	-0.0	0.45917633004214636
1.6779279344690219	-0.0	0.4591184356277828
1.6794287644640746	-0.0	0.45905102388837
1.6809295944591276	-0.0	0.45897409990595434
1.6824304244541801	-0.0	0.45888766893068805
1.683931254449233	-0.0	0.45879173637295073
1.685432084444286	-0.0	0.45868630778197134
1.6869329144393386	-0.0	0.4585713888996807
1.6884337444343913	-0.0	0.45844698561329456
1.6899345744294443	-0.0	0.4583131039689986
1.6914354044244972	-0.0	0.45816975017842126
1.6929362344195498	-0.0	0.4580169306049115
1.6944370644146027	-0.0	0.45785465179982304
1.6959378944096555	-0.0	0.45768292044492564
1.697438724404708	-0.0	0.45750174340207866
1.698939554399761	-0.0	0.45731112768734006
1.700440384394814	-0.0	0.4571110804649006
1.7019412143898665	-0.0	0.4569016090920601
1.7034420443849194	-0.0	0.45668272108135266
1.7049428743799722	-0.0	0.4564544240776886
1.7064437043750251	-0.0	0.4562167259043665
1.7079445343700776	-0.0	0.45596963456862116
1.7094453643651306	-0.0	0.45571315821590763
1.7109461943601834	-0.0	0.4554473051574196
1.712447024355236	-0.0	0.45517208386838787
1.7139478543502888	-0.0	0.45488750298001746
1.7154486843453418	-0.0	0.45459357128958466
1.7169495143403943	-0.0	0.45429029776206487
1.7184503443354473	-0.0	0.4539776915355694
1.7199511743305	-0.0	0.4536557618912011
1.721452004325553	-0.0	0.45332451827594955
1.7229528343206055	-0.0	0.4529839703063894
1.7244536643156585	-0.0	0.45263412774585976
1.7259544943107115	-0.0	0.4522750005396385
1.727455324305764	-0.0	0.4519065987825048
1.7289561543008167	-0.0	0.45152893273005734
1.7304569842958697	-0.0	0.45114201283018995
1.7319578142909227	-0.0	0.45074584967511955
1.7334586442859752	-0.0	0.45034045400467815
1.7349594742810281	-0.0	0.44992583672684044
1.736460304276081	-0.0	0.44950200892053493
1.7379611342711334	-0.0	0.44906898184030425
1.7394619642661864	-0.0	0.44862676687121805
1.7409627942612393	-0.0	0.4481753755838725
1.7424636242562919	-0.0	0.44771481971119975
1.7439644542513446	-0.0	0.447245111150465
1.7454652842463976	-0.0	0.44676626196041835
1.7469661142414505	-0.0	0.4462782843458718
1.748466944236503	-0.0	0.44578119069028405
1.749967774231556	-0.0	0.4452749935435924
1.7514686042266088	-0.0	0.4447597056082313
1.7529694342216613	-0.0	0.4442353397481573
1.7544702642167143	-0.0	0.44370190900538226
1.7559710942117672	-0.0	0.44315942657574675
1.75747192420682	-0.0	0.4426079058100668
1.7589727542018727	-0.0	0.4420473602289657
1.7604735841969255	-0.0	0.44147780352712723
1.7619744141919784	-0.0	0.4408992495467023
1.763475244187031	-0.0	0.44031171228455834
1.764976074182084	-0.0	0.43971520591861396
1.7664769041771367	-0.0	0.43910974478305764
1.7679777341721894	-0.0	0.43849534337016033
1.7694785641672421	-0.0	0.4378720163453658
1.770979394162295	-0.0	0.43723977852350826
1.772480224157348	-0.0	0.43659864489474015
1.7739810541524006	-0.0	0.4359486305873602
1.7754818841474533	-0.0	0.43528975091123623
1.7769827141425063	-0.0	0.4346220213398293
1.7784835441375588	-0.0	0.4339454574857826
1.7799843741326118	-0.0	0.4332600751653155
1.7814852041276648	-0.0	0.4325658903140043
1.7829860341227173	-0.0	0.43186291904133794
1.78448686411777	-0.0	0.43115117762557714
1.785987694112823	-0.0	0.4304306825009935
1.787488524107876	-0.0	0.4297014502667095
1.7889893541029285	-0.0	0.4289634976766751
1.7904901840979814	-0.0	0.4282168416543146
1.7919910140930342	-0.0	0.42746149925465193
1.7934918440880867	-0.0	0.42669748772223215
1.7949926740831397	-0.0	0.42592482446489793
1.7964935040781926	-0.0	0.42514352702697367
1.7979943340732454	-0.0	0.4243536131262898
1.7994951640682981	-0.0	0.423555100641533
1.8009959940633509	-0.0	0.42274800759637887
1.8024968240584038	-0.0	0.4219323521797238
1.8039976540534564	-0.0	0.42110815275715097
1.8054984840485093	-0.0	0.4202754278314651
1.806999314043562	-0.0	0.41943419605656285
1.8085001440386146	-0.0	0.41858447627231116
1.8100009740336676	-0.0	0.4177262874640838
1.8115018040287205	-0.0	0.4168596487483734
1.8130026340237735	-0.0	0.41598457941406874
1.814503464018826	-0.0	0.41510109894679237
1.8160042940138788	-0.0	0.4142092269440154
1.8175051240089317	-0.0	0.4133089831538568
1.8190059540039842	-0.0	0.41240038751114577
1.8205067839990372	-0.0	0.4114834600928156
1.82200761399409	-0.0	0.41055822112274865
1.8235084439891427	-0.0	0.40962469098202187
1.8250092739841954	-0.0	0.4086828902038397
1.8265101039792484	-0.0	0.40773283949838923
1.8280109339743014	-0.0	0.40677455971355997
1.8295117639693539	-0.0	0.4058080718328356
1.8310125939644066	-0.0	0.40483339701250315
1.8325134239594596	-0.0	0.403850556563196
1.8340142539545121	-0.0	0.4028595719537779
1.835515083949565	-0.0	0.40186046477357923
1.837015913944618	-0.0	0.40085325676742345
1.8385167439396708	-0.0	0.39983796988788983
1.8400175739347233	-0.0	0.3988146261931555
1.8415184039297763	-0.0	0.3977832478549846
1.8430192339248292	-0.0	0.3967438572695041
1.8445200639198818	-0.0	0.3956964769490911
1.8460208939149347	-0.0	0.3946411295247769
1.8475217239099875	-0.0	0.3935778378205537
1.84902255390504	-0.0	0.39250662480074244
1.850523383900093	-0.0	0.3914275135446934
1.852024213895146	-0.0	0.3903405273098491
1.8535250438901987	-0.0	0.3892456895005644
1.8550258738852514	-0.0	0.38814302365919234
1.8565267038803042	-0.0	0.38703255347355603
1.8580275338753571	-0.0	0.38591430277461786
1.8595283638704097	-0.0	0.3847882955279359
1.8610291938654626	-0.0	0.38365455584572156
1.8625300238605154	-0.0	0.3825131080021892
1.864030853855568	-0.0	0.3813639764016362
1.8655316838506208	-0.0	0.38020718558417627
1.8670325138456738	-0.0	0.37904276025677125
1.8685333438407268	-0.0	0.37787072524159737
1.8700341738357793	-0.0	0.37669110551081303
1.871535003830832	-0.0	0.37550392616917494
1.873035833825885	-0.0	0.37430921245429694
1.8745366638209375	-0.0	0.3731069897748947
1.8760374938159905	-0.0	0.3718972836421376
1.8775383238110435	-0.0	0.3706801197249076
1.8790391538060962	-0.0	0.3694555238213932
1.8805399838011487	-0.0	0.3682235218777674
1.8820408137962017	-0.0	0.3669841399718402
1.8835416437912547	-0.0	0.3657374042943056
1.8850424737863072	-0.0	0.36448334118332476
1.88654330378136	-0.0	0.363221977121234
1.888044133776413	-0.0	0.36195333871582935
1.8895449637714654	-0.0	0.36067745270362167
1.8910457937665184	-0.0	0.3593943459628927
1.8925466237615713	-0.0	0.35810404550130476
1.894047453756624	-0.0	0.3568065784442125
1.8955482837516766	-0.0	0.3555019720406181
1.8970491137467296	-0.0	0.3541902537030062
1.8985499437417825	-0.0	0.35287145096077727
1.900050773736835	-0.0	0.35154559143372777
1.901551603731888	-0.0	0.3502127028971105
1.9030524337269408	-0.0	0.34887281326473135
1.9045532637219937	-0.0	0.3475259505716026
1.9060540937170463	-0.0	0.34617214295182475
1.9075549237120992	-0.0	0.34481141867505516
1.909055753707152	-0.0	0.34344380614769227
1.9105565837022047	-0.0	0.3420693339001149
1.9120574136972575	-0.0	0.3406880305549842
1.9135582436923104	-0.0	0.33929992487236793
1.915059073687363	-0.0	0.33790504574578284
1.916559903682416	-0.0	0.3365034221785971
1.9180607336774687	-0.0	0.33509508330159876
1.9195615636725216	-0.0	0.3336800583454039
1.9210623936675741	-0.0	0.3322583766445618
1.922563223662627	-0.0	0.3308300676845658
1.92406405365768	-0.0	0.329395161058689
1.9255648836527326	-0.0	0.32795368646003253
1.9270657136477853	-0.0	0.32650567371518335
1.9285665436428383	-0.0	0.32505115274637675
1.9300673736378908	-0.0	0.32359015360371207
1.9315682036329438	-0.0	0.32212270643053265
1.9330690336279968	-0.0	0.32064884149027867
1.9345698636230495	-0.0	0.3191685891505454
1.936070693618102	-0.0	0.31768197989784147
1.937571523613155	-0.0	0.31618904433418565
1.939072353608208	-0.0	0.3146898131545819
1.9405731836032605	-0.0	0.3131843171612966
1.9420740135983134	-0.0	0.311672587249803
1.9435748435933662	-0.0	0.3101546544467674
1.9450756735884192	-0.0	0.30863054988197564
1.9465765035834717	-0.0	0.3071003047615916
1.9480773335785246	-0.0	0.30556395041383627
1.9495781635735774	-0.0	0.3040215182688667
1.95107899356863	-0.0	0.30247303985489227
1.9525798235636829	-0.0	0.300918546797916
1.9540806535587358	-0.0	0.2993580708219565
1.9555814835537884	-0.0	0.2977916437492325
1.9570823135488413	-0.0	0.29621929750238263
1.958583143543894	-0.0	0.2946410641058704
1.960083973538947	-0.0	0.2930569756639404
1.9615848035339996	-0.0	0.29146706438588005
1.9630856335290525	-0.0	0.2898713625776239
1.9645864635241053	-0.0	0.2882699026292517
1.966087293519158	-0.0	0.28666271702963547
1.9675881235142108	-0.0	0.28504983835371583
1.9690889535092637	-0.0	0.283431299260172
1.9705897835043162	-0.0	0.2818071325240811
1.9720906134993692	-0.0	0.28017737099349566
1.973591443494422	-0.0	0.278542047587446
1.975092273489475	-0.0	0.2769011953427291
1.9765931034845274	-0.0	0.27525484735702244
1.9780939334795804	-0.0	0.27360303681747505
1.9795947634746334	-0.0	0.2719457970075499
1.981095593469686	-0.0	0.2702831612837963
1.9825964234647386	-0.0	0.26861516309131034
1.9840972534597916	-0.0	0.26694183594598114
1.9855980834548446	-0.0	0.2652632134560173
1.987098913449897	-0.0	0.2635793293092234
1.98859974344495	-0.0	0.2618902172583162
1.9901005734400028	-0.0	0.2601959111524003
1.9916014034350553	-0.0	0.2584964449070831
1.9931022334301083	-0.0	0.25679185251549663
1.9946030634251612	-0.0	0.2550821680564716
1.9961038934202138	-0.0	0.2533674256742688
1.9976047234152667	-0.0	0.2516476595652266
1.9991055534103195	-0.0	0.2499229040315401
2.0006063834053722	-0.0	0.24819319345500038
2.002107213400425	-0.0	0.24645856224994697
2.0036080433954777	-0.0	0.2447190449260719
2.005108873390531	-0.0	0.2429746760570546
2.006609703385583	-0.0	0.24122549028374285
2.0081105333806364	-0.0	0.2394715223217351
2.009611363375689	-0.0	0.23771280694902677
2.011112193370742	-0.0	0.23594937899158544
2.0126130233657946	-0.0	0.23418127337553937
2.0141138533608474	-0.0	0.23240852507295465
2.0156146833559005	-0.0	0.23063116910742015
2.017115513350953	-0.0	0.22884924058345235
2.0186163433460056	-0.0	0.22706277465583288
2.020117173341059	-0.0	0.2252718065551298
2.021618003336111	-0.0	0.2234763715635079
2.0231188333311643	-0.0	0.22167650500489028
2.024619663326217	-0.0	0.2198722422744739
2.0261204933212698	-0.0	0.21806361884131883
2.0276213233163225	-0.0	0.21625067021905423
2.0291221533113752	-0.0	0.21443343196794998
2.0306229833064284	-0.0	0.21261193970641942
2.0321238133014807	-0.0	0.2107862291220785
2.0336246432965335	-0.0	0.20895633595003446
2.0351254732915867	-0.0	0.20712229596718978
2.036626303286639	-0.0	0.2052841449964588
2.038127133281692	-0.0	0.20344191892947758
2.039627963276745	-0.0	0.20159565371406538
2.0411287932717976	-0.0	0.19974538532263783
2.0426296232668504	-0.0	0.19789114978434857
2.044130453261903	-0.0	0.19603298319929222
2.0456312832569563	-0.0	0.1941709216777718
2.0471321132520086	-0.0	0.19230500139326412
2.048632943247062	-0.0	0.19043525857798124
2.0501337732421145	-0.0	0.18856172948159308
2.0516346032371673	-0.0	0.18668445042504347
2.05313543323222	-0.0	0.1848034577623796
2.0546362632272728	-0.0	0.18291878786921198
2.0561370932223255	-0.0	0.18103047717544804
2.0576379232173783	-0.0	0.179138562174058
2.059138753212431	-0.0	0.1772430793734726
2.060639583207484	-0.0	0.17534406531873975
2.0621404132025365	-0.0	0.17344155662899216
2.0636412431975897	-0.0	0.17153558992750512
2.0651420731926424	-0.0	0.169626201851572
2.066642903187695	-0.0	0.1677134291040641
2.068143733182748	-0.0	0.16579730845106333
2.0696445631778007	-0.0	0.16387787666867515
2.071145393172854	-0.0	0.16195517056048636
2.072646223167906	-0.0	0.1600292269422524
2.074147053162959	-0.0	0.15810008269763684
2.075647883158012	-0.0	0.1561677747498423
2.0771487131530644	-0.0	0.15423234002144265
2.0786495431481176	-0.0	0.1522938154809125
2.0801503731431703	-0.0	0.15035223811888176
2.081651203138223	-0.0	0.14840764496067405
2.083152033133276	-0.0	0.14646007304725853
2.0846528631283285	-0.0	0.14450955949794267
2.0861536931233817	-0.0	0.14255614140318418
2.087654523118434	-0.0	0.14059985587333976
2.089155353113487	-0.0	0.13864074010172786
2.09065618310854	-0.0	0.13667883125081975
2.0921570131035927	-0.0	0.13471416654063853
2.0936578430986454	-0.0	0.13274678320988564
2.095158673093698	-0.0	0.13077671849722555
2.096659503088751	-0.0	0.12880400968603997
2.0981603330838037	-0.0	0.1268286940786849
2.0996611630788564	-0.0	0.12485080898920434
2.1011619930739096	-0.0	0.12287039176811128
2.102662823068962	-0.0	0.12088747978836989
2.104163653064015	-0.0	0.118902110409666
2.105664483059068	-0.0	0.11691432102382714
2.1071653130541206	-0.0	0.1149241490541937
2.1086661430491733	-0.0	0.11293163194267353
2.110166973044226	-0.0	0.11093680714944605
2.111667803039279	-0.0	0.10893971213173176
2.1131686330343316	-0.0	0.10694038435137448
2.1146694630293843	-0.0	0.1049388613154531
2.1161702930244375	-0.0	0.10293518054717285
2.11767112301949	-0.0	0.10092937956437584
2.119171953014543	-0.0	0.09892149590702237
2.1206727830095957	-0.0	0.09691156712842507
2.1221736130046485	-0.0	0.09489963077290871
2.123674442999701	-0.0	0.09288572441298212
2.125175272994754	-0.0	0.09086988565462738
2.126676102989807	-0.0	0.08885215207579039
2.1281769329848594	-0.0	0.08683256128274912
2.129677762979912	-0.0	0.08481115089150909
2.1311785929749654	-0.0	0.08278795851489494
2.132679422970018	-0.0	0.08076302179961138
2.134180252965071	-0.0	0.07873637837335179
2.1356810829601236	-0.0	0.07670806587605229
2.1371819129551763	-0.0	0.07467812196743698
2.138682742950229	-0.0	0.07264658429232423
2.140183572945282	-0.0	0.07061349051583826
2.141684402940335	-0.0	0.06857887830524852
2.1431852329353873	-0.0	0.06654278532046408
2.1446860629304405	-0.0	0.0645052492394806
2.1461868929254933	-0.0	0.06246630774565688
2.147687722920546	-0.0	0.06042599851432554
2.1491885529155987	-0.0	0.05838435923687154
2.1506893829106515	-0.0	0.05634142759532214
2.1521902129057042	-0.0	0.054297241260978374
2.153691042900757	-0.0	0.05225183792219228
2.1551918728958097	-0.0	0.050205255264393914
2.156692702890863	-0.0	0.04815753097926413
2.158193532885915	-0.0	0.04610870275082749
2.1596943628809684	-0.0	0.04405880825197547
2.161195192876021	-0.0	0.04200788517102312
2.162696022871074	-0.0	0.039955971192031974
2.1641968528661266	-0.0	0.03790310398097695
2.1656976828611794	-0.0	0.03584932121293176
2.1671985128562326	-0.0	0.03379466055242882
2.168699342851285	-0.0	0.03173915966555401
2.1702001728463376	-0.0	0.029682856223090557
2.171701002841391	-0.0	0.02762578787115137
2.1732018328364435	-0.0	0.025567992251115022
2.1747026628314963	-0.0	0.02350950701283012
2.176203492826549	-0.0	0.02145036980166984
2.1777043228216018	-0.0	0.019390618242183685
2.1792051528166545	-0.0	0.017330289956812912
2.1807059828117072	-0.0	0.015269422558567097
2.1822068128067604	-0.0	0.013208053645106226
2.1837076428018127	-0.0	0.011146220800737988
2.1852084727968655	-0.0	0.009083961625267613
2.1867093027919187	-0.0	0.0070213137197948725
2.1882101327869714	-0.0	0.004958314635080277
2.189710962782024	-0.0	0.002895001908051208
2.191211792777077	-0.0	0.0008314131063712213
2.1927126227721296	-0.0	-0.0012324142421680818
2.1942134527671824	-0.0	-0.003296442615730001
2.195714282762235	-0.0	-0.005360634503425978
2.1972151127572883	-0.0	-0.007424952416485664
2.198715942752341	-0.0	-0.009489358865916784
2.200216772747394	-0.0	-0.011553816385880909
2.2017176027424465	-0.0	-0.013618287511834153
2.2032184327374993	-0.0	-0.015682734801831664
2.204719262732552	-0.0	-0.017747120844072976
2.2062200927276048	-0.0	-0.01981140823681807
2.2077209227226575	-0.0	-0.021875559573999462
2.2092217527177103	-0.0	-0.02393953747632822
2.210722582712763	-0.0	-0.026003304589666563
2.212223412707816	-0.0	-0.028066823570565936
2.213724242702869	-0.0	-0.030130057080940895
2.2152250726979217	-0.0	-0.03219296782990137
2.2167259026929744	-0.0	-0.034255518534065645
2.218226732688027	-0.0	-0.036317671912012316
2.21972756268308	-0.0	-0.038379390724559086
2.2212283926781327	-0.0	-0.04044063772952773
2.222729222673186	-0.0	-0.04250137572291055
2.224230052668238	-0.0	-0.04456156753391418
2.225730882663291	-0.0	-0.046621175974546285
2.227231712658344	-0.0	-0.0486801639026044
2.228732542653397	-0.0	-0.050738494189053435
2.2302333726484496	-0.0	-0.052796129751092
2.2317342026435023	-0.0	-0.05485303352219297
2.233235032638555	-0.0	-0.056909168429837335
2.234735862633608	-0.0	-0.058964497454841294
2.2362366926286605	-0.0	-0.06101898357487715
2.2377375226237137	-0.0	-0.06307258981507148
2.2392383526187665	-0.0	-0.065125279234283
2.2407391826138188	-0.0	-0.06717701489462526
2.242240012608872	-0.0	-0.06922775990751544
2.2437408426039247	-0.0	-0.07127747739332155
2.2452416725989774	-0.0	-0.07332613048731738
2.24674250259403	-0.0	-0.07537368237918454
2.248243332589083	-0.0	-0.07742009628002008
2.2497441625841357	-0.0	-0.07946533542880925
2.2512449925791884	-0.0	-0.08150936310433526
2.2527458225742416	-0.0	-0.08355214256259734
2.2542466525692944	-0.0	-0.0855936371405592
2.255747482564347	-0.0	-0.08763381022515396
2.2572483125594	-0.0	-0.08967262517450186
2.2587491425544526	-0.0	-0.09171004542169578
2.2602499725495053	-0.0	-0.09374603440459985
2.261750802544558	-0.0	-0.09578055560797771
2.263251632539611	-0.0	-0.09781357255905405
2.2647524625346636	-0.0	-0.09984504881338556
2.2662532925297163	-0.0	-0.10187494793329756
2.2677541225247695	-0.0	-0.10390323351621597
2.2692549525198222	-0.0	-0.10592986925909868
2.270755782514875	-0.0	-0.10795481883771003
2.2722566125099277	-0.0	-0.1099780459595122
2.2737574425049805	-0.0	-0.11199951439806306
2.275258272500033	-0.0	-0.1140191879459688
2.276759102495086	-0.0	-0.1160370304284211
2.278259932490139	-0.0	-0.1180530057431431
2.279760762485192	-0.0	-0.12006707779240734
2.281261592480244	-0.0	-0.12207921049642503
2.2827624224752974	-0.0	-0.12408936786291856
2.28426325247035	-0.0	-0.12609751393552462
2.285764082465403	-0.0	-0.12810361278702573
2.2872649124604556	-0.0	-0.13010762851487462
2.2887657424555083	-0.0	-0.13210952526527286
2.290266572450561	-0.0	-0.13410926724293548
2.291767402445614	-0.0	-0.1361068186797628
2.293268232440667	-0.0	-0.13810214385252048
2.2947690624357198	-0.0	-0.1400952071113562
2.2962698924307725	-0.0	-0.14208597280937665
2.2977707224258253	-0.0	-0.14407440533974547
2.299271552420878	-0.0	-0.14606046917255905
2.3007723824159307	-0.0	-0.14804412883139706
2.3022732124109835	-0.0	-0.1500253488637327
2.3037740424060362	-0.0	-0.15200409385140004
2.3052748724010894	-0.0	-0.15398032846936643
2.3067757023961417	-0.0	-0.15595401739700054
2.308276532391195	-0.0	-0.15792512536164324
2.3097773623862476	-0.0	-0.15989361717548348
2.3112781923813004	-0.0	-0.1618594576812984
2.312779022376353	-0.0	-0.1638226117719455
2.314279852371406	-0.0	-0.16578304439121336
2.3157806823664586	-0.0	-0.1677407205230584
2.3172815123615114	-0.0	-0.16969560524656754
2.318782342356564	-0.0	-0.17164766365969103
2.3202831723516173	-0.0	-0.17359686089832774
2.3217840023466696	-0.0	-0.17554316219110286
2.323284832341723	-0.0	-0.17748653278857493
2.3247856623367755	-0.0	-0.1794269380144626
2.3262864923318283	-0.0	-0.18136434326057765
2.327787322326881	-0.0	-0.18329871395812286
2.3292881523219338	-0.0	-0.18523001558605126
2.3307889823169865	-0.0	-0.18715821370095154
2.3322898123120392	-0.0	-0.1890832739082351
2.3337906423070924	-0.0	-0.19100516186550204
2.335291472302145	-0.0	-0.19292384332148835
2.3367923022971975	-0.0	-0.1948392840499701
2.3382931322922507	-0.0	-0.19675144989943716
2.3397939622873034	-0.0	-0.19866030680400412
2.341294792282356	-0.0	-0.20056582071132292
2.342795622277409	-0.0	-0.202467957646755
2.3442964522724616	-0.0	-0.20436668372761146
2.345797282267515	-0.0	-0.20626196512797842
2.347298112262567	-0.0	-0.2081537680763498
2.3487989422576203	-0.0	-0.2100420588616562
2.350299772252673	-0.0	-0.21192680383359785
2.351800602247726	-0.0	-0.21380796943730138
2.3533014322427785	-0.0	-0.21568552217718345
2.3548022622378313	-0.0	-0.217559428588175
2.356303092232884	-0.0	-0.21942965532093928
2.3578039222279368	-0.0	-0.22129616909608174
2.3593047522229895	-0.0	-0.22315893666290987
2.3608055822180427	-0.0	-0.2250179248803974
2.362306412213095	-0.0	-0.22687310067198643
2.363807242208148	-0.0	-0.2287244310185598
2.365308072203201	-0.0	-0.23057188299513212
2.3668089021982537	-0.0	-0.23241542373637808
2.3683097321933064	-0.0	-0.23425502045013252
2.369810562188359	-0.0	-0.23609064042190295
2.371311392183412	-0.0	-0.2379222510206025
2.3728122221784647	-0.0	-0.239749819695332
2.374313052173518	-0.0	-0.24157331395400156
2.3758138821685706	-0.0	-0.24339270140320263
2.377314712163623	-0.0	-0.24520794972002366
2.378815542158676	-0.0	-0.24701902664912845
2.380316372153729	-0.0	-0.2488259000320865
2.3818172021487816	-0.0	-0.2506285377901374
2.3833180321438343	-0.0	-0.25242690792189726
2.384818862138887	-0.0	-0.25422097850343317
2.3863196921339402	-0.0	-0.25601071771615097
2.3878205221289925	-0.0	-0.2577960938027808
2.3893213521240457	-0.0	-0.2595770750801748
2.3908221821190985	-0.0	-0.26135362998827777
2.3923230121141508	-0.0	-0.2631257270320945
2.393823842109204	-0.0	-0.2648933347858325
2.3953246721042567	-0.0	-0.2666564219327737
2.3968255020993094	-0.0	-0.2684149572599116
2.398326332094362	-0.0	-0.2701689096346493
2.399827162089415	-0.0	-0.2719182479834582
2.401327992084468	-0.0	-0.27366294134288277
2.4028288220795204	-0.0	-0.2754029588447461
2.4043296520745736	-0.0	-0.27713826972964967
2.4058304820696264	-0.0	-0.27886884330810063
2.407331312064679	-0.0	-0.2805946489538907
2.408832142059732	-0.0	-0.2823156561938266
2.4103329720547846	-0.0	-0.28403183463904547
2.4118338020498373	-0.0	-0.28574315397073774
2.41333463204489	-0.0	-0.28744958397528475
2.414835462039943	-0.0	-0.2891510945471068
2.416336292034996	-0.0	-0.290847655677419
2.4178371220300483	-0.0	-0.2925392374337407
2.4193379520251015	-0.0	-0.2942258099959207
2.4208387820201542	-0.0	-0.29590734367385374
2.422339612015207	-0.0	-0.2975838088343577
2.4238404420102597	-0.0	-0.2992551759553594
2.4253412720053125	-0.0	-0.30092141564394387
2.4268421020003657	-0.0	-0.30258249858475805
2.428342931995418	-0.0	-0.3042383955702288
2.429843761990471	-0.0	-0.305889077503448
2.431344591985524	-0.0	-0.30753451538589294
2.432845421980576	-0.0	-0.3091746803222344
2.4343462519756294	-0.0	-0.3108095435525526
2.435847081970682	-0.0	-0.3124390763830604
2.437347911965735	-0.0	-0.3140632502341124
2.4388487419607876	-0.0	-0.3156820366920608
2.4403495719558403	-0.0	-0.31729540737510353
2.4418504019508935	-0.0	-0.3189033340364779
2.443351231945946	-0.0	-0.3205057885756678
2.444852061940999	-0.0	-0.3221027429735654
2.4463528919360518	-0.0	-0.3236941693171783
2.447853721931104	-0.0	-0.3252800397974478
2.4493545519261573	-0.0	-0.32686032677697147
2.45085538192121	-0.0	-0.32843500268577425
2.452356211916263	-0.0	-0.33000404005626094
2.4538570419113155	-0.0	-0.33156741157610764
2.4553578719063682	-0.0	-0.33312509002013185
2.4568587019014214	-0.0	-0.33467704830887957
2.4583595318964737	-0.0	-0.336223259453404
2.459860361891527	-0.0	-0.3377636965854838
2.4613611918865796	-0.0	-0.33929833297641243
2.4628620218816324	-0.0	-0.34082714199457415
2.464362851876685	-0.0	-0.3423500971411365
2.465863681871738	-0.0	-0.3438671720438734
2.467364511866791	-0.0	-0.34537834044562515
2.4688653418618434	-0.0	-0.3468835762085521
2.470366171856896	-0.0	-0.3483828533289662
2.4718670018519493	-0.0	-0.34987614591395555
2.4733678318470016	-0.0	-0.3513634281934418
2.474868661842055	-0.0	-0.35284467453301493
2.4763694918371075	-0.0	-0.35431985942831107
2.4778703218321603	-0.0	-0.3557889574901807
2.479371151827213	-0.0	-0.35725194345264094
2.4808719818222658	-0.0	-0.3587087921888539
2.482372811817319	-0.0	-0.360159478704284
2.4838736418123712	-0.0	-0.3616039781233089
2.4853744718074244	-0.0	-0.36304226569646875
2.486875301802477	-0.0	-0.36447431680919506
2.4883761317975295	-0.0	-0.3659001069711587
2.4898769617925827	-0.0	-0.3673196118515553
2.4913777917876354	-0.0	-0.36873280722214535
2.492878621782688	-0.0	-0.3701396689716051
2.494379451777741	-0.0	-0.37154017317040183
2.4958802817727936	-0.0	-0.3729342960039583
2.497381111767847	-0.0	-0.37432201377657326
2.498881941762899	-0.0	-0.3757033029161561
2.5003827717579523	-0.0	-0.3770781400153191
2.501883601753005	-0.0	-0.3784465018135867
2.503384431748058	-0.0	-0.3798083651431358
2.5048852617431105	-0.0	-0.3811637070026956
2.5063860917381633	-0.0	-0.3825125045213373
2.5078869217332165	-0.0	-0.3838547349698293
2.509387751728269	-0.0	-0.3851903757550149
2.5108885817233215	-0.0	-0.38651940441570704
2.5123894117183747	-0.0	-0.38784179863622537
2.513890241713427	-0.0	-0.3891575362347083
2.51539107170848	-0.0	-0.3904665951901136
2.516891901703533	-0.0	-0.39176895358551755
2.5183927316985857	-0.0	-0.3930645896752458
2.5198935616936384	-0.0	-0.39435348185413777
2.521394391688691	-0.0	-0.3956356086482623
2.5228952216837444	-0.0	-0.39691094874018046
2.5243960516787967	-0.0	-0.3981794809386896
2.5258968816738494	-0.0	-0.39944118419739116
2.5273977116689026	-0.0	-0.4006960376191289
2.528898541663955	-0.0	-0.4019440204604646
2.530399371659008	-0.0	-0.4031851121070074
2.531900201654061	-0.0	-0.40441929210304056
2.5334010316491136	-0.0	-0.40564654013968565
2.5349018616441663	-0.0	-0.4068668360348925
2.536402691639219	-0.0	-0.4080801597557055
2.5379035216342722	-0.0	-0.40928649142984036
2.5394043516293245	-0.0	-0.41048581134250334
2.5409051816243777	-0.0	-0.4116780999007357
2.5424060116194305	-0.0	-0.4128633376621527
2.5439068416144828	-0.0	-0.41404150535177264
2.545407671609536	-0.0	-0.4152125838361259
2.5469085016045887	-0.0	-0.41637655412932095
2.5484093315996414	-0.0	-0.41753339737688083
2.549910161594694	-0.0	-0.4186830948833727
2.551410991589747	-0.0	-0.4198256281297914
2.5529118215848	-0.0	-0.42096097870938737
2.5544126515798524	-0.0	-0.42208912840164026
2.5559134815749056	-0.0	-0.4232100591197008
2.5574143115699584	-0.0	-0.42432375290521235
2.558915141565011	-0.0	-0.4254301919782434
2.560415971560064	-0.0	-0.42652935870481307
2.5619168015551166	-0.0	-0.42762123560746923
2.5634176315501698	-0.0	-0.42870580535341596
2.564918461545222	-0.0	-0.42978305077315465
2.566419291540275	-0.0	-0.43085295483799607
2.567920121535328	-0.0	-0.43191550066645923
2.5694209515303803	-0.0	-0.43297067153459057
2.5709217815254335	-0.0	-0.434018450881845
2.5724226115204862	-0.0	-0.43505882230309656
2.573923441515539	-0.0	-0.4360917695439783
2.5754242715105917	-0.0	-0.4371172764853106
2.5769251015056445	-0.0	-0.4381353271772772
2.5784259315006977	-0.0	-0.43914590584216207
2.57992676149575	-0.0	-0.4401489968055169
2.581427591490803	-0.0	-0.4411445845823407
2.582928421485856	-0.0	-0.4421326538620258
2.584429251480908	-0.0	-0.44311318945420947
2.5859300814759614	-0.0	-0.4440861763419976
2.587430911471014	-0.0	-0.4450515996560003
2.588931741466067	-0.0	-0.4460094446695602
2.5904325714611196	-0.0	-0.44695969683244796
2.5919334014561723	-0.0	-0.44790234175321914
2.5934342314512255	-0.0	-0.4488373651770223
2.594935061446278	-0.0	-0.449764753016039
2.596435891441331	-0.0	-0.45068449131693566
2.5979367214363838	-0.0	-0.4515965663042487
2.5994375514314365	-0.0	-0.4525009643730988
2.6009383814264893	-0.0	-0.4533976720449907
2.602439211421542	-0.0	-0.4542866760137148
2.6039400414165947	-0.0	-0.4551679631075459
2.6054408714116475	-0.0	-0.45604152032833883
2.6069417014067002	-0.0	-0.45690733485629936
2.6084425314017534	-0.0	-0.45776539398562727
2.6099433613968057	-0.0	-0.4586156851860254
2.611444191391859	-0.0	-0.4594581960791021
2.6129450213869116	-0.0	-0.4602929144486906
2.6144458513819644	-0.0	-0.46111982824739556
2.615946681377017	-0.0	-0.4619389255452184
2.61744751137207	-0.0	-0.4627501945894761
2.618948341367123	-0.0	-0.46355362380469
2.6204491713621754	-0.0	-0.46434920174879357
2.621950001357228	-0.0	-0.4651369171517467
2.6234508313522813	-0.0	-0.4659167588678594
2.6249516613473336	-0.0	-0.4666887159267229
2.626452491342387	-0.0	-0.46745277752181774
2.6279533213374395	-0.0	-0.46820893297992555
2.6294541513324923	-0.0	-0.4689571718222683
2.630954981327545	-0.0	-0.4696974836950101
2.6324558113225978	-0.0	-0.4704298584071685
2.633956641317651	-0.0	-0.47115428592784087
2.6354574713127032	-0.0	-0.4718707563739243
2.6369583013077564	-0.0	-0.4725792600206572
2.638459131302809	-0.0	-0.4732797873053548
2.639959961297862	-0.0	-0.47397232881102414
2.6414607912929147	-0.0	-0.47465687527442696
2.6429616212879674	-0.0	-0.47533341759410597
2.64446245128302	-0.0	-0.4760019468298672
2.645963281278073	-0.0	-0.4766624541915727
2.6474641112731256	-0.0	-0.4773149310360338
2.648964941268179	-0.0	-0.47795936887647966
2.650465771263231	-0.0	-0.47859575938048615
2.6519666012582843	-0.0	-0.47922409438184843
2.653467431253337	-0.0	-0.4798443658702619
2.65496826124839	-0.0	-0.48045656596561603
2.6564690912434425	-0.0	-0.48106068695779225
2.6579699212384953	-0.0	-0.48165672128987225
2.6594707512335485	-0.0	-0.4822446615475963
2.660971581228601	-0.0	-0.48282450049176406
2.6624724112236535	-0.0	-0.4833962310290517
2.6639732412187067	-0.0	-0.48395984619762417
2.665474071213759	-0.0	-0.4845153392044549
2.666974901208812	-0.0	-0.4850627034228847
2.668475731203865	-0.0	-0.48560193236258836
2.6699765611989177	-0.0	-0.48613301969550243
2.6714773911939704	-0.0	-0.48665595923182087
2.672978221189023	-0.0	-0.48717074494141027
2.6744790511840764	-0.0	-0.4876773709365001
2.6759798811791287	-0.0	-0.48817583149431876
2.6774807111741814	-0.0	-0.48866612105269197
2.6789815411692346	-0.0	-0.48914823417557096
2.6804823711642873	-0.0	-0.48962216558351
2.68198320115934	-0.0	-0.4900879101599908
2.683484031154393	-0.0	-0.4905454629379224
2.6849848611494456	-0.0	-0.4909948190969412
2.6864856911444983	-0.0	-0.49143597396496436
2.687986521139551	-0.0	-0.49186892300328405
2.6894873511346042	-0.0	-0.49229366184999007
2.6909881811296565	-0.0	-0.4927101862833159
2.6924890111247097	-0.0	-0.49311849222049214
2.6939898411197625	-0.0	-0.4935185757464851
2.695490671114815	-0.0	-0.49391043309272964
2.696991501109868	-0.0	-0.4942940606205218
2.6984923311049207	-0.0	-0.4946694548439877
2.6999931610999734	-0.0	-0.495036612432414
2.701493991095026	-0.0	-0.49539553022189836
2.702994821090079	-0.0	-0.4957462051619407
2.704495651085132	-0.0	-0.4960886343508022
2.7059964810801844	-0.0	-0.496422815072419
2.7074973110752376	-0.0	-0.4967487447260154
2.7089981410702904	-0.0	-0.4970664208639418
2.710498971065343	-0.0	-0.4973758411704071
2.711999801060396	-0.0	-0.4976770034936945
2.7135006310554486	-0.0	-0.49796990582060324
2.7150014610505018	-0.0	-0.4982545462944616
2.716502291045554	-0.0	-0.498530923205103
2.718003121040607	-0.0	-0.4987990349668962
2.71950395103566	-0.0	-0.49905888016164984
2.7210047810307127	-0.0	-0.4993104574835391
2.7225056110257655	-0.0	-0.4995537658012804
2.7240064410208182	-0.0	-0.499788804132611
2.725507271015871	-0.0	-0.5000155716137742
2.7270081010109237	-0.0	-0.5002340675425353
2.7285089310059765	-0.0	-0.5004442913387909
2.7300097610010297	-0.0	-0.5006462425839592
2.731510590996082	-0.0	-0.5008399210139535
2.7330114209911347	-0.0	-0.501025326485967
2.734512250986188	-0.0	-0.5012024590051409
2.7360130809812406	-0.0	-0.5013713187123956
2.7375139109762934	-0.0	-0.5015319059073624
2.739014740971346	-0.0	-0.5016842210232698
2.740515570966399	-0.0	-0.5018282646116305
2.7420164009614516	-0.0	-0.5019640374045644
2.7435172309565043	-0.0	-0.5020915402631282
2.7450180609515575	-0.0	-0.5022107741714342
2.7465188909466103	-0.0	-0.5023217402645753
2.748019720941663	-0.0	-0.502424439824742
2.7495205509367158	-0.0	-0.5025188742699405
2.7510213809317685	-0.0	-0.502605045146559
2.7525222109268213	-0.0	-0.5026829541537048
2.754023040921874	-0.0	-0.5027526031284467
2.7555238709169267	-0.0	-0.5028139940407846
2.7570247009119795	-0.0	-0.5028671290223514
2.7585255309070322	-0.0	-0.5029120103130779
2.7600263609020854	-0.0	-0.502948640280574
2.761527190897138	-0.0	-0.5029770214656962
2.763028020892191	-0.0	-0.5029971565490753
2.7645288508872436	-0.0	-0.5030090483258903
2.7660296808822964	-0.0	-0.5030126997226982
2.767530510877349	-0.0	-0.5030081138384521
2.769031340872402	-0.0	-0.5029952938821413
2.770532170867455	-0.0	-0.5029742431930231
2.7720330008625074	-0.0	-0.5029449652801624
2.77353383085756	-0.0	-0.5029074637505283
2.7750346608526133	-0.0	-0.5028617423644377
2.776535490847666	-0.0	-0.5028078050369984
2.778036320842719	-0.0	-0.5027456557885458
2.7795371508377715	-0.0	-0.5026752987717916
2.7810379808328243	-0.0	-0.502596738315432
2.782538810827877	-0.0	-0.502509978865855
2.7840396408229298	-0.0	-0.5024150249770443
2.785540470817983	-0.0	-0.502311881351153
2.7870413008130357	-0.0	-0.5022005528440894
2.7885421308080884	-0.0	-0.5020810444412158
2.790042960803141	-0.0	-0.5019533612539093
2.791543790798194	-0.0	-0.5018175085151602
2.7930446207932467	-0.0	-0.5016734916037613
2.7945454507882994	-0.0	-0.5015213160500781
2.796046280783352	-0.0	-0.5013609874983959
2.797547110778405	-0.0	-0.5011925117245996
2.7990479407734576	-0.0	-0.5010158946318832
2.800548770768511	-0.0	-0.500831142285259
2.8020496007635636	-0.0	-0.5006382608626232
2.8035504307586163	-0.0	-0.5004372566644469
2.805051260753669	-0.0	-0.5002281361587153
2.806552090748722	-0.0	-0.5000109059075082
2.8080529207437745	-0.0	-0.49978557261804246
2.8095537507388273	-0.0	-0.49955214314004565
2.81105458073388	-0.0	-0.49931062444471064
2.812555410728933	-0.0	-0.4990610236473683
2.8140562407239855	-0.0	-0.49880334798244785
2.8155570707190387	-0.0	-0.4985376048194547
2.8170579007140915	-0.0	-0.4982638016529841
2.818558730709144	-0.0	-0.49798194611940266
2.820059560704197	-0.0	-0.49769204599026406
2.8215603906992497	-0.0	-0.49739410915673804
2.8230612206943024	-0.0	-0.49708814364569937
2.824562050689355	-0.0	-0.4967741576036018
2.8260628806844084	-0.0	-0.49645215931611797
2.827563710679461	-0.0	-0.4961221572267439
2.8290645406745134	-0.0	-0.4957841598694829
2.8305653706695666	-0.0	-0.4954381759135253
2.8320662006646193	-0.0	-0.49508421418292614
2.833567030659672	-0.0	-0.49472228362472215
2.835067860654725	-0.0	-0.4943523932894764
2.8365686906497776	-0.0	-0.4939745523737026
2.8380695206448303	-0.0	-0.49358877022260217
2.839570350639883	-0.0	-0.49319505628656735
2.8410711806349362	-0.0	-0.49279342015498745
2.842572010629989	-0.0	-0.492383871561427
2.8440728406250417	-0.0	-0.4919664203368742
2.8455736706200945	-0.0	-0.49154107646511036
2.847074500615147	-0.0	-0.49110785005977814
2.8485753306102	-0.0	-0.4906667513452221
2.8500761606052527	-0.0	-0.49021779068692906
2.8515769906003055	-0.0	-0.48976097858720075
2.853077820595358	-0.0	-0.4892963256736137
2.854578650590411	-0.0	-0.48882384269273144
2.856079480585464	-0.0	-0.48834354051798284
2.857580310580517	-0.0	-0.4878554301741476
2.8590811405755696	-0.0	-0.48735952279463596
2.8605819705706224	-0.0	-0.4868558296426454
2.862082800565675	-0.0	-0.4863443621272872
2.863583630560728	-0.0	-0.48582513176334424
2.8650844605557806	-0.0	-0.48529815020862804
2.8665852905508338	-0.0	-0.4847634292424523
2.8680861205458865	-0.0	-0.4842209807732523
2.869586950540939	-0.0	-0.4836708168410259
2.871087780535992	-0.0	-0.48311294961733364
2.8725886105310448	-0.0	-0.4825473913966807
2.8740894405260975	-0.0	-0.4819741546080568
2.8755902705211502	-0.0	-0.4813932517856799
2.877091100516203	-0.0	-0.480804695621221
2.8785919305112557	-0.0	-0.4802084989236003
2.8800927605063085	-0.0	-0.4796046746202808
2.8815935905013617	-0.0	-0.47899323578904085
2.8830944204964144	-0.0	-0.47837419561000155
2.8845952504914667	-0.0	-0.47774756740165236
2.88609608048652	-0.0	-0.4771133646197043
2.8875969104815726	-0.0	-0.4764716008315321
2.8890977404766254	-0.0	-0.4758222897304142
2.890598570471678	-0.0	-0.47516544516752623
2.892099400466731	-0.0	-0.4745010810986431
2.893600230461784	-0.0	-0.4738292115948651
2.8951010604568364	-0.0	-0.47314985086469896
2.8966018904518895	-0.0	-0.4724630132611597
2.8981027204469423	-0.0	-0.4717687132556944
2.899603550441995	-0.0	-0.471066965431525
2.9011043804370478	-0.0	-0.47035778452189225
2.9026052104321005	-0.0	-0.4696411853710722
2.9041060404271533	-0.0	-0.4689171829460263
2.905606870422206	-0.0	-0.4681857923631435
2.9071077004172587	-0.0	-0.4674470288525478
2.908608530412312	-0.0	-0.46670090777026657
2.9101093604073642	-0.0	-0.4659474446027804
2.9116101904024174	-0.0	-0.4651866549594037
2.91311102039747	-0.0	-0.4644185545753172
2.914611850392523	-0.0	-0.4636431593211852
2.9161126803875757	-0.0	-0.4628604851895439
2.9176135103826284	-0.0	-0.46207054829894423
2.919114340377681	-0.0	-0.4612733649017558
2.920615170372734	-0.0	-0.460468951367745
2.922116000367787	-0.0	-0.45965732417952543
2.92361683036284	-0.0	-0.4588384999728737
2.925117660357892	-0.0	-0.45801249551376044
2.9266184903529453	-0.0	-0.4571793276642857
2.928119320347998	-0.0	-0.45633901343760397
2.929620150343051	-0.0	-0.4554915699648215
2.9311209803381035	-0.0	-0.45463701449973
2.9326218103331563	-0.0	-0.4537753644218401
2.9341226403282095	-0.0	-0.4529066372498074
2.9356234703232618	-0.0	-0.4520308506103263
2.937124300318315	-0.0	-0.451148022261506
2.9386251303133677	-0.0	-0.45025817010940355
2.94012596030842	-0.0	-0.4493613121557613
2.941626790303473	-0.0	-0.44845746653680624
2.943127620298526	-0.0	-0.4475466515098236
2.9446284502935787	-0.0	-0.4466288854676189
2.9461292802886314	-0.0	-0.44570418693230424
2.947630110283684	-0.0	-0.4447725745322921
2.9491309402787373	-0.0	-0.4438340670272247
2.9506317702737896	-0.0	-0.442888683328539
2.952132600268843	-0.0	-0.441936442454823
2.9536334302638956	-0.0	-0.44097736352046096
2.9551342602589483	-0.0	-0.44001146578615774
2.956635090254001	-0.0	-0.43903876865498087
2.958135920249054	-0.0	-0.43805929164192053
2.9596367502441066	-0.0	-0.4370730543803991
2.9611375802391593	-0.0	-0.43608007663240583
2.962638410234212	-0.0	-0.4350803782738866
2.9641392402292652	-0.0	-0.43407397932115305
2.9656400702243175	-0.0	-0.4330608999068221
2.9671409002193707	-0.0	-0.43204116028590084
2.9686417302144235	-0.0	-0.43101478083454686
2.970142560209476	-0.0	-0.42998178205718873
2.971643390204529	-0.0	-0.4289421845834005
2.9731442201995817	-0.0	-0.427896009156269
2.974645050194635	-0.0	-0.4268432766495378
2.976145880189687	-0.0	-0.42578400805288585
2.9776467101847404	-0.0	-0.42471822447287116
2.979147540179793	-0.0	-0.4236459471612439
2.9806483701748454	-0.0	-0.42256719749046123
2.9821492001698986	-0.0	-0.421481996917995
2.9836500301649513	-0.0	-0.4203903670493203
2.985150860160004	-0.0	-0.4192923296199584
2.986651690155057	-0.0	-0.4181879064701407
2.9881525201501096	-0.0	-0.4170771195667975
2.9896533501451628	-0.0	-0.41595999099327546
2.991154180140215	-0.0	-0.4148365429664073
2.9926550101352682	-0.0	-0.41370679779946934
2.994155840130321	-0.0	-0.4125707779436621
2.9956566701253737	-0.0	-0.4114285059741481
2.9971575001204265	-0.0	-0.4102800045610723
2.998658330115479	-0.0	-0.4091252965313674
3.000159160110532	-0.0	-0.40796749091697393
