0.0	-0.0	0.0030016827217106508
0.0015008299950527925	-0.0	0.00600322946262683
0.003001659990105585	-0.0	0.00900470808961495
0.004502489985158378	-0.0	0.012006023060566789
0.00600331998021117	-0.0	0.015007119236394504
0.0075041499752639615	-0.0	0.01800794096022658
0.009004979970316756	-0.0	0.021008432244172193
0.010505809965369548	-0.0	0.024008536431234264
0.01200663996042234	-0.0	0.02700819556611017
0.01350746995547513	-0.0	0.030007350535353017
0.015008299950527923	-0.0	0.03300594151938179
0.016509129945580715	-0.0	0.03600390797256359
0.01800995994063351	-0.0	0.039001187563551164
0.019510789935686303	-0.0	0.04199771544775782
0.021011619930739096	-0.0	0.044993423712692375
0.022512449925791888	-0.0	0.04798824334821922
0.02401327992084468	-0.0	0.05098210974800199
0.02551410991589747	-0.0	0.053974962566517896
0.02701493991095026	-0.0	0.05696674214115277
0.028515769906003054	-0.0	0.05995738885304587
0.030016599901055846	-0.0	0.06294684310200681
0.03151742989610864	-0.0	0.06593504530994605
0.03301825989116143	-0.0	0.06892193592514656
0.03451908988621422	-0.0	0.0719074554286722
0.03601991988126702	-0.0	0.0748915443337422
0.037520749876319814	-0.0	0.07787414318356377
0.03902157987137261	-0.0	0.08085519255464411
0.0405224098664254	-0.0	0.0838346330630399
0.04202323986147819	-0.0	0.08681240536416399
0.043524069856530984	-0.0	0.08978845014909471
0.045024899851583776	-0.0	0.09276270814700313
0.04652572984663657	-0.0	0.09573512012700312
0.04802655984168936	-0.0	0.09870562689690941
0.04952738983674215	-0.0	0.10167416930379816
0.05102821983179494	-0.0	0.10464068823766066
0.05252904982684774	-0.0	0.10760512463419271
0.05402987982190052	-0.0	0.11056741947585777
0.05553070981695332	-0.0	0.11352751379219553
0.05703153981200611	-0.0	0.11648534866038644
0.05853236980705891	-0.0	0.11944086520504936
0.06003319980211169	-0.0	0.12239400459675426
0.06153402979716449	-0.0	0.12534470805404666
0.06303485979221728	-0.0	0.12829291684699434
0.06453568978727008	-0.0	0.13123857229858452
0.06603651978232286	-0.0	0.13418161578548965
0.06753734977737566	-0.0	0.13712198873794756
0.06903817977242845	-0.0	0.1400596326405933
0.07053900976748124	-0.0	0.14299448903442727
0.07203983976253404	-0.0	0.14592649951831158
0.07354066975758683	-0.0	0.14885560575011683
0.07504149975263963	-0.0	0.1517817494483388
0.07654232974769241	-0.0	0.15470487239349584
0.07804315974274521	-0.0	0.15762491642889734
0.079543989737798	-0.0	0.16054182346182638
0.0810448197328508	-0.0	0.16345553546430303
0.08254564972790358	-0.0	0.16636599447492212
0.08404647972295638	-0.0	0.16927314259994414
0.08554730971800917	-0.0	0.1721769220137761
0.08704813971306197	-0.0	0.1750772749610069
0.08854896970811475	-0.0	0.17797414375805634
0.09004979970316755	-0.0	0.1808674707931687
0.09155062969822034	-0.0	0.18375719852834368
0.09305145969327314	-0.0	0.18664326950035598
0.09455228968832592	-0.0	0.18952562632155787
0.09605311968337872	-0.0	0.19240421168185756
0.0975539496784315	-0.0	0.19527896834974387
0.0990547796734843	-0.0	0.19814983917376147
0.10055560966853709	-0.0	0.20101676708334046
0.10205643966358988	-0.0	0.2038796950893082
0.10355726965864268	-0.0	0.206738566285967
0.10505809965369547	-0.0	0.20959332385308574
0.10655892964874826	-0.0	0.21244391105622967
0.10805975964380105	-0.0	0.21529027124781874
0.10956058963885383	-0.0	0.218132347869011
0.11106141963390664	-0.0	0.22097008445018226
0.11256224962895943	-0.0	0.22380342461233507
0.11406307962401221	-0.0	0.22663231206966467
0.115563909619065	-0.0	0.2294566906293787
0.11706473961411781	-0.0	0.2322765041931224
0.1185655696091706	-0.0	0.23509169675917813
0.12006639960422338	-0.0	0.23790221242217
0.1215672295992762	-0.0	0.24070799537508783
0.12306805959432898	-0.0	0.2435089899107487
0.12456888958938177	-0.0	0.2463051404232984
0.12606971958443455	-0.0	0.24909639140868528
0.12757054957948735	-0.0	0.2518826874660045
0.12907137957454015	-0.0	0.25466397329940693
0.13057220956959295	-0.0	0.2574401937186482
0.13207303956464572	-0.0	0.26021129364064094
0.13357386955969852	-0.0	0.2629772180902154
0.13507469955475132	-0.0	0.26573791220212123
0.1365755295498041	-0.0	0.26849332122271863
0.1380763595448569	-0.0	0.2712433905098373
0.1395771895399097	-0.0	0.2739880655344638
0.1410780195349625	-0.0	0.2767272918829161
0.14257884953001526	-0.0	0.2794610152564743
0.1440796795250681	-0.0	0.28218918147345246
0.14558050952012086	-0.0	0.28491173647104984
0.14708133951517366	-0.0	0.2876286263054909
0.14858216951022643	-0.0	0.2903397971543095
0.15008299950527926	-0.0	0.29304519531692513
0.15158382950033203	-0.0	0.29574476721558773
0.15308465949538483	-0.0	0.298438459398111
0.1545854894904376	-0.0	0.30112621853701355
0.15608631948549043	-0.0	0.30380799143192466
0.1575871494805432	-0.0	0.30648372501137283
0.159087979475596	-0.0	0.3091533663322258
0.16058880947064877	-0.0	0.31181686258218444
0.1620896394657016	-0.0	0.31447416108171566
0.16359046946075437	-0.0	0.3171252092843238
0.16509129945580717	-0.0	0.3197699547771101
0.16659212945085994	-0.0	0.32240834528271467
0.16809295944591277	-0.0	0.3250403286613585
0.16959378944096554	-0.0	0.32766585291073996
0.17109461943601834	-0.0	0.33028486616757036
0.17259544943107114	-0.0	0.3328973167088227
0.17409627942612393	-0.0	0.3355031529540895
0.1755971094211767	-0.0	0.33810232346584823
0.1770979394162295	-0.0	0.3406947769489291
0.1785987694112823	-0.0	0.34328046225638637
0.1800995994063351	-0.0	0.34585932838630473
0.18160042940138788	-0.0	0.34843132448251146
0.18310125939644067	-0.0	0.35099639984015457
0.18460208939149347	-0.0	0.35355450390342313
0.18610291938654627	-0.0	0.3561055862669347
0.18760374938159904	-0.0	0.3586495966797367
0.18910457937665184	-0.0	0.3611864850436765
0.19060540937170464	-0.0	0.36371620141560934
0.19210623936675744	-0.0	0.3662386960080062
0.1936070693618102	-0.0	0.36875391919050016
0.195107899356863	-0.0	0.37126182149191417
0.1966087293519158	-0.0	0.3737623535995716
0.1981095593469686	-0.0	0.3762554663621749
0.19961038934202138	-0.0	0.37874111079112494
0.20111121933707418	-0.0	0.381219238059576
0.20261204933212695	-0.0	0.3836897995048075
0.20411287932717975	-0.0	0.38615274663119203
0.20561370932223258	-0.0	0.3886080311077749
0.20711453931728535	-0.0	0.39105560477160356
0.20861536931233815	-0.0	0.39349541962910234
0.21011619930739095	-0.0	0.3959274278573697
0.21161702930244372	-0.0	0.39835158180277735
0.21311785929749652	-0.0	0.40076783398316157
0.2146186892925493	-0.0	0.4031761370924282
0.2161195192876021	-0.0	0.40557644399639625
0.21762034928265492	-0.0	0.40796870773611726
0.21912117927770766	-0.0	0.4103528815310751
0.2206220092727605	-0.0	0.412728918776127
0.2221228392678133	-0.0	0.41509677304605364
0.22362366926286606	-0.0	0.4174563980965295
0.22512449925791886	-0.0	0.4198077478626183
0.22662532925297169	-0.0	0.42215077646383764
0.22812615924802443	-0.0	0.4244854382038425
0.22962698924307726	-0.0	0.4268116875698635
0.23112781923813	-0.0	0.42912947923466
0.23262864923318283	-0.0	0.4314387680594263
0.23412947922823563	-0.0	0.43373950909246684
0.2356303092232884	-0.0	0.43603165757007667
0.2371311392183412	-0.0	0.4383151689215261
0.238631969213394	-0.0	0.44058999876530586
0.24013279920844677	-0.0	0.44285610291092137
0.2416336292034996	-0.0	0.44511343736379116
0.2431344591985524	-0.0	0.44736195832316605
0.24463528919360517	-0.0	0.4496016221806941
0.24613611918865796	-0.0	0.4518323855256561
0.24763694918371074	-0.0	0.45405420514657474
0.24913777917876354	-0.0	0.45626703802830193
0.25063860917381636	-0.0	0.4584708413561288
0.2521394391688691	-0.0	0.460665572513992
0.2536402691639219	-0.0	0.46285118908803585
0.2551410991589747	-0.0	0.4650276488684434
0.2566419291540275	-0.0	0.4671949098463848
0.2581427591490803	-0.0	0.4693529302173647
0.25964358914413305	-0.0	0.4715016683824428
0.2611444191391859	-0.0	0.4736410829502891
0.2626452491342387	-0.0	0.4757711327357897
0.26414607912929144	-0.0	0.47789177676202577
0.26564690912434424	-0.0	0.4800029742628995
0.26714773911939704	-0.0	0.4821046846776371
0.26864856911444984	-0.0	0.4841968676596701
0.27014939910950264	-0.0	0.486279483076395
0.27165022910455544	-0.0	0.4883524910045593
0.2731510590996082	-0.0	0.49041585173450086
0.27465188909466104	-0.0	0.49246952577229325
0.2761527190897138	-0.0	0.4945134738406013
0.2776535490847666	-0.0	0.49654765687591584
0.2791543790798194	-0.0	0.49857203603414857
0.2806552090748722	-0.0	0.500586572690405
0.282156039069925	-0.0	0.5025912284372416
0.2836568690649778	-0.0	0.5045859650859931
0.2851576990600305	-0.0	0.5065707446694995
0.2866585290550834	-0.0	0.5085455294426293
0.2881593590501362	-0.0	0.5105102818828522
0.2896601890451889	-0.0	0.5124649646891807
0.2911610190402417	-0.0	0.5144095407874405
0.2926618490352945	-0.0	0.516343973326392
0.2941626790303473	-0.0	0.5182682256796252
0.2956635090254001	-0.0	0.5201822614487316
0.29716433902045286	-0.0	0.522086044460484
0.2986651690155057	-0.0	0.5239795387734852
0.3001659990105585	-0.0	0.5258627086724946
0.30166682900561126	-0.0	0.5277355186727233
0.30316765900066406	-0.0	0.5295979335193862
0.30466848899571686	-0.0	0.5314499181854176
0.30616931899076966	-0.0	0.5332914378787117
0.30767014898582246	-0.0	0.535122458040624
0.3091709789808752	-0.0	0.5369429443444879
0.31067180897592805	-0.0	0.5387528626961833
0.31217263897098085	-0.0	0.5405521792374047
0.3136734689660336	-0.0	0.5423408603444416
0.3151742989610864	-0.0	0.5441188726289913
0.3166751289561392	-0.0	0.5458861829409427
0.318175958951192	-0.0	0.5476427583660087
0.3196767889462448	-0.0	0.549388566227729
0.32117761894129754	-0.0	0.5511235740902014
0.3226784489363504	-0.0	0.5528477497543005
0.3241792789314032	-0.0	0.5545610612613072
0.32568010892645594	-0.0	0.5562634768938743
0.32718093892150873	-0.0	0.5579549651737065
0.32868176891656153	-0.0	0.5596354948653737
0.33018259891161433	-0.0	0.5613050349746612
0.33168342890666713	-0.0	0.5629635547509829
0.3331842589017199	-0.0	0.5646110236868448
0.3346850888967727	-0.0	0.5662474115175584
0.33618591889182553	-0.0	0.5678726882230533
0.3376867488868783	-0.0	0.5694868240298003
0.3391875788819311	-0.0	0.5710897894048103
0.3406884088769839	-0.0	0.5726815550655421
0.34218923887203667	-0.0	0.574262091977152
0.34369006886708947	-0.0	0.5758313713435559
0.34519089886214227	-0.0	0.5773893646225624
0.346691728857195	-0.0	0.5789360435228397
0.34819255885224787	-0.0	0.5804713799968785
0.3496933888473006	-0.0	0.5819953462427399
0.3511942188423534	-0.0	0.583507914712678
0.3526950488374062	-0.0	0.5850090581075409
0.354195878832459	-0.0	0.5864987493763407
0.3556967088275118	-0.0	0.5879769617185053
0.3571975388225646	-0.0	0.5894436685860882
0.35869836881761735	-0.0	0.5908988436855344
0.3601991988126702	-0.0	0.5923424609675604
0.361700028807723	-0.0	0.5937744946395441
0.36320085880277575	-0.0	0.5951949191602645
0.36470168879782855	-0.0	0.5966037092395166
0.36620251879288135	-0.0	0.5980008398417047
0.36770334878793415	-0.0	0.5993862861840947
0.36920417878298695	-0.0	0.6007600237390236
0.3707050087780397	-0.0	0.6021220282272886
0.37220583877309255	-0.0	0.6034722756306804
0.37370666876814534	-0.0	0.6048107421870279
0.3752074987631981	-0.0	0.6061374043808212
0.3767083287582509	-0.0	0.6074522389536097
0.3782091587533037	-0.0	0.6087552229048809
0.3797099887483565	-0.0	0.6100463334914591
0.3812108187434093	-0.0	0.6113255482219387
0.38271164873846203	-0.0	0.6125928448629632
0.3842124787335149	-0.0	0.6138482014397333
0.3857133087285677	-0.0	0.6150915962276389
0.3872141387236204	-0.0	0.6163230077622546
0.38871496871867317	-0.0	0.6175424148386834
0.390215798713726	-0.0	0.6187497965047511
0.3917166287087788	-0.0	0.6199451320695132
0.3932174587038316	-0.0	0.6211284010982706
0.3947182886988844	-0.0	0.6222995834077991
0.3962191186939372	-0.0	0.6234586590807455
0.39771994868898997	-0.0	0.6246056084575009
0.39922077868404277	-0.0	0.6257404121300412
0.40072160867909556	-0.0	0.6268630509527097
0.40222243867414836	-0.0	0.6279735060381019
0.4037232686692012	-0.0	0.6290717587560114
0.4052240986642539	-0.0	0.6301577907371655
0.4067249286593067	-0.0	0.6312315838678901
0.4082257586543595	-0.0	0.6322931202931333
0.40972658864941236	-0.0	0.6333423824181664
0.41122741864446516	-0.0	0.6343793529082519
0.41272824863951796	-0.0	0.6354040146816331
0.4142290786345707	-0.0	0.6364163509171181
0.4157299086296235	-0.0	0.6374163450639724
0.4172307386246763	-0.0	0.6384039808160842
0.4187315686197291	-0.0	0.639379242127314
0.4202323986147819	-0.0	0.6403421132188176
0.42173322860983464	-0.0	0.6412925785617738
0.42323405860488744	-0.0	0.6422306228930755
0.42473488859994024	-0.0	0.6431562312033926
0.42623571859499304	-0.0	0.6440693887462334
0.42773654859004584	-0.0	0.6449700810329705
0.4292373785850986	-0.0	0.6458582938309074
0.4307382085801514	-0.0	0.6467340131713332
0.4322390385752042	-0.0	0.6475972253426886
0.43373986857025704	-0.0	0.6484479168843524
0.43524069856530984	-0.0	0.6492860746016494
0.43674152856036264	-0.0	0.6501116855630383
0.4382423585554153	-0.0	0.6509247370819152
0.4397431885504682	-0.0	0.6517252167396281
0.441244018545521	-0.0	0.6525131123766003
0.4427448485405738	-0.0	0.6532884120839434
0.4442456785356266	-0.0	0.6540511042165231
0.4457465085306793	-0.0	0.6548011773898987
0.4472473385257321	-0.0	0.6555386204697353
0.4487481685207849	-0.0	0.6562634225771944
0.4502489985158377	-0.0	0.6569755731002064
0.4517498285108905	-0.0	0.6576750616810147
0.45325065850594337	-0.0	0.6583618782205126
0.45475148850099606	-0.0	0.6590360128741747
0.45625231849604886	-0.0	0.6596974560508547
0.45775314849110166	-0.0	0.6603461984204144
0.4592539784861545	-0.0	0.6609822309060481
0.4607548084812073	-0.0	0.6616055446908211
0.46225563847626	-0.0	0.6622161312142752
0.46375646847131285	-0.0	0.6628139821709774
0.46525729846636565	-0.0	0.6633990895088093
0.46675812846141845	-0.0	0.6639714454347554
0.46825895845647125	-0.0	0.6645310424044637
0.46975978845152405	-0.0	0.6650778731345527
0.4712606184465768	-0.0	0.6656119306014654
0.4727614484416296	-0.0	0.6661332080239741
0.4742622784366824	-0.0	0.6666416988849289
0.4757631084317352	-0.0	0.6671373969180066
0.477263938426788	-0.0	0.6676202961082665
0.47876476842184074	-0.0	0.6680903906979563
0.48026559841689354	-0.0	0.6685476751815844
0.48176642841194633	-0.0	0.6689921443101822
0.4832672584069992	-0.0	0.6694237930812623
0.484768088402052	-0.0	0.6698426167465209
0.4862689183971048	-0.0	0.6702486108148153
0.4877697483921575	-0.0	0.6706417710450072
0.48927057838721033	-0.0	0.6710220934478209
0.49077140838226313	-0.0	0.6713895742845674
0.49227223837731593	-0.0	0.6717442100640282
0.49377306837236873	-0.0	0.6720859975533297
0.4952738983674215	-0.0	0.6724149337683726
0.49677472836247427	-0.0	0.6727310159750246
0.49827555835752707	-0.0	0.6730342416861618
0.49977638835257987	-0.0	0.6733246086666618
0.5012772183476327	-0.0	0.6736021149375923
0.5027780483426855	-0.0	0.6738667587582817
0.5042788783377382	-0.0	0.6741185386390709
0.5057797083327911	-0.0	0.6743574533498471
0.5072805383278438	-0.0	0.6745835018917495
0.5087813683228967	-0.0	0.6747966835251498
0.5102821983179494	-0.0	0.6749969977652782
0.5117830283130022	-0.0	0.6751844443567953
0.513283858308055	-0.0	0.6753590233020034
0.5147846883031078	-0.0	0.6755207348492885
0.5162855182981606	-0.0	0.675669579489477
0.5177863482932135	-0.0	0.6758055579618089
0.5192871782882661	-0.0	0.6759286712540211
0.520788008283319	-0.0	0.676038920598834
0.5222888382783718	-0.0	0.6761363074732478
0.5237896682734245	-0.0	0.67622083359491
0.5252904982684774	-0.0	0.6762925009306763
0.5267913282635301	-0.0	0.6763513116897785
0.5282921582585829	-0.0	0.6763972683216136
0.5297929882536357	-0.0	0.6764303735229295
0.5312938182486885	-0.0	0.6764506302367883
0.5327946482437413	-0.0	0.676458041651069
0.5342954782387941	-0.0	0.6764526111846715
0.5357963082338468	-0.0	0.6764343425025879
0.5372971382288997	-0.0	0.6764032395154321
0.5387979682239524	-0.0	0.6763593063737615
0.5402987982190053	-0.0	0.6763025474700742
0.5417996282140581	-0.0	0.6762329674353238
0.5433004582091109	-0.0	0.6761505711366068
0.5448012882041636	-0.0	0.6760553636907743
0.5463021181992164	-0.0	0.6759473504508118
0.5478029481942692	-0.0	0.6758265370034895
0.5493037781893221	-0.0	0.6756929291791651
0.5508046081843748	-0.0	0.6755465330470024
0.5523054381794276	-0.0	0.6753873549168119
0.5538062681744804	-0.0	0.6752154013295537
0.5553070981695332	-0.0	0.6750306790699233
0.556807928164586	-0.0	0.6748331951538399
0.5583087581596388	-0.0	0.6746229568357239
0.5598095881546916	-0.0	0.6743999716128987
0.5613104181497444	-0.0	0.674164247209667
0.5628112481447971	-0.0	0.673915791594187
0.56431207813985	-0.0	0.6736546129647033
0.5658129081349027	-0.0	0.6733807197559369
0.5673137381299556	-0.0	0.6730941206403979
0.5688145681250083	-0.0	0.6727948245135815
0.570315398120061	-0.0	0.672482840516854
0.5718162281151139	-0.0	0.6721581780267446
0.5733170581101668	-0.0	0.6718208466457545
0.5748178881052195	-0.0	0.6714708562086816
0.5763187181002724	-0.0	0.6711082167871697
0.5778195480953251	-0.0	0.6707329386860842
0.5793203780903778	-0.0	0.6703450324344682
0.5808212080854307	-0.0	0.6699445088005411
0.5823220380804834	-0.0	0.6695313787876117
0.5838228680755363	-0.0	0.6691056536233515
0.585323698070589	-0.0	0.6686673447561519
0.5868245280656418	-0.0	0.6682164638812921
0.5883253580606946	-0.0	0.6677530229174158
0.5898261880557474	-0.0	0.6672770340079734
0.5913270180508002	-0.0	0.6667885095411766
0.592827848045853	-0.0	0.666287462112734
0.5943286780409057	-0.0	0.6657739045637627
0.5958295080359586	-0.0	0.6652478499556372
0.5973303380310114	-0.0	0.6647093115722087
0.5988311680260642	-0.0	0.6641583029400366
0.600331998021117	-0.0	0.6635948378043661
0.6018328280161698	-0.0	0.6630189301326784
0.6033336580112225	-0.0	0.6624305941203871
0.6048344880062754	-0.0	0.6618298441974028
0.6063353180013281	-0.0	0.6612166950119519
0.607836147996381	-0.0	0.6605911614435035
0.6093369779914337	-0.0	0.6599532585921721
0.6108378079864865	-0.0	0.6593030017746683
0.6123386379815393	-0.0	0.6586404065469155
0.6138394679765921	-0.0	0.6579654886845214
0.6153402979716449	-0.0	0.6572782641830368
0.6168411279666978	-0.0	0.656578749264243
0.6183419579617504	-0.0	0.6558669603753757
0.6198427879568033	-0.0	0.6551429141765304
0.6213436179518561	-0.0	0.6544066275547732
0.6228444479469089	-0.0	0.6536581176267482
0.6243452779419617	-0.0	0.6528974017311879
0.6258461079370145	-0.0	0.6521244974207944
0.6273469379320672	-0.0	0.6513394224645139
0.62884776792712	-0.0	0.6505421948593176
0.6303485979221728	-0.0	0.6497328328294243
0.6318494279172256	-0.0	0.6489113548124309
0.6333502579122784	-0.0	0.6480777794512858
0.6348510879073311	-0.0	0.6472321256336799
0.636351917902384	-0.0	0.6463744124614409
0.6378527478974367	-0.0	0.6455046592405638
0.6393535778924896	-0.0	0.6446228855049206
0.6408544078875424	-0.0	0.6437291110098244
0.6423552378825951	-0.0	0.6428233557194352
0.6438560678776479	-0.0	0.6419056398213878
0.6453568978727008	-0.0	0.6409759837249067
0.6468577278677535	-0.0	0.6400344080489134
0.6483585578628064	-0.0	0.6390809336265212
0.6498593878578591	-0.0	0.6381155815108788
0.6513602178529119	-0.0	0.637138372983511
0.6528610478479647	-0.0	0.6361493295153526
0.6543618778430175	-0.0	0.6351484728088033
0.6558627078380703	-0.0	0.6341358247943611
0.6573635378331231	-0.0	0.6331114075839451
0.6588643678281758	-0.0	0.6320752435214015
0.6603651978232287	-0.0	0.6310273551828727
0.6618660278182814	-0.0	0.6299677653315259
0.6633668578133343	-0.0	0.6288964969477898
0.6648676878083871	-0.0	0.6278135732341814
0.6663685178034398	-0.0	0.6267190176031555
0.6678693477984926	-0.0	0.6256128536711318
0.6693701777935454	-0.0	0.6244951052722353
0.6708710077885982	-0.0	0.6233657964638624
0.6723718377836511	-0.0	0.6222249514941333
0.6738726677787038	-0.0	0.6210725948322204
0.6753734977737565	-0.0	0.6199087511610444
0.6768743277688094	-0.0	0.6187334453708003
0.6783751577638621	-0.0	0.6175467025575715
0.679875987758915	-0.0	0.6163485480302642
0.6813768177539677	-0.0	0.6151390073126973
0.6828776477490205	-0.0	0.6139181061311012
0.6843784777440733	-0.0	0.6126858704095309
0.6858793077391261	-0.0	0.6114423262976988
0.6873801377341789	-0.0	0.6101875001501329
0.6888809677292317	-0.0	0.6089214185167815
0.6903817977242845	-0.0	0.6076441081787802
0.6918826277193373	-0.0	0.6063555960953385
0.69338345771439	-0.0	0.605055909443944
0.6948842877094429	-0.0	0.6037450756223978
0.6963851177044957	-0.0	0.6024231222100138
0.6978859476995485	-0.0	0.6010900770014447
0.6993867776946012	-0.0	0.5997459680001712
0.7008876076896541	-0.0	0.5983908234105136
0.7023884376847068	-0.0	0.5970246716418107
0.7038892676797597	-0.0	0.5956475413052947
0.7053900976748124	-0.0	0.5942594612148678
0.7068909276698653	-0.0	0.5928604603893773
0.708391757664918	-0.0	0.5914505680518938
0.7098925876599708	-0.0	0.590029813622647
0.7113934176550236	-0.0	0.5885982267271996
0.7128942476500764	-0.0	0.5871558371927121
0.7143950776451292	-0.0	0.5857026750440956
0.715895907640182	-0.0	0.5842387705103922
0.7173967376352347	-0.0	0.582764154015769
0.7188975676302876	-0.0	0.5812788561818663
0.7203983976253404	-0.0	0.5797829078384686
0.7218992276203932	-0.0	0.5782763400183266
0.723400057615446	-0.0	0.576759183933966
0.7249008876104988	-0.0	0.5752314710090524
0.7264017176055515	-0.0	0.5736932328627464
0.7279025476006044	-0.0	0.572144501304229
0.7294033775956571	-0.0	0.5705853083539322
0.73090420759071	-0.0	0.56901568620805
0.7324050375857627	-0.0	0.5674356672755256
0.7339058675808154	-0.0	0.5658452841567468
0.7354066975758683	-0.0	0.5642445696353903
0.736907527570921	-0.0	0.5626335567019081
0.7384083575659739	-0.0	0.5610122785413596
0.7399091875610266	-0.0	0.5593807685264944
0.7414100175560794	-0.0	0.5577390602129625
0.7429108475511322	-0.0	0.5560871873649466
0.7444116775461851	-0.0	0.5544251839295115
0.7459125075412378	-0.0	0.5527530840472191
0.7474133375362907	-0.0	0.5510709220546995
0.7489141675313434	-0.0	0.5493787324707989
0.7504149975263962	-0.0	0.5476765500053273
0.751915827521449	-0.0	0.5459644095597611
0.7534166575165018	-0.0	0.5442423462179411
0.7549174875115546	-0.0	0.5425103952567614
0.7564183175066074	-0.0	0.5407685921382175
0.7579191475016601	-0.0	0.5390169725132896
0.759419977496713	-0.0	0.5372555722235707
0.7609208074917657	-0.0	0.5354844272816255
0.7624216374868186	-0.0	0.5337035739001186
0.7639224674818714	-0.0	0.5319130484654607
0.7654232974769241	-0.0	0.5301128875531586
0.7669241274719769	-0.0	0.5283031279266309
0.7684249574670298	-0.0	0.526483806520602
0.7699257874620825	-0.0	0.524654960462313
0.7714266174571354	-0.0	0.522816627049256
0.772927447452188	-0.0	0.5209688437687036
0.7744282774472409	-0.0	0.5191116482857983
0.7759291074422937	-0.0	0.5172450784449033
0.7774299374373463	-0.0	0.5153691722724499
0.7789307674323993	-0.0	0.5134839679628646
0.780431597427452	-0.0	0.5115895038940101
0.7819324274225049	-0.0	0.5096858186206955
0.7834332574175576	-0.0	0.507772950881758
0.7849340874126104	-0.0	0.50585093958231
0.7864349174076632	-0.0	0.5039198237918893
0.787935747402716	-0.0	0.5019796427749552
0.7894365773977688	-0.0	0.5000304359545115
0.7909374073928216	-0.0	0.49807224293195024
0.7924382373878744	-0.0	0.49610510348793924
0.7939390673829272	-0.0	0.49412905755738196
0.7954398973779799	-0.0	0.49214414525164674
0.7969407273730328	-0.0	0.4901504068597318
0.7984415573680855	-0.0	0.48814788283907407
0.7999423873631384	-0.0	0.4861366137987569
0.8014432173581911	-0.0	0.4841166405227937
0.8029440473532439	-0.0	0.4820880039784682
0.8044448773482967	-0.0	0.48005074528021674
0.8059457073433495	-0.0	0.47800490570429377
0.8074465373384024	-0.0	0.4759505267046945
0.8089473673334551	-0.0	0.4738876498937924
0.8104481973285078	-0.0	0.4718163170470735
0.8119490273235607	-0.0	0.46973657009224357
0.8134498573186134	-0.0	0.4676484511194368
0.8149506873136664	-0.0	0.4655520023920713
0.816451517308719	-0.0	0.4634472663331083
0.8179523473037718	-0.0	0.46133428550802
0.8194531772988247	-0.0	0.4592131026378458
0.8209540072938774	-0.0	0.4570837606174637
0.8224548372889303	-0.0	0.4549463024867962
0.8239556672839831	-0.0	0.4528007714349712
0.8254564972790359	-0.0	0.4506472108208684
0.8269573272740887	-0.0	0.44848566413879504
0.8284581572691414	-0.0	0.44631617503966137
0.8299589872641943	-0.0	0.4441387873395984
0.831459817259247	-0.0	0.44195354498517164
0.8329606472542999	-0.0	0.4397604920790687
0.8344614772493526	-0.0	0.43755967287203584
0.8359623072444053	-0.0	0.4353511317648571
0.8374631372394582	-0.0	0.4331349133038603
0.8389639672345109	-0.0	0.4309110621743515
0.8404647972295638	-0.0	0.428679623203741
0.8419656272246165	-0.0	0.4264406413716033
0.8434664572196693	-0.0	0.42419416180597874
0.8449672872147221	-0.0	0.4219402297464602
0.8464681172097749	-0.0	0.4196788905985643
0.8479689472048277	-0.0	0.41741018990565776
0.8494697771998805	-0.0	0.4151341733396744
0.8509706071949332	-0.0	0.41285088671254344
0.8524714371899861	-0.0	0.41056037597080824
0.8539722671850388	-0.0	0.408262687197901
0.8554730971800917	-0.0	0.4059578666055246
0.8569739271751444	-0.0	0.40364596054443447
0.8584747571701972	-0.0	0.4013270154915302
0.85997558716525	-0.0	0.39900107806834884
0.8614764171603028	-0.0	0.39666819501145684
0.8629772471553557	-0.0	0.3943284131767592
0.8644780771504084	-0.0	0.39198177956748
0.8659789071454613	-0.0	0.3896283412961582
0.8674797371405141	-0.0	0.3872681456113711
0.8689805671355667	-0.0	0.3849012398880061
0.8704813971306197	-0.0	0.38252767160758444
0.8719822271256723	-0.0	0.38014748838243145
0.8734830571207253	-0.0	0.3777607379498701
0.874983887115778	-0.0	0.37536746815960814
0.8764847171108306	-0.0	0.37296772697512537
0.8779855471058836	-0.0	0.3705615624881908
0.8794863771009364	-0.0	0.36814902289485824
0.8809872070959892	-0.0	0.3657301565026417
0.882488037091042	-0.0	0.3633050117486574
0.8839888670860947	-0.0	0.3608736371694799
0.8854896970811476	-0.0	0.35843608141240385
0.8869905270762003	-0.0	0.3559923932357959
0.8884913570712532	-0.0	0.3535426215045822
0.8899921870663059	-0.0	0.35108681519875534
0.8914930170613586	-0.0	0.3486250233964713
0.8929938470564115	-0.0	0.3461572952716453
0.8944946770514642	-0.0	0.3436836801189736
0.8959955070465171	-0.0	0.34120422732965133
0.8974963370415698	-0.0	0.33871898638569525
0.8989971670366227	-0.0	0.33622800687279647
0.9004979970316754	-0.0	0.33373133847708436
0.9019988270267282	-0.0	0.3312290309837207
0.903499657021781	-0.0	0.32872113427349725
0.9050004870168338	-0.0	0.3262076983133298
0.9065013170118867	-0.0	0.3236887731641736
0.9080021470069394	-0.0	0.3211644089987031
0.9095029770019921	-0.0	0.3186346560428167
0.911003806997045	-0.0	0.316099564633485
0.9125046369920977	-0.0	0.31355918520965154
0.9140054669871507	-0.0	0.3110135682709739
0.9155062969822033	-0.0	0.3084627644093553
0.9170071269772561	-0.0	0.30590682429986393
0.918507956972309	-0.0	0.3033457986961841
0.9200087869673617	-0.0	0.30077973845073663
0.9215096169624146	-0.0	0.2982086944844422
0.9230104469574674	-0.0	0.2956327177845392
0.92451127695252	-0.0	0.2930518594313436
0.926012106947573	-0.0	0.29046617057785096
0.9275129369426257	-0.0	0.2878757024461113
0.9290137669376786	-0.0	0.2852805063295227
0.9305145969327313	-0.0	0.2826806336027434
0.932015426927784	-0.0	0.280076135702607
0.9335162569228369	-0.0	0.27746706412926847
0.9350170869178897	-0.0	0.2748534704624605
0.9365179169129425	-0.0	0.27223540634065096
0.9380187469079952	-0.0	0.26961292347433985
0.9395195769030481	-0.0	0.2669860736340016
0.9410204068981008	-0.0	0.26435490863384775
0.9425212368931536	-0.0	0.26171948036947945
0.9440220668882064	-0.0	0.2590798408009849
0.9455228968832592	-0.0	0.25643604193511116
0.947023726878312	-0.0	0.25378813582964743
0.9485245568733648	-0.0	0.25113617459342497
0.9500253868684175	-0.0	0.2484802103983006
0.9515262168634704	-0.0	0.24582029548477916
0.9530270468585231	-0.0	0.24315648213109217
0.954527876853576	-0.0	0.24048882264424695
0.9560287068486287	-0.0	0.2378173693963849
0.9575295368436815	-0.0	0.23514217481490599
0.9590303668387343	-0.0	0.23246329136223673
0.9605311968337871	-0.0	0.2297807715405093
0.96203202682884	-0.0	0.22709466789768262
0.9635328568238927	-0.0	0.22440503303044598
0.9650336868189454	-0.0	0.2217119195656885
0.9665345168139984	-0.0	0.21901538017070765
0.968035346809051	-0.0	0.2163154675555577
0.969536176804104	-0.0	0.21361223445152355
0.9710370067991567	-0.0	0.21090573363847245
0.9725378367942096	-0.0	0.20819601793076195
0.9740386667892623	-0.0	0.20548314016111374
0.975539496784315	-0.0	0.20276715319899594
0.9770403267793679	-0.0	0.20004810993453395
0.9785411567744207	-0.0	0.19732606329763266
0.9800419867694735	-0.0	0.1946010662393905
0.9815428167645263	-0.0	0.19187317172965826
0.983043646759579	-0.0	0.18914243277207435
0.9845444767546319	-0.0	0.18640890237597316
0.9860453067496846	-0.0	0.18367263358995076
0.9875461367447375	-0.0	0.18093367947569658
0.9890469667397902	-0.0	0.1781920930924774
0.990547796734843	-0.0	0.17544792753349564
0.9920486267298958	-0.0	0.1727012359157547
0.9935494567249485	-0.0	0.16995207136345203
0.9950502867200014	-0.0	0.16720048699551437
0.9965511167150541	-0.0	0.16444653595307923
0.9980519467101069	-0.0	0.16169027139583303
0.9995527767051597	-0.0	0.1589317464838505
1.0010536067002125	-0.0	0.1561710143852881
1.0025544366952654	-0.0	0.1534081282665824
1.0040552666903182	-0.0	0.15064314130424888
1.005556096685371	-0.0	0.14787610668238532
1.0070569266804237	-0.0	0.14510707757931962
1.0085577566754764	-0.0	0.1423361071737125
1.0100585866705294	-0.0	0.139563248651844
1.0115594166655821	-0.0	0.13678855518399732
1.0130602466606349	-0.0	0.1340120799439324
1.0145610766556876	-0.0	0.13123387610346743
1.0160619066507404	-0.0	0.12845399681895994
1.0175627366457933	-0.0	0.12567249524539906
1.019063566640846	-0.0	0.12288942453052441
1.0205643966358988	-0.0	0.12010483779635116
1.0220652266309516	-0.0	0.11731878817941191
1.0235660566260043	-0.0	0.11453132878690855
1.0250668866210573	-0.0	0.11174251270603308
1.02656771661611	-0.0	0.10895239304226748
1.0280685466111628	-0.0	0.10616102284533593
1.0295693766062155	-0.0	0.10336845514541498
1.0310702066012682	-0.0	0.1005747429925432
1.0325710365963212	-0.0	0.09777993939666524
1.034071866591374	-0.0	0.09498409732696615
1.035572696586427	-0.0	0.09218726975183576
1.0370735265814794	-0.0	0.08938950961279286
1.0385743565765322	-0.0	0.08659086982028719
1.0400751865715852	-0.0	0.0837914032608379
1.041576016566638	-0.0	0.08099116281114412
1.0430768465616909	-0.0	0.07819020129103751
1.0445776765567436	-0.0	0.07538857149769525
1.0460785065517963	-0.0	0.07258632621300033
1.047579336546849	-0.0	0.06978351816764583
1.0490801665419018	-0.0	0.06698020006824633
1.0505809965369548	-0.0	0.06417642458912673
1.0520818265320075	-0.0	0.06137224437324703
1.0535826565270603	-0.0	0.058567712014023166
1.055083486522113	-0.0	0.05576288006337169
1.0565843165171658	-0.0	0.05295780104641211
1.0580851465122187	-0.0	0.050152527454198924
1.0595859765072715	-0.0	0.047347111723286345
1.0610868065023242	-0.0	0.044541606240462606
1.062587636497377	-0.0	0.04173606337799857
1.0640884664924297	-0.0	0.03893053545214832
1.0655892964874827	-0.0	0.03612507471813745
1.0670901264825354	-0.0	0.03331973339376076
1.0685909564775882	-0.0	0.030514563650708763
1.070091786472641	-0.0	0.027709617617415725
1.0715926164676937	-0.0	0.024904947368777283
1.0730934464627466	-0.0	0.022100604919992103
1.0745942764577994	-0.0	0.019296642244851937
1.0760951064528521	-0.0	0.016493111267900387
1.0775959364479049	-0.0	0.013690063851579943
1.0790967664429576	-0.0	0.010887551808715073
1.0805975964380106	-0.0	0.008085626888716089
1.0820984264330633	-0.0	0.005284340790894455
1.0835992564281163	-0.0	0.0024837451589702197
1.0851000864231688	-0.0	-0.00031610842445753114
1.0866009164182218	-0.0	-0.0031151684384654816
1.0881017464132745	-0.0	-0.00591338342881782
1.0896025764083273	-0.0	-0.008710701973919733
1.0911034064033802	-0.0	-0.01150707274508767
1.0926042363984327	-0.0	-0.014302444476090581
1.0941050663934857	-0.0	-0.017096765938720015
1.0956058963885384	-0.0	-0.019889985986286798
1.0971067263835912	-0.0	-0.02268205354903465
1.0986075563786442	-0.0	-0.02547291761361243
1.100108386373697	-0.0	-0.028262527210313595
1.1016092163687496	-0.0	-0.031050831479245932
1.1031100463638024	-0.0	-0.03383777961801346
1.1046108763588551	-0.0	-0.036623320865867524
1.106111706353908	-0.0	-0.03940740455772627
1.1076125363489608	-0.0	-0.04218998010629142
1.1091133663440136	-0.0	-0.04497099698679119
1.1106141963390663	-0.0	-0.04775040473866316
1.112115026334119	-0.0	-0.050528152983197065
1.113615856329172	-0.0	-0.05330419143191236
1.1151166863242248	-0.0	-0.05607846984731503
1.1166175163192775	-0.0	-0.058850938074188563
1.1181183463143303	-0.0	-0.061621546047694126
1.1196191763093832	-0.0	-0.06439024377458114
1.121120006304436	-0.0	-0.06715698133812507
1.1226208362994887	-0.0	-0.06992170889370748
1.1241216662945415	-0.0	-0.07268437668301903
1.1256224962895942	-0.0	-0.07544493503313478
1.1271233262846472	-0.0	-0.07820333436184032
1.1286241562797	-0.0	-0.08095952513753796
1.1301249862747527	-0.0	-0.0837134579357257
1.1316258162698054	-0.0	-0.08646508341425309
1.1331266462648582	-0.0	-0.08921435230964093
1.1346274762599111	-0.0	-0.09196121544603215
1.1361283062549639	-0.0	-0.09470562372280117
1.1376291362500166	-0.0	-0.09744752813963108
1.1391299662450696	-0.0	-0.100186879784086
1.140630796240122	-0.0	-0.1029236298239178
1.142131626235175	-0.0	-0.10565772950947024
1.1436324562302278	-0.0	-0.10838913018470109
1.1451332862252805	-0.0	-0.11111778328840274
1.1466341162203335	-0.0	-0.11384364035505286
1.1481349462153863	-0.0	-0.116566652990255
1.149635776210439	-0.0	-0.1192867728946878
1.1511366062054917	-0.0	-0.12200395187277827
1.1526374362005447	-0.0	-0.12471814181927565
1.1541382661955975	-0.0	-0.1274292947191034
1.1556390961906502	-0.0	-0.13013736263907408
1.157139926185703	-0.0	-0.1328422977436459
1.1586407561807557	-0.0	-0.1355440523140264
1.1601415861758086	-0.0	-0.13824257870924375
1.1616424161708614	-0.0	-0.1409378293770023
1.1631432461659141	-0.0	-0.14362975686875495
1.1646440761609669	-0.0	-0.14631831383504257
1.1661449061560196	-0.0	-0.14900345301828172
1.1676457361510726	-0.0	-0.1516851272508228
1.1691465661461253	-0.0	-0.15436328948759098
1.170647396141178	-0.0	-0.15703789275896485
1.1721482261362308	-0.0	-0.1597088902005879
1.1736490561312836	-0.0	-0.16237623505850976
1.1751498861263365	-0.0	-0.16503988065856093
1.1766507161213893	-0.0	-0.1676997804460768
1.178151546116442	-0.0	-0.1703558879551245
1.1796523761114948	-0.0	-0.17300815681898865
1.1811532061065475	-0.0	-0.1756565407855766
1.1826540361016005	-0.0	-0.1783009936978891
1.1841548660966532	-0.0	-0.18094146949009984
1.185655696091706	-0.0	-0.1835779222116523
1.187156526086759	-0.0	-0.18621030602013997
1.1886573560818114	-0.0	-0.18883857517170805
1.1901581860768644	-0.0	-0.19146268402856187
1.1916590160719172	-0.0	-0.1940825870405844
1.1931598460669701	-0.0	-0.19669823878039985
1.1946606760620229	-0.0	-0.19930959392243902
1.1961615060570754	-0.0	-0.20191660725033683
1.1976623360521284	-0.0	-0.20451923364892444
1.199163166047181	-0.0	-0.20711742810776168
1.200663996042234	-0.0	-0.20971114572559388
1.2021648260372868	-0.0	-0.21230034170001402
1.2036656560323395	-0.0	-0.21488497135496262
1.2051664860273923	-0.0	-0.21746499010701403
1.206667316022445	-0.0	-0.22004035348425832
1.208168146017498	-0.0	-0.2226110171295746
1.2096689760125507	-0.0	-0.22517693678811093
1.2111698060076035	-0.0	-0.2277380683157729
1.2126706360026562	-0.0	-0.2302943676767639
1.214171465997709	-0.0	-0.23284579094708047
1.215672295992762	-0.0	-0.23539229431708278
1.2171731259878147	-0.0	-0.23793383408193367
1.2186739559828674	-0.0	-0.2404703666495322
1.2201747859779202	-0.0	-0.24300184853953355
1.221675615972973	-0.0	-0.2455282363750085
1.2231764459680259	-0.0	-0.24804948690343348
1.2246772759630786	-0.0	-0.2505655569825061
1.2261781059581316	-0.0	-0.2530764035713052
1.2276789359531841	-0.0	-0.2555819837615449
1.2291797659482369	-0.0	-0.2580822547504632
1.2306805959432898	-0.0	-0.2605771738299847
1.2321814259383426	-0.0	-0.26306669842095204
1.2336822559333955	-0.0	-0.26555078606909444
1.235183085928448	-0.0	-0.2680293944147352
1.2366839159235008	-0.0	-0.2705024812252665
1.2381847459185538	-0.0	-0.27297000438564334
1.2396855759136065	-0.0	-0.27543192187423154
1.2411864059086595	-0.0	-0.2778881918149961
1.2426872359037122	-0.0	-0.28033877243589067
1.2441880658987647	-0.0	-0.2827836220655847
1.2456888958938177	-0.0	-0.2852226991655677
1.2471897258888704	-0.0	-0.28765596231786966
1.2486905558839234	-0.0	-0.29008337021444586
1.2501913858789762	-0.0	-0.2925048816617634
1.251692215874029	-0.0	-0.294920455584555
1.2531930458690816	-0.0	-0.2973300510269104
1.2546938758641344	-0.0	-0.299733627157621
1.2561947058591874	-0.0	-0.3021311432549224
1.25769553585424	-0.0	-0.30452255872297257
1.2591963658492928	-0.0	-0.3069078330758917
1.2606971958443456	-0.0	-0.3092869259558487
1.2621980258393983	-0.0	-0.31165979712375935
1.2636988558344513	-0.0	-0.31402640645447766
1.265199685829504	-0.0	-0.31638671395506757
1.2667005158245568	-0.0	-0.31874067973979975
1.2682013458196095	-0.0	-0.3210882640470917
1.2697021758146623	-0.0	-0.3234294272441679
1.2712030058097152	-0.0	-0.3257641298141887
1.272703835804768	-0.0	-0.32809233235778473
1.2742046657998207	-0.0	-0.330413995607538
1.2757054957948735	-0.0	-0.3327290804057335
1.2772063257899262	-0.0	-0.33503754772431443
1.2787071557849792	-0.0	-0.3373393586598143
1.280207985780032	-0.0	-0.33963447443406003
1.2817088157750849	-0.0	-0.3419228563973898
1.2832096457701374	-0.0	-0.3442044660069047
1.2847104757651902	-0.0	-0.3464792648517678
1.2862113057602431	-0.0	-0.34874721464809977
1.2877121357552959	-0.0	-0.3510082772411245
1.2892129657503488	-0.0	-0.35326241459026303
1.2907137957454016	-0.0	-0.3555095887761613
1.292214625740454	-0.0	-0.3577497620323137
1.293715455735507	-0.0	-0.35998289670101197
1.2952162857305598	-0.0	-0.3622089552497301
1.2967171157256128	-0.0	-0.36442790026920135
1.2982179457206655	-0.0	-0.3666396944792803
1.2997187757157183	-0.0	-0.3688443007361556
1.301219605710771	-0.0	-0.3710416820124877
1.3027204357058237	-0.0	-0.3732318014234481
1.3042212657008767	-0.0	-0.3754146222083733
1.3057220956959295	-0.0	-0.3775901077232754
1.3072229256909822	-0.0	-0.37975822146083316
1.308723755686035	-0.0	-0.38191892704632374
1.3102245856810877	-0.0	-0.38407218823762257
1.3117254156761406	-0.0	-0.386217968916234
1.3132262456711934	-0.0	-0.3883562330860338
1.3147270756662461	-0.0	-0.3904869449020633
1.3162279056612989	-0.0	-0.39261006864236436
1.3177287356563516	-0.0	-0.3947255687170404
1.3192295656514046	-0.0	-0.3968334096653536
1.3207303956464573	-0.0	-0.39893355615261766
1.32223122564151	-0.0	-0.4010259729943133
1.3237320556365628	-0.0	-0.4031106251291989
1.3252328856316156	-0.0	-0.40518747762754
1.3267337156266685	-0.0	-0.4072564957030005
1.3282345456217213	-0.0	-0.40931764469524057
1.3297353756167742	-0.0	-0.41137089008741123
1.3312362056118268	-0.0	-0.41341619748862257
1.3327370356068795	-0.0	-0.4154535326471483
1.3342378656019325	-0.0	-0.41748286145223784
1.3357386955969852	-0.0	-0.41950414991580787
1.3372395255920382	-0.0	-0.42151736420273483
1.3387403555870907	-0.0	-0.4235224706225325
1.3402411855821437	-0.0	-0.4255194356058471
1.3417420155771964	-0.0	-0.42750822571327857
1.3432428455722492	-0.0	-0.4294888076621406
1.3447436755673021	-0.0	-0.43146114831471727
1.3462445055623549	-0.0	-0.4334252146550538
1.3477453355574076	-0.0	-0.4353809738086521
1.3492461655524604	-0.0	-0.4373283930609827
1.350746995547513	-0.0	-0.4392674398241594
1.352247825542566	-0.0	-0.4411980816489418
1.3537486555376188	-0.0	-0.44312028624589167
1.3552494855326715	-0.0	-0.44503402143908366
1.3567503155277243	-0.0	-0.4469392552126907
1.358251145522777	-0.0	-0.4488359557047883
1.35975197551783	-0.0	-0.4507240911855696
1.3612528055128827	-0.0	-0.4526036300747845
1.3627536355079355	-0.0	-0.4544745409313092
1.3642544655029882	-0.0	-0.45633679246329956
1.365755295498041	-0.0	-0.4581903535188145
1.367256125493094	-0.0	-0.46003519310264523
1.3687569554881467	-0.0	-0.4618712803678638
1.3702577854831994	-0.0	-0.46369858460339525
1.3717586154782522	-0.0	-0.46551707524814695
1.3732594454733051	-0.0	-0.4673267219085216
1.3747602754683579	-0.0	-0.46912749432437095
1.3762611054634106	-0.0	-0.47091936238214466
1.3777619354584634	-0.0	-0.4727022961272622
1.3792627654535161	-0.0	-0.4744762657453238
1.380763595448569	-0.0	-0.47624124159308695
1.3822644254436218	-0.0	-0.47799719417183545
1.3837652554386746	-0.0	-0.4797440941250683
1.3852660854337275	-0.0	-0.48148191225260967
1.38676691542878	-0.0	-0.4832106195126621
1.388267745423833	-0.0	-0.48493018702639257
1.3897685754188858	-0.0	-0.48664058605374333
1.3912694054139385	-0.0	-0.48834178801063055
1.3927702354089915	-0.0	-0.49003376448447905
1.3942710654040442	-0.0	-0.4917164872138793
1.395771895399097	-0.0	-0.49338992809019644
1.3972727253941497	-0.0	-0.4950540591655041
1.3987735553892024	-0.0	-0.49670885264359643
1.4002743853842554	-0.0	-0.4983542808925266
1.4017752153793082	-0.0	-0.4999903164436083
1.403276045374361	-0.0	-0.5016169319843142
1.4047768753694136	-0.0	-0.5032341003721833
1.4062777053644664	-0.0	-0.5048417946189158
1.4077785353595194	-0.0	-0.506439987892445
1.409279365354572	-0.0	-0.5080286535241502
1.4107801953496248	-0.0	-0.5096077650212458
1.4122810253446776	-0.0	-0.5111772960504717
1.4137818553397306	-0.0	-0.5127372204413656
1.4152826853347833	-0.0	-0.5142875121887046
1.416783515329836	-0.0	-0.5158281454458105
1.4182843453248888	-0.0	-0.5173590945466862
1.4197851753199415	-0.0	-0.5188803339837316
1.4212860053149945	-0.0	-0.5203918384200781
1.4227868353100472	-0.0	-0.521893582689238
1.4242876653051	-0.0	-0.5233855417915345
1.4257884953001527	-0.0	-0.5248676908906623
1.4272893252952055	-0.0	-0.5263400053303133
1.4287901552902584	-0.0	-0.5278024606301077
1.4302909852853112	-0.0	-0.5292550324690797
1.431791815280364	-0.0	-0.5306976967113832
1.4332926452754169	-0.0	-0.5321304293781078
1.4347934752704694	-0.0	-0.5335532066672336
1.4362943052655224	-0.0	-0.5349660049668531
1.4377951352605751	-0.0	-0.5363688008331094
1.4392959652556279	-0.0	-0.5377615709874037
1.4407967952506808	-0.0	-0.5391442923371071
1.4422976252457334	-0.0	-0.5405169419678684
1.4437984552407863	-0.0	-0.5418794971341074
1.445299285235839	-0.0	-0.5432319352807827
1.446800115230892	-0.0	-0.5445742340245833
1.4483009452259448	-0.0	-0.5459063711644513
1.4498017752209975	-0.0	-0.5472283246789008
1.4513026052160503	-0.0	-0.5485400727241126
1.452803435211103	-0.0	-0.5498415936457888
1.454304265206156	-0.0	-0.5511328659681861
1.4558050952012087	-0.0	-0.5524138683901396
1.4573059251962615	-0.0	-0.5536845798110649
1.4588067551913142	-0.0	-0.5549449793104301
1.460307585186367	-0.0	-0.5561950461339594
1.46180841518142	-0.0	-0.5574347597345786
1.4633092451764727	-0.0	-0.558664099746893
1.4648100751715254	-0.0	-0.5598830459929581
1.4663109051665781	-0.0	-0.5610915784756215
1.4678117351616309	-0.0	-0.562289677390951
1.4693125651566838	-0.0	-0.5634773231245168
1.4708133951517366	-0.0	-0.5646544962503751
1.4723142251467893	-0.0	-0.5658211775393522
1.473815055141842	-0.0	-0.5669773479433263
1.4753158851368948	-0.0	-0.5681229886082271
1.4768167151319478	-0.0	-0.5692580808778835
1.4783175451270005	-0.0	-0.5703826062829268
1.4798183751220533	-0.0	-0.5714965465496681
1.481319205117106	-0.0	-0.5725998835971574
1.4828200351121588	-0.0	-0.5736925995428245
1.4843208651072117	-0.0	-0.5747746767088772
1.4858216951022645	-0.0	-0.5758460975966331
1.4873225250973174	-0.0	-0.5769068449058816
1.4888233550923702	-0.0	-0.5779569015371034
1.4903241850874227	-0.0	-0.5789962505999039
1.4918250150824757	-0.0	-0.5800248753869179
1.4933258450775284	-0.0	-0.5810427593980372
1.4948266750725814	-0.0	-0.5820498863343254
1.4963275050676341	-0.0	-0.5830462400820584
1.4978283350626869	-0.0	-0.5840318047532067
1.4993291650577396	-0.0	-0.5850065646495948
1.5008299950527924	-0.0	-0.5859705042698549
1.5023308250478453	-0.0	-0.5869236083274211
1.503831655042898	-0.0	-0.5878658617225114
1.5053324850379508	-0.0	-0.5887972495764152
1.5068333150330036	-0.0	-0.5897177572139798
1.5083341450280563	-0.0	-0.5906273701488335
1.5098349750231093	-0.0	-0.5915260741145664
1.511335805018162	-0.0	-0.5924138550482524
1.5128366350132147	-0.0	-0.593290699092909
1.5143374650082675	-0.0	-0.5941565925986063
1.5158382950033202	-0.0	-0.5950115221320105
1.5173391249983732	-0.0	-0.5958554744602199
1.518839954993426	-0.0	-0.596688436552467
1.5203407849884787	-0.0	-0.5975103956028275
1.5218416149835314	-0.0	-0.5983213390082509
1.5233424449785842	-0.0	-0.5991212543748482
1.5248432749736371	-0.0	-0.5999101295229217
1.5263441049686899	-0.0	-0.6006879524795309
1.5278449349637429	-0.0	-0.6014547114910493
1.5293457649587954	-0.0	-0.6022103950183755
1.5308465949538481	-0.0	-0.6029549917281473
1.532347424948901	-0.0	-0.6036884905028588
1.5338482549439538	-0.0	-0.6044108804405642
1.5353490849390068	-0.0	-0.6051221508502176
1.5368499149340595	-0.0	-0.6058222912671327
1.538350744929112	-0.0	-0.606511291438818
1.539851574924165	-0.0	-0.6071891413173198
1.5413524049192178	-0.0	-0.6078558310765692
1.5428532349142707	-0.0	-0.6085113511098668
1.5443540649093235	-0.0	-0.6091556920313257
1.545854894904376	-0.0	-0.6097888446726717
1.547355724899429	-0.0	-0.6104108000782318
1.5488565548944817	-0.0	-0.6110215495163814
1.5503573848895347	-0.0	-0.6116210844705752
1.5518582148845874	-0.0	-0.6122093966426944
1.5533590448796402	-0.0	-0.6127864779616461
1.5548598748746927	-0.0	-0.6133523205669785
1.5563607048697456	-0.0	-0.6139069168287795
1.5578615348647986	-0.0	-0.6144502593374865
1.5593623648598514	-0.0	-0.6149823408910713
1.560863194854904	-0.0	-0.6155031545244991
1.5623640248499568	-0.0	-0.6160126934922904
1.5638648548450098	-0.0	-0.6165109512630642
1.5653656848400623	-0.0	-0.6169979215352029
1.5668665148351153	-0.0	-0.6174735982275498
1.568367344830168	-0.0	-0.6179379754890805
1.5698681748252208	-0.0	-0.6183910476850896
1.5713690048202735	-0.0	-0.6188328094034959
1.5728698348153265	-0.0	-0.6192632554621849
1.5743706648103795	-0.0	-0.6196823808954524
1.575871494805432	-0.0	-0.6200901809718331
1.5773723248004847	-0.0	-0.6204866511853527
1.5788731547955377	-0.0	-0.6208717872454304
1.5803739847905902	-0.0	-0.621245585096593
1.5818748147856432	-0.0	-0.6216080409001297
1.5833756447806961	-0.0	-0.621959151040712
1.584876474775749	-0.0	-0.6222989121473294
1.5863773047708014	-0.0	-0.6226273210666579
1.5878781347658544	-0.0	-0.6229443748644102
1.5893789647609073	-0.0	-0.6232500708353595
1.5908797947559599	-0.0	-0.6235444065095532
1.5923806247510128	-0.0	-0.6238273796401809
1.5938814547460656	-0.0	-0.6240989881987291
1.595382284741118	-0.0	-0.6243592303934383
1.596883114736171	-0.0	-0.6246081046594639
1.598383944731224	-0.0	-0.6248456096544377
1.5998847747262768	-0.0	-0.6250717442699713
1.6013856047213293	-0.0	-0.6252865076277536
1.6028864347163823	-0.0	-0.6254898990646824
1.6043872647114352	-0.0	-0.6256819181487313
1.6058880947064877	-0.0	-0.6258625646898242
1.6073889247015407	-0.0	-0.6260318387192337
1.6088897546965935	-0.0	-0.626189740484569
1.6103905846916464	-0.0	-0.6263362704719129
1.611891414686699	-0.0	-0.6264714293983686
1.613392244681752	-0.0	-0.626595218199984
1.6148930746768049	-0.0	-0.6267076380538508
1.6163939046718574	-0.0	-0.6268086903547844
1.6178947346669101	-0.0	-0.6268983767237019
1.619395564661963	-0.0	-0.6269766990210845
1.6208963946570156	-0.0	-0.6270436593332195
1.6223972246520686	-0.0	-0.6270992599669839
1.6238980546471213	-0.0	-0.6271435034542836
1.6253988846421743	-0.0	-0.6271763925653686
1.6268997146372268	-0.0	-0.6271979303011488
1.6284005446322798	-0.0	-0.6272081198842709
1.6299013746273328	-0.0	-0.6272069647630765
1.6314022046223853	-0.0	-0.6271944686190353
1.632903034617438	-0.0	-0.6271706353570745
1.634403864612491	-0.0	-0.627135469111477
1.6359046946075435	-0.0	-0.6270889742462152
1.6374055246025965	-0.0	-0.6270311553469702
1.6389063545976494	-0.0	-0.6269620172287518
1.6404071845927022	-0.0	-0.6268815649334202
1.6419080145877547	-0.0	-0.6267898037322469
1.6434088445828077	-0.0	-0.6266867391282364
1.6449096745778606	-0.0	-0.6265723768382886
1.6464105045729132	-0.0	-0.6264467228139489
1.6479113345679661	-0.0	-0.6263097832328454
1.6494121645630189	-0.0	-0.6261615644886934
1.6509129945580718	-0.0	-0.6260020732153274
1.6524138245531244	-0.0	-0.6258313162643431
1.6539146545481773	-0.0	-0.6256493007133631
1.65541548454323	-0.0	-0.6254560338651869
1.6569163145382828	-0.0	-0.6252515232465793
1.6584171445333356	-0.0	-0.6250357766106007
1.6599179745283885	-0.0	-0.6248088019294313
1.661418804523441	-0.0	-0.6245706074082787
1.662919634518494	-0.0	-0.624321201470962
1.6644204645135467	-0.0	-0.6240605927618164
1.6659212945085997	-0.0	-0.6237887901506588
1.6674221245036522	-0.0	-0.6235058027254556
1.6689229544987052	-0.0	-0.6232116398077182
1.6704237844937582	-0.0	-0.6229063109345544
1.6719246144888107	-0.0	-0.6225898258604174
1.6734254444838634	-0.0	-0.6222621945657227
1.6749262744789164	-0.0	-0.6219234272495529
1.676427104473969	-0.0	-0.6215735343399579
1.6779279344690219	-0.0	-0.6212125264706267
1.6794287644640746	-0.0	-0.620840414502015
1.6809295944591276	-0.0	-0.6204572095259688
1.6824304244541801	-0.0	-0.6200629228310867
1.683931254449233	-0.0	-0.6196575659344169
1.685432084444286	-0.0	-0.61924115058008
1.6869329144393386	-0.0	-0.6188136887134984
1.6884337444343913	-0.0	-0.618375192508877
1.6899345744294443	-0.0	-0.6179256743568502
1.6914354044244972	-0.0	-0.6174651468542731
1.6929362344195498	-0.0	-0.616993622825776
1.6944370644146027	-0.0	-0.6165111153050208
1.6959378944096555	-0.0	-0.6160176375421081
1.697438724404708	-0.0	-0.6155132030066376
1.698939554399761	-0.0	-0.6149978253681234
1.700440384394814	-0.0	-0.6144715185190742
1.7019412143898665	-0.0	-0.613934296571165
1.7034420443849194	-0.0	-0.6133861738405347
1.7049428743799722	-0.0	-0.6128271648524004
1.7064437043750251	-0.0	-0.6122572843492865
1.7079445343700776	-0.0	-0.6116765472790788
1.7094453643651306	-0.0	-0.6110849688029759
1.7109461943601834	-0.0	-0.6104825642960536
1.712447024355236	-0.0	-0.6098693493356602
1.7139478543502888	-0.0	-0.6092453397091929
1.7154486843453418	-0.0	-0.6086105514143385
1.7169495143403943	-0.0	-0.6079650006549951
1.7184503443354473	-0.0	-0.6073087038415502
1.7199511743305	-0.0	-0.6066416775925074
1.721452004325553	-0.0	-0.6059639387253326
1.7229528343206055	-0.0	-0.6052755042726355
1.7244536643156585	-0.0	-0.6045763914660621
1.7259544943107115	-0.0	-0.603866617737478
1.727455324305764	-0.0	-0.603146200727346
1.7289561543008167	-0.0	-0.6024151582769961
1.7304569842958697	-0.0	-0.6016735084300859
1.7319578142909227	-0.0	-0.6009212694302714
1.7334586442859752	-0.0	-0.6001584597222873
1.7349594742810281	-0.0	-0.599385097951015
1.736460304276081	-0.0	-0.5986012029588551
1.7379611342711334	-0.0	-0.5978067937880949
1.7394619642661864	-0.0	-0.59700188968249
1.7409627942612393	-0.0	-0.5961865100771941
1.7424636242562919	-0.0	-0.5953606746099572
1.7439644542513446	-0.0	-0.5945244031088086
1.7454652842463976	-0.0	-0.5936777155943503
1.7469661142414505	-0.0	-0.5928206322911677
1.748466944236503	-0.0	-0.591953173614495
1.749967774231556	-0.0	-0.5910753601691248
1.7514686042266088	-0.0	-0.5901872127525891
1.7529694342216613	-0.0	-0.5892887523563609
1.7544702642167143	-0.0	-0.5883800001609163
1.7559710942117672	-0.0	-0.5874609775407748
1.75747192420682	-0.0	-0.5865317060577019
1.7589727542018727	-0.0	-0.5855922074567987
1.7604735841969255	-0.0	-0.5846425036790398
1.7619744141919784	-0.0	-0.583682616853793
1.763475244187031	-0.0	-0.5827125692895261
1.764976074182084	-0.0	-0.5817323834822958
1.7664769041771367	-0.0	-0.5807420821171344
1.7679777341721894	-0.0	-0.5797416880598847
1.7694785641672421	-0.0	-0.5787312243617687
1.770979394162295	-0.0	-0.5777107142556971
1.772480224157348	-0.0	-0.5766801811586929
1.7739810541524006	-0.0	-0.5756396486679239
1.7754818841474533	-0.0	-0.57458914055669
1.7769827141425063	-0.0	-0.5735286807848347
1.7784835441375588	-0.0	-0.5724582934913571
1.7799843741326118	-0.0	-0.5713780029848327
1.7814852041276648	-0.0	-0.5702878337583459
1.7829860341227173	-0.0	-0.5691878104808824
1.78448686411777	-0.0	-0.5680779579944063
1.785987694112823	-0.0	-0.5669583013218777
1.787488524107876	-0.0	-0.5658288656530586
1.7889893541029285	-0.0	-0.5646896763548785
1.7904901840979814	-0.0	-0.5635407589672551
1.7919910140930342	-0.0	-0.5623821391999315
1.7934918440880867	-0.0	-0.5612138429373037
1.7949926740831397	-0.0	-0.5600358962302179
1.7964935040781926	-0.0	-0.5588483253010105
1.7979943340732454	-0.0	-0.5576511565415015
1.7994951640682981	-0.0	-0.5564444165080752
1.8009959940633509	-0.0	-0.5552281319259704
1.8024968240584038	-0.0	-0.5540023296881066
1.8039976540534564	-0.0	-0.5527670368494062
1.8054984840485093	-0.0	-0.5515222806345338
1.806999314043562	-0.0	-0.5502680884304346
1.8085001440386146	-0.0	-0.5490044877799816
1.8100009740336676	-0.0	-0.5477315063972324
1.8115018040287205	-0.0	-0.54644917215368
1.8130026340237735	-0.0	-0.5451575130847898
1.814503464018826	-0.0	-0.5438565573802904
1.8160042940138788	-0.0	-0.5425463333868
1.8175051240089317	-0.0	-0.5412268696225473
1.8190059540039842	-0.0	-0.5398981947502779
1.8205067839990372	-0.0	-0.5385603375894609
1.82200761399409	-0.0	-0.5372133271236298
1.8235084439891427	-0.0	-0.5358571924832679
1.8250092739841954	-0.0	-0.5344919629554886
1.8265101039792484	-0.0	-0.5331176679827786
1.8280109339743014	-0.0	-0.5317343371585406
1.8295117639693539	-0.0	-0.5303420002282676
1.8310125939644066	-0.0	-0.5289406870828485
1.8325134239594596	-0.0	-0.5275304277680366
1.8340142539545121	-0.0	-0.5261112524822397
1.835515083949565	-0.0	-0.5246831915615402
1.837015913944618	-0.0	-0.5232462754979854
1.8385167439396708	-0.0	-0.5218005349303362
1.8400175739347233	-0.0	-0.5203460006373951
1.8415184039297763	-0.0	-0.518882703547688
1.8430192339248292	-0.0	-0.5174106747297826
1.8445200639198818	-0.0	-0.5159299454009993
1.8460208939149347	-0.0	-0.5144405469170356
1.8475217239099875	-0.0	-0.5129425107747867
1.84902255390504	-0.0	-0.511435868613941
1.850523383900093	-0.0	-0.5099206522135119
1.852024213895146	-0.0	-0.5083968934909967
1.8535250438901987	-0.0	-0.5068646245046283
1.8550258738852514	-0.0	-0.5053238774478774
1.8565267038803042	-0.0	-0.5037746846498417
1.8580275338753571	-0.0	-0.5022170785799889
1.8595283638704097	-0.0	-0.5006510918381055
1.8610291938654626	-0.0	-0.49907675716092265
1.8625300238605154	-0.0	-0.4974941074173163
1.864030853855568	-0.0	-0.49590317560835406
1.8655316838506208	-0.0	-0.4943039948701336
1.8670325138456738	-0.0	-0.492696598466598
1.8685333438407268	-0.0	-0.49108101979055785
1.8700341738357793	-0.0	-0.48945729236681135
1.871535003830832	-0.0	-0.487825449850143
1.873035833825885	-0.0	-0.4861855260205104
1.8745366638209375	-0.0	-0.4845375547829241
1.8760374938159905	-0.0	-0.4828815701727367
1.8775383238110435	-0.0	-0.4812176063502151
1.8790391538060962	-0.0	-0.47954569759853377
1.8805399838011487	-0.0	-0.4778658783215835
1.8820408137962017	-0.0	-0.47617818305126697
1.8835416437912547	-0.0	-0.4744826464427367
1.8850424737863072	-0.0	-0.47277930326437145
1.88654330378136	-0.0	-0.47106818841187775
1.888044133776413	-0.0	-0.46934933689885805
1.8895449637714654	-0.0	-0.46762278385635303
1.8910457937665184	-0.0	-0.46588856453718297
1.8925466237615713	-0.0	-0.46414671430832843
1.894047453756624	-0.0	-0.4623972686532743
1.8955482837516766	-0.0	-0.46064026317016504
1.8970491137467296	-0.0	-0.45887573357695055
1.8985499437417825	-0.0	-0.45710371570362357
1.900050773736835	-0.0	-0.4553242454887658
1.901551603731888	-0.0	-0.4535373589868948
1.9030524337269408	-0.0	-0.45174309236859295
1.9045532637219937	-0.0	-0.4499414819084826
1.9060540937170463	-0.0	-0.4481325639932335
1.9075549237120992	-0.0	-0.44631637512447986
1.909055753707152	-0.0	-0.4444929519035962
1.9105565837022047	-0.0	-0.44266233104527575
1.9120574136972575	-0.0	-0.4408245493713536
1.9135582436923104	-0.0	-0.43897964380582777
1.915059073687363	-0.0	-0.4371276513831806
1.916559903682416	-0.0	-0.4352686092418651
1.9180607336774687	-0.0	-0.43340255462028227
1.9195615636725216	-0.0	-0.4315295248636097
1.9210623936675741	-0.0	-0.42964955741742156
1.922563223662627	-0.0	-0.427762689830287
1.92406405365768	-0.0	-0.4258689597553741
1.9255648836527326	-0.0	-0.42396840493781457
1.9270657136477853	-0.0	-0.42206106322442644
1.9285665436428383	-0.0	-0.42014697256383443
1.9300673736378908	-0.0	-0.4182261710033214
1.9315682036329438	-0.0	-0.416298696682767
1.9330690336279968	-0.0	-0.41436458784000624
1.9345698636230495	-0.0	-0.41242388280974773
1.936070693618102	-0.0	-0.4104766200188345
1.937571523613155	-0.0	-0.40852283799145017
1.939072353608208	-0.0	-0.4065625753423824
1.9405731836032605	-0.0	-0.4045958707794782
1.9420740135983134	-0.0	-0.4026227631041707
1.9435748435933662	-0.0	-0.40064329120445197
1.9450756735884192	-0.0	-0.3986574940619326
1.9465765035834717	-0.0	-0.39666541074945627
1.9480773335785246	-0.0	-0.3946670804243493
1.9495781635735774	-0.0	-0.3926625423330953
1.95107899356863	-0.0	-0.3906518358107015
1.9525798235636829	-0.0	-0.3886350002795014
1.9540806535587358	-0.0	-0.38661207524443875
1.9555814835537884	-0.0	-0.38458310029678044
1.9570823135488413	-0.0	-0.3825481151130714
1.958583143543894	-0.0	-0.3805071594519814
1.960083973538947	-0.0	-0.3784602731560667
1.9615848035339996	-0.0	-0.3764074961498837
1.9630856335290525	-0.0	-0.3743488684366047
1.9645864635241053	-0.0	-0.37228443010271023
1.966087293519158	-0.0	-0.3702142213156178
1.9675881235142108	-0.0	-0.368138282317699
1.9690889535092637	-0.0	-0.3660566534315963
1.9705897835043162	-0.0	-0.363969375059132
1.9720906134993692	-0.0	-0.3618764876773878
1.973591443494422	-0.0	-0.3597780318396475
1.975092273489475	-0.0	-0.35767404817427884
1.9765931034845274	-0.0	-0.35556457738445074
1.9780939334795804	-0.0	-0.35344966024765756
1.9795947634746334	-0.0	-0.3513293376150487
1.981095593469686	-0.0	-0.34920365040876056
1.9825964234647386	-0.0	-0.34707263962353513
1.9840972534597916	-0.0	-0.3449363463242717
1.9855980834548446	-0.0	-0.3427948116462327
1.987098913449897	-0.0	-0.34064807679654385
1.98859974344495	-0.0	-0.33849618304798956
1.9901005734400028	-0.0	-0.33633917174197464
1.9916014034350553	-0.0	-0.33417708428964943
1.9931022334301083	-0.0	-0.3320099621663484
1.9946030634251612	-0.0	-0.3298378469138785
1.9961038934202138	-0.0	-0.3276607801389727
1.9976047234152667	-0.0	-0.3254788035114013
1.9991055534103195	-0.0	-0.3232919587680659
2.0006063834053722	-0.0	-0.32110028770756466
2.002107213400425	-0.0	-0.31890383218963075
2.0036080433954777	-0.0	-0.3167026341352106
2.005108873390531	-0.0	-0.31449673552664215
2.006609703385583	-0.0	-0.31228617840756223
2.0081105333806364	-0.0	-0.31007100487949935
2.009611363375689	-0.0	-0.30785125710271255
2.011112193370742	-0.0	-0.30562697729669785
2.0126130233657946	-0.0	-0.3033982077356366
2.0141138533608474	-0.0	-0.3011649907515484
2.0156146833559005	-0.0	-0.2989273687330522
2.017115513350953	-0.0	-0.29668538412157514
2.0186163433460056	-0.0	-0.2944390794148662
2.020117173341059	-0.0	-0.2921884971636559
2.021618003336111	-0.0	-0.28993367997062763
2.0231188333311643	-0.0	-0.2876746704911642
2.024619663326217	-0.0	-0.2854115114314177
2.0261204933212698	-0.0	-0.2831442455489127
2.0276213233163225	-0.0	-0.28087291565170286
2.0291221533113752	-0.0	-0.27859756459617196
2.0306229833064284	-0.0	-0.27631823528656047
2.0321238133014807	-0.0	-0.2740349706752866
2.0336246432965335	-0.0	-0.2717478137619038
2.0351254732915867	-0.0	-0.26945680759310103
2.036626303286639	-0.0	-0.2671619952598218
2.038127133281692	-0.0	-0.2648634198987466
2.039627963276745	-0.0	-0.2625611246909517
2.0411287932717976	-0.0	-0.2602551528584095
2.0426296232668504	-0.0	-0.2579455476684798
2.044130453261903	-0.0	-0.25563235242981414
2.0456312832569563	-0.0	-0.25331561049126616
2.0471321132520086	-0.0	-0.25099536524326305
2.048632943247062	-0.0	-0.24867166011578037
2.0501337732421145	-0.0	-0.24634453857764374
2.0516346032371673	-0.0	-0.24401404413619152
2.05313543323222	-0.0	-0.24168022033541153
2.0546362632272728	-0.0	-0.2393431107567132
2.0561370932223255	-0.0	-0.23700275901931112
2.0576379232173783	-0.0	-0.23465920877444152
2.059138753212431	-0.0	-0.232312503710413
2.060639583207484	-0.0	-0.2299626875499391
2.0621404132025365	-0.0	-0.22760980404690165
2.0636412431975897	-0.0	-0.22525389698812187
2.0651420731926424	-0.0	-0.22289501019286073
2.066642903187695	-0.0	-0.22053318751110157
2.068143733182748	-0.0	-0.2181684728231963
2.0696445631778007	-0.0	-0.21580091003953258
2.071145393172854	-0.0	-0.2134305430981204
2.072646223167906	-0.0	-0.21105741596620795
2.074147053162959	-0.0	-0.20868157263748446
2.075647883158012	-0.0	-0.20630305713278763
2.0771487131530644	-0.0	-0.20392191349794445
2.0786495431481176	-0.0	-0.20153818580506347
2.0801503731431703	-0.0	-0.199151918150304
2.081651203138223	-0.0	-0.1967631546534994
2.083152033133276	-0.0	-0.1943719394585545
2.0846528631283285	-0.0	-0.19197831672906743
2.0861536931233817	-0.0	-0.189582330651455
2.087654523118434	-0.0	-0.1871840254330917
2.089155353113487	-0.0	-0.1847834453013967
2.09065618310854	-0.0	-0.18238063450255998
2.0921570131035927	-0.0	-0.17997563730091143
2.0936578430986454	-0.0	-0.17756849797992158
2.095158673093698	-0.0	-0.17515926083981154
2.096659503088751	-0.0	-0.17274797019604093
2.0981603330838037	-0.0	-0.17033467038023278
2.0996611630788564	-0.0	-0.16791940573917474
2.1011619930739096	-0.0	-0.16550222063334194
2.102662823068962	-0.0	-0.16308315943664503
2.104163653064015	-0.0	-0.1606622665361759
2.105664483059068	-0.0	-0.15823958633083798
2.1071653130541206	-0.0	-0.15581516322926695
2.1086661430491733	-0.0	-0.15338904165208334
2.110166973044226	-0.0	-0.15096126602896262
2.111667803039279	-0.0	-0.14853188079853913
2.1131686330343316	-0.0	-0.1461009304082236
2.1146694630293843	-0.0	-0.14366845931164518
2.1161702930244375	-0.0	-0.14123451197013778
2.11767112301949	-0.0	-0.1387991328505962
2.119171953014543	-0.0	-0.13636236642541927
2.1206727830095957	-0.0	-0.13392425717212045
2.1221736130046485	-0.0	-0.13148484957038853
2.123674442999701	-0.0	-0.12904418810376234
2.125175272994754	-0.0	-0.1266023172589397
2.126676102989807	-0.0	-0.12415928152235484
2.1281769329848594	-0.0	-0.12171512538240005
2.129677762979912	-0.0	-0.11926989332780046
2.1311785929749654	-0.0	-0.11682362984523305
2.132679422970018	-0.0	-0.11437637942140484
2.134180252965071	-0.0	-0.11192818654048813
2.1356810829601236	-0.0	-0.10947909568314142
2.1371819129551763	-0.0	-0.10702915132702151
2.138682742950229	-0.0	-0.10457839794521843
2.140183572945282	-0.0	-0.10212688000547995
2.141684402940335	-0.0	-0.0996746419700647
2.1431852329353873	-0.0	-0.09722172829425585
2.1446860629304405	-0.0	-0.09476818342658871
2.1461868929254933	-0.0	-0.09231405180736207
2.147687722920546	-0.0	-0.08985937786765806
2.1491885529155987	-0.0	-0.08740420602922763
2.1506893829106515	-0.0	-0.08494858070359605
2.1521902129057042	-0.0	-0.0824925462915323
2.153691042900757	-0.0	-0.08003614718169556
2.1551918728958097	-0.0	-0.07757942775023306
2.156692702890863	-0.0	-0.07512243236067366
2.158193532885915	-0.0	-0.07266520536215254
2.1596943628809684	-0.0	-0.0702077910888078
2.161195192876021	-0.0	-0.06775023386031911
2.162696022871074	-0.0	-0.06529257797932207
2.1641968528661266	-0.0	-0.06283486773203935
2.1656976828611794	-0.0	-0.06037714738729119
2.1671985128562326	-0.0	-0.057919461194869244
2.168699342851285	-0.0	-0.055461853385938745
2.1702001728463376	-0.0	-0.053004368172164695
2.171701002841391	-0.0	-0.05054704974467856
2.1732018328364435	-0.0	-0.04808994227279757
2.1747026628314963	-0.0	-0.04563308990431487
2.176203492826549	-0.0	-0.0431765367645725
2.1777043228216018	-0.0	-0.040720326955001586
2.1792051528166545	-0.0	-0.038264504553743035
2.1807059828117072	-0.0	-0.03580911361305148
2.1822068128067604	-0.0	-0.03335419815969524
2.1837076428018127	-0.0	-0.030899802195247544
2.1852084727968655	-0.0	-0.02844596969360038
2.1867093027919187	-0.0	-0.02599274460094478
2.1882101327869714	-0.0	-0.023540170834893584
2.189710962782024	-0.0	-0.021088292284449042
2.191211792777077	-0.0	-0.01863715280873372
2.1927126227721296	-0.0	-0.016186796235398895
2.1942134527671824	-0.0	-0.013737266361759592
2.195714282762235	-0.0	-0.01128860695310822
2.1972151127572883	-0.0	-0.008840861741509018
2.198715942752341	-0.0	-0.006394074426433765
2.200216772747394	-0.0	-0.003948288672410809
2.2017176027424465	-0.0	-0.0015035481097717314
2.2032184327374993	-0.0	0.0009401036660941688
2.204719262732552	-0.0	0.0033826230975127413
2.2062200927276048	-0.0	0.0058239666626663895
2.2077209227226575	-0.0	0.008264090877127876
2.2092217527177103	-0.0	0.010702952295787105
2.210722582712763	-0.0	0.013140507511278033
2.212223412707816	-0.0	0.015576713156493774
2.213724242702869	-0.0	0.018011525904941438
2.2152250726979217	-0.0	0.020444902469996626
2.2167259026929744	-0.0	0.022876799607992993
2.218226732688027	-0.0	0.0253071741178489
2.21972756268308	-0.0	0.027735982840312663
2.2212283926781327	-0.0	0.03016318266032393
2.222729222673186	-0.0	0.032588730507680616
2.224230052668238	-0.0	0.03501258335735674
2.225730882663291	-0.0	0.03743469822955214
2.227231712658344	-0.0	0.0398550321913511
2.228732542653397	-0.0	0.04227354235675472
2.2302333726484496	-0.0	0.044690185887769726
2.2317342026435023	-0.0	0.04710491999482686
2.233235032638555	-0.0	0.049517701937126506
2.234735862633608	-0.0	0.0519284890240696
2.2362366926286605	-0.0	0.05433723861540907
2.2377375226237137	-0.0	0.05674390812206814
2.2392383526187665	-0.0	0.05914845500734476
2.2407391826138188	-0.0	0.06155083678616834
2.242240012608872	-0.0	0.06395101102588696
2.2437408426039247	-0.0	0.06634893534871537
2.2452416725989774	-0.0	0.06874456743148306
2.24674250259403	-0.0	0.07113786500553135
2.248243332589083	-0.0	0.07352878585760346
2.2497441625841357	-0.0	0.0759172878309783
2.2512449925791884	-0.0	0.07830332882613052
2.2527458225742416	-0.0	0.080686866801053
2.2542466525692944	-0.0	0.08306785977191446
2.255747482564347	-0.0	0.08544626581367094
2.2572483125594	-0.0	0.08782204306128526
2.2587491425544526	-0.0	0.09019514970920216
2.2602499725495053	-0.0	0.09256554401238054
2.261750802544558	-0.0	0.09493318428749095
2.263251632539611	-0.0	0.09729802891402047
2.2647524625346636	-0.0	0.09966003633410632
2.2662532925297163	-0.0	0.10201916505174302
2.2677541225247695	-0.0	0.10437537363551815
2.2692549525198222	-0.0	0.10672862071849105
2.270755782514875	-0.0	0.10907886499867714
2.2722566125099277	-0.0	0.11142606524034587
2.2737574425049805	-0.0	0.11377018027363704
2.275258272500033	-0.0	0.11611116899562066
2.276759102495086	-0.0	0.11844899037127249
2.278259932490139	-0.0	0.12078360343314122
2.279760762485192	-0.0	0.12311496728247995
2.281261592480244	-0.0	0.12544304109034196
2.2827624224752974	-0.0	0.12776778409712072
2.28426325247035	-0.0	0.1300891556146188
2.285764082465403	-0.0	0.13240711502522842
2.2872649124604556	-0.0	0.13472162178269428
2.2887657424555083	-0.0	0.13703263541366814
2.290266572450561	-0.0	0.13934011551709283
2.291767402445614	-0.0	0.14164402176581112
2.293268232440667	-0.0	0.1439443139061774
2.2947690624357198	-0.0	0.14624095175902624
2.2962698924307725	-0.0	0.14853389522227423
2.2977707224258253	-0.0	0.15082310426755638
2.299271552420878	-0.0	0.15310853894235074
2.3007723824159307	-0.0	0.15539015937360526
2.3022732124109835	-0.0	0.15766792576345318
2.3037740424060362	-0.0	0.1599417983925961
2.3052748724010894	-0.0	0.1622117376209294
2.3067757023961417	-0.0	0.16447770388719082
2.308276532391195	-0.0	0.16673965770923896
2.3097773623862476	-0.0	0.16899755968615
2.3112781923813004	-0.0	0.17125137049806288
2.312779022376353	-0.0	0.17350105090482695
2.314279852371406	-0.0	0.175746561749815
2.3157806823664586	-0.0	0.17798786395879185
2.3172815123615114	-0.0	0.18022491853937436
2.318782342356564	-0.0	0.18245768658385883
2.3202831723516173	-0.0	0.18468612926837252
2.3217840023466696	-0.0	0.1869102078531071
2.323284832341723	-0.0	0.18912988368518754
2.3247856623367755	-0.0	0.19134511819609903
2.3262864923318283	-0.0	0.19355587290307194
2.327787322326881	-0.0	0.195762109411747
2.3292881523219338	-0.0	0.19796378941375958
2.3307889823169865	-0.0	0.20016087468963867
2.3322898123120392	-0.0	0.20235332710868664
2.3337906423070924	-0.0	0.20454110862845434
2.335291472302145	-0.0	0.20672418129543255
2.3367923022971975	-0.0	0.2089025072471068
2.3382931322922507	-0.0	0.21107604871114613
2.3397939622873034	-0.0	0.21324476800603193
2.341294792282356	-0.0	0.2154086275433023
2.342795622277409	-0.0	0.2175675898249472
2.3442964522724616	-0.0	0.21972161744496843
2.345797282267515	-0.0	0.22187067309314792
2.347298112262567	-0.0	0.22401471955282384
2.3487989422576203	-0.0	0.22615371969866208
2.350299772252673	-0.0	0.2282876365016426
2.351800602247726	-0.0	0.23041643302864567
2.3533014322427785	-0.0	0.232540072441897
2.3548022622378313	-0.0	0.23465851799886148
2.356303092232884	-0.0	0.23677173305602495
2.3578039222279368	-0.0	0.23887968106608798
2.3593047522229895	-0.0	0.24098232557849056
2.3608055822180427	-0.0	0.2430796302429767
2.362306412213095	-0.0	0.24517155880590039
2.363807242208148	-0.0	0.24725807511489048
2.365308072203201	-0.0	0.2493391431170154
2.3668089021982537	-0.0	0.2514147268591783
2.3683097321933064	-0.0	0.2534847904897306
2.369810562188359	-0.0	0.25554929825716827
2.371311392183412	-0.0	0.25760821451399235
2.3728122221784647	-0.0	0.25966150371389796
2.374313052173518	-0.0	0.2617091304133761
2.3758138821685706	-0.0	0.2637510592724098
2.377314712163623	-0.0	0.26578725505567824
2.378815542158676	-0.0	0.26781768263134076
2.380316372153729	-0.0	0.2698423069725352
2.3818172021487816	-0.0	0.27186109315894946
2.3833180321438343	-0.0	0.273874006374762
2.384818862138887	-0.0	0.2758810119118712
2.3863196921339402	-0.0	0.27788207516805286
2.3878205221289925	-0.0	0.2798771616493044
2.3893213521240457	-0.0	0.28186623696882307
2.3908221821190985	-0.0	0.2838492668497799
2.3923230121141508	-0.0	0.2858262171236438
2.393823842109204	-0.0	0.28779705372976067
2.3953246721042567	-0.0	0.28976174271997474
2.3968255020993094	-0.0	0.29172025025498044
2.398326332094362	-0.0	0.29367254260623904
2.399827162089415	-0.0	0.2956185861576036
2.401327992084468	-0.0	0.2975583474054092
2.4028288220795204	-0.0	0.2994917929579666
2.4043296520745736	-0.0	0.30141888953550905
2.4058304820696264	-0.0	0.3033396039737018
2.407331312064679	-0.0	0.30525390322146156
2.408832142059732	-0.0	0.3071617543409708
2.4103329720547846	-0.0	0.3090631245102461
2.4118338020498373	-0.0	0.3109579810255419
2.41333463204489	-0.0	0.31284629129649855
2.414835462039943	-0.0	0.3147280228476958
2.416336292034996	-0.0	0.3166031433246792
2.4178371220300483	-0.0	0.3184716204882781
2.4193379520251015	-0.0	0.32033342221694044
2.4208387820201542	-0.0	0.32218851650931707
2.422339612015207	-0.0	0.32403687148310156
2.4238404420102597	-0.0	0.3258784553744658
2.4253412720053125	-0.0	0.32771323654062395
2.4268421020003657	-0.0	0.3295411834601606
2.428342931995418	-0.0	0.33136226473108205
2.429843761990471	-0.0	0.33317644907433913
2.431344591985524	-0.0	0.3349837053330739
2.432845421980576	-0.0	0.3367840024733453
2.4343462519756294	-0.0	0.338577309583505
2.435847081970682	-0.0	0.34036359587725135
2.437347911965735	-0.0	0.3421428306906262
2.4388487419607876	-0.0	0.34391498348575533
2.4403495719558403	-0.0	0.3456800238501413
2.4418504019508935	-0.0	0.3474379214977449
2.443351231945946	-0.0	0.3491886462681393
2.444852061940999	-0.0	0.3509321681280313
2.4463528919360518	-0.0	0.35266845717141354
2.447853721931104	-0.0	0.3543974836200641
2.4493545519261573	-0.0	0.3561192178269632
2.45085538192121	-0.0	0.357833630270324
2.452356211916263	-0.0	0.35954069155952034
2.4538570419113155	-0.0	0.3612403724360018
2.4553578719063682	-0.0	0.3629326437699974
2.4568587019014214	-0.0	0.3646174765623694
2.4583595318964737	-0.0	0.36629484194762796
2.459860361891527	-0.0	0.36796471119005647
2.4613611918865796	-0.0	0.36962705569018006
2.4628620218816324	-0.0	0.3712818469811035
2.464362851876685	-0.0	0.3729290567269209
2.465863681871738	-0.0	0.37456865673012235
2.467364511866791	-0.0	0.3762006189265962
2.4688653418618434	-0.0	0.37782491538596163
2.470366171856896	-0.0	0.37944151831765327
2.4718670018519493	-0.0	0.381050400064883
2.4733678318470016	-0.0	0.38265153311148714
2.474868661842055	-0.0	0.3842448900769517
2.4763694918371075	-0.0	0.38583044371643554
2.4778703218321603	-0.0	0.3874081669291663
2.479371151827213	-0.0	0.388978032750678
2.4808719818222658	-0.0	0.3905400143589552
2.482372811817319	-0.0	0.3920940850719227
2.4838736418123712	-0.0	0.3936402183466966
2.4853744718074244	-0.0	0.39517838778303777
2.486875301802477	-0.0	0.3967085671253676
2.4883761317975295	-0.0	0.3982307302582098
2.4898769617925827	-0.0	0.3997448512103278
2.4913777917876354	-0.0	0.4012509041569026
2.492878621782688	-0.0	0.40274886341414196
2.494379451777741	-0.0	0.4042387034449808
2.4958802817727936	-0.0	0.40572039885987676
2.497381111767847	-0.0	0.40719392441270424
2.498881941762899	-0.0	0.4086592550067327
2.5003827717579523	-0.0	0.4101163656919406
2.501883601753005	-0.0	0.41156523166474673
2.503384431748058	-0.0	0.41300582827268495
2.5048852617431105	-0.0	0.41443813101135263
2.5063860917381633	-0.0	0.41586211552687
2.5078869217332165	-0.0	0.41727775761725383
2.509387751728269	-0.0	0.41868503322827433
2.5108885817233215	-0.0	0.4200839184583378
2.5123894117183747	-0.0	0.4214743895599567
2.513890241713427	-0.0	0.422856422933596
2.51539107170848	-0.0	0.42422999514096993
2.516891901703533	-0.0	0.4255950828932526
2.5183927316985857	-0.0	0.4269516630536251
2.5198935616936384	-0.0	0.42829971264323075
2.521394391688691	-0.0	0.4296392088396168
2.5228952216837444	-0.0	0.4309701289799294
2.5243960516787967	-0.0	0.4322924505509038
2.5258968816738494	-0.0	0.4336061511994703
2.5273977116689026	-0.0	0.43491120873486755
2.528898541663955	-0.0	0.43620760111955237
2.530399371659008	-0.0	0.43749530647690754
2.531900201654061	-0.0	0.4387743030942327
2.5334010316491136	-0.0	0.4400445694137197
2.5349018616441663	-0.0	0.44130608404010885
2.536402691639219	-0.0	0.44255882574295446
2.5379035216342722	-0.0	0.44380277345172386
2.5394043516293245	-0.0	0.44503790626046263
2.5409051816243777	-0.0	0.44626420342336065
2.5424060116194305	-0.0	0.4474816443596113
2.5439068416144828	-0.0	0.4486902086591906
2.545407671609536	-0.0	0.44988987607262126
2.5469085016045887	-0.0	0.4510806265118693
2.5484093315996414	-0.0	0.4522624400617086
2.549910161594694	-0.0	0.45343529697519447
2.551410991589747	-0.0	0.4545991776682035
2.5529118215848	-0.0	0.4557540627265119
2.5544126515798524	-0.0	0.45689993290485237
2.5559134815749056	-0.0	0.4580367691286894
2.5574143115699584	-0.0	0.45916455249646626
2.558915141565011	-0.0	0.460283264270867
2.560415971560064	-0.0	0.461392885887559
2.5619168015551166	-0.0	0.4624933989585958
2.5634176315501698	-0.0	0.46358478526338326
2.564918461545222	-0.0	0.46466702675508725
2.566419291540275	-0.0	0.46574010556620044
2.567920121535328	-0.0	0.46680400399672006
2.5694209515303803	-0.0	0.46785870452460643
2.5709217815254335	-0.0	0.46890418980316556
2.5724226115204862	-0.0	0.46994044265938517
2.573923441515539	-0.0	0.4709674461005551
2.5754242715105917	-0.0	0.4719851833078549
2.5769251015056445	-0.0	0.4729936376429928
2.5784259315006977	-0.0	0.4739927926457324
2.57992676149575	-0.0	0.4749826320338046
2.581427591490803	-0.0	0.4759631397030095
2.582928421485856	-0.0	0.4769342997308781
2.584429251480908	-0.0	0.47789609637564107
2.5859300814759614	-0.0	0.478848514077482
2.587430911471014	-0.0	0.4797915374578807
2.588931741466067	-0.0	0.48072515131921095
2.5904325714611196	-0.0	0.48164934064807396
2.5919334014561723	-0.0	0.48256409061666244
2.5934342314512255	-0.0	0.48346938657812766
2.594935061446278	-0.0	0.4843652140706021
2.596435891441331	-0.0	0.48525155881563664
2.5979367214363838	-0.0	0.48612840672171415
2.5994375514314365	-0.0	0.4869957438901584
2.6009383814264893	-0.0	0.48785355660059804
2.602439211421542	-0.0	0.4887018313213046
2.6039400414165947	-0.0	0.48954055471081054
2.6054408714116475	-0.0	0.49036971361650367
2.6069417014067002	-0.0	0.4911892950719828
2.6084425314017534	-0.0	0.4919992863022265
2.6099433613968057	-0.0	0.4927996747199963
2.611444191391859	-0.0	0.49359044792964607
2.6129450213869116	-0.0	0.49437159372932293
2.6144458513819644	-0.0	0.4951431001034312
2.615946681377017	-0.0	0.4959049552341168
2.61744751137207	-0.0	0.4966571474907628
2.618948341367123	-0.0	0.4973996654388017
2.6204491713621754	-0.0	0.4981324978369693
2.621950001357228	-0.0	0.49885563363329133
2.6234508313522813	-0.0	0.4995690619770304
2.6249516613473336	-0.0	0.5002727722117417
2.626452491342387	-0.0	0.5009667538708251
2.6279533213374395	-0.0	0.5016509966850433
2.6294541513324923	-0.0	0.5023254905863214
2.630954981327545	-0.0	0.5029902257010161
2.6324558113225978	-0.0	0.5036451923504333
2.633956641317651	-0.0	0.5042903810577992
2.6354574713127032	-0.0	0.5049257825373141
2.6369583013077564	-0.0	0.5055513877057457
2.638459131302809	-0.0	0.5061671876804704
2.639959961297862	-0.0	0.5067731737749599
2.6414607912929147	-0.0	0.5073693375101368
2.6429616212879674	-0.0	0.507955670598895
2.64446245128302	-0.0	0.5085321649494663
2.645963281278073	-0.0	0.5090988126844492
2.6474641112731256	-0.0	0.5096556061250903
2.648964941268179	-0.0	0.5102025377893976
2.650465771263231	-0.0	0.510739600398012
2.6519666012582843	-0.0	0.5112667868748827
2.653467431253337	-0.0	0.5117840903474242
2.65496826124839	-0.0	0.5122915041453789
2.6564690912434425	-0.0	0.5127890218045621
2.6579699212384953	-0.0	0.5132766370627656
2.6594707512335485	-0.0	0.5137543438618571
2.660971581228601	-0.0	0.5142221363488523
2.6624724112236535	-0.0	0.5146800088757669
2.6639732412187067	-0.0	0.5151279559988223
2.665474071213759	-0.0	0.515565972481801
2.666974901208812	-0.0	0.5159940532890752
2.668475731203865	-0.0	0.5164121935974056
2.6699765611989177	-0.0	0.5168203887897646
2.6714773911939704	-0.0	0.5172186344506938
2.672978221189023	-0.0	0.517606926373268
2.6744790511840764	-0.0	0.5179852605574483
2.6759798811791287	-0.0	0.5183536332151217
2.6774807111741814	-0.0	0.5187120407632498
2.6789815411692346	-0.0	0.5190604798213162
2.6804823711642873	-0.0	0.519398947224799
2.68198320115934	-0.0	0.5197274400122349
2.683484031154393	-0.0	0.5200459554322466
2.6849848611494456	-0.0	0.5203544909465664
2.6864856911444983	-0.0	0.5206530442176273
2.687986521139551	-0.0	0.5209416131197325
2.6894873511346042	-0.0	0.5212201957404617
2.6909881811296565	-0.0	0.5214887903761305
2.6924890111247097	-0.0	0.5217473955263254
2.6939898411197625	-0.0	0.5219960099041313
2.695490671114815	-0.0	0.5222346324339484
2.696991501109868	-0.0	0.5224632622455012
2.6984923311049207	-0.0	0.5226818986849711
2.6999931610999734	-0.0	0.5228905413079781
2.701493991095026	-0.0	0.5230891898743474
2.702994821090079	-0.0	0.5232778443582621
2.704495651085132	-0.0	0.523456504940838
2.7059964810801844	-0.0	0.5236251720187881
2.7074973110752376	-0.0	0.5237838461977188
2.7089981410702904	-0.0	0.5239325282921012
2.710498971065343	-0.0	0.5240712193291932
2.711999801060396	-0.0	0.5241999205456355
2.7135006310554486	-0.0	0.5243186333855934
2.7150014610505018	-0.0	0.5244273595060924
2.716502291045554	-0.0	0.5245261007797181
2.718003121040607	-0.0	0.524614859283085
2.71950395103566	-0.0	0.524693637303819
2.7210047810307127	-0.0	0.5247624373444766
2.7225056110257655	-0.0	0.524821262114834
2.7240064410208182	-0.0	0.5248701145363626
2.725507271015871	-0.0	0.5249089977350343
2.7270081010109237	-0.0	0.5249379150512348
2.7285089310059765	-0.0	0.5249568700451722
2.7300097610010297	-0.0	0.5249658664724481
2.731510590996082	-0.0	0.5249649083007747
2.7330114209911347	-0.0	0.5249539997200818
2.734512250986188	-0.0	0.5249331451155538
2.7360130809812406	-0.0	0.5249023490878146
2.7375139109762934	-0.0	0.5248616164500709
2.739014740971346	-0.0	0.5248109522098588
2.740515570966399	-0.0	0.5247503616022214
2.7420164009614516	-0.0	0.5246798500640488
2.7435172309565043	-0.0	0.5245994232391454
2.7450180609515575	-0.0	0.5245090869832882
2.7465188909466103	-0.0	0.5244088473555897
2.748019720941663	-0.0	0.5242987106270054
2.7495205509367158	-0.0	0.5241786832692283
2.7510213809317685	-0.0	0.5240487719714997
2.7525222109268213	-0.0	0.5239089836275339
2.754023040921874	-0.0	0.5237593253297577
2.7555238709169267	-0.0	0.5235998043866664
2.7570247009119795	-0.0	0.5234304283105724
2.7585255309070322	-0.0	0.523251204814627
2.7600263609020854	-0.0	0.5230621418246381
2.761527190897138	-0.0	0.5228632474735406
2.763028020892191	-0.0	0.5226545300856125
2.7645288508872436	-0.0	0.5224359982023652
2.7660296808822964	-0.0	0.5222076605696632
2.767530510877349	-0.0	0.5219695261272197
2.769031340872402	-0.0	0.5217216040298642
2.770532170867455	-0.0	0.5214639036263488
2.7720330008625074	-0.0	0.5211964344704906
2.77353383085756	-0.0	0.5209192063266733
2.7750346608526133	-0.0	0.5206322291459173
2.776535490847666	-0.0	0.5203355130910486
2.778036320842719	-0.0	0.5200290685272395
2.7795371508377715	-0.0	0.5197129060125867
2.7810379808328243	-0.0	0.5193870363096506
2.782538810827877	-0.0	0.5190514703805731
2.7840396408229298	-0.0	0.5187062193839345
2.785540470817983	-0.0	0.51835129468055
2.7870413008130357	-0.0	0.5179867078256664
2.7885421308080884	-0.0	0.5176124705723735
2.790042960803141	-0.0	0.5172285948781606
2.791543790798194	-0.0	0.5168350928841386
2.7930446207932467	-0.0	0.5164319769333676
2.7945454507882994	-0.0	0.516019259563847
2.796046280783352	-0.0	0.515596953511013
2.797547110778405	-0.0	0.5151650717056391
2.7990479407734576	-0.0	0.5147236272648854
2.800548770768511	-0.0	0.5142726335019892
2.8020496007635636	-0.0	0.5138121039191078
2.8035504307586163	-0.0	0.5133420522137639
2.805051260753669	-0.0	0.5128624922807781
2.806552090748722	-0.0	0.5123734381969186
2.8080529207437745	-0.0	0.5118749042273378
2.8095537507388273	-0.0	0.5113669048281518
2.81105458073388	-0.0	0.5108494546453125
2.812555410728933	-0.0	0.5103225685153744
2.8140562407239855	-0.0	0.5097862614567759
2.8155570707190387	-0.0	0.5092405486754791
2.8170579007140915	-0.0	0.5086854455609292
2.818558730709144	-0.0	0.5081209676937294
2.820059560704197	-0.0	0.5075471308345816
2.8215603906992497	-0.0	0.5069639509227424
2.8230612206943024	-0.0	0.5063714440878401
2.824562050689355	-0.0	0.5057696266405174
2.8260628806844084	-0.0	0.5051585150665411
2.827563710679461	-0.0	0.5045381260368902
2.8290645406745134	-0.0	0.5039084764040848
2.8305653706695666	-0.0	0.5032695831879928
2.8320662006646193	-0.0	0.5026214636006939
2.833567030659672	-0.0	0.5019641350274319
2.835067860654725	-0.0	0.5012976150195955
2.8365686906497776	-0.0	0.5006219213161902
2.8380695206448303	-0.0	0.4999370718281
2.839570350639883	-0.0	0.4992430846383829
2.8410711806349362	-0.0	0.49853997800314076
2.842572010629989	-0.0	0.49782777034948444
2.8440728406250417	-0.0	0.49710648027917737
2.8455736706200945	-0.0	0.49637612655805724
2.847074500615147	-0.0	0.4956367281279271
2.8485753306102	-0.0	0.49488830409899176
2.8500761606052527	-0.0	0.49413087374819326
2.8515769906003055	-0.0	0.4933644565170656
2.853077820595358	-0.0	0.49258907201247465
2.854578650590411	-0.0	0.49180474001527286
2.856079480585464	-0.0	0.49101148045788534
2.857580310580517	-0.0	0.49020931343438867
2.8590811405755696	-0.0	0.4893982592217046
2.8605819705706224	-0.0	0.4885783382426684
2.862082800565675	-0.0	0.487749571080047
2.863583630560728	-0.0	0.486911978486507
2.8650844605557806	-0.0	0.48606558135994443
2.8665852905508338	-0.0	0.4852104007623847
2.8680861205458865	-0.0	0.48434645791659886
2.869586950540939	-0.0	0.48347377419400844
2.871087780535992	-0.0	0.48259237112480163
2.8725886105310448	-0.0	0.4817022703930138
2.8740894405260975	-0.0	0.48080349383190435
2.8755902705211502	-0.0	0.4798960634350156
2.877091100516203	-0.0	0.4789800013382899
2.8785919305112557	-0.0	0.4780553298276514
2.8800927605063085	-0.0	0.4771220713483275
2.8815935905013617	-0.0	0.4761802484859109
2.8830944204964144	-0.0	0.4752298839646771
2.8845952504914667	-0.0	0.4742710006692029
2.88609608048652	-0.0	0.47330362163173584
2.8875969104815726	-0.0	0.4723277700170291
2.8890977404766254	-0.0	0.4713434691331049
2.890598570471678	-0.0	0.4703507424355819
2.892099400466731	-0.0	0.46934961351402726
2.893600230461784	-0.0	0.4683401061098211
2.8951010604568364	-0.0	0.4673222440951292
2.8966018904518895	-0.0	0.46629605148222425
2.8981027204469423	-0.0	0.46526155242143274
2.899603550441995	-0.0	0.4642187711953835
2.9011043804370478	-0.0	0.4631677322267011
2.9026052104321005	-0.0	0.4621084600671685
2.9041060404271533	-0.0	0.4610409794072699
2.905606870422206	-0.0	0.4599653150678685
2.9071077004172587	-0.0	0.4588814919921988
2.908608530412312	-0.0	0.4577895352634727
2.9101093604073642	-0.0	0.45668947009099053
2.9116101904024174	-0.0	0.45558132180823635
2.91311102039747	-0.0	0.4544651158863598
2.914611850392523	-0.0	0.45334087791309335
2.9161126803875757	-0.0	0.4522086335965436
2.9176135103826284	-0.0	0.4510684087843321
2.919114340377681	-0.0	0.4499202294349116
2.920615170372734	-0.0	0.4487641216254078
2.922116000367787	-0.0	0.4476001115678192
2.92361683036284	-0.0	0.4464282255778004
2.925117660357892	-0.0	0.4452484901033452
2.9266184903529453	-0.0	0.44406093170762506
2.928119320347998	-0.0	0.442865577061018
2.929620150343051	-0.0	0.44166245295623646
2.9311209803381035	-0.0	0.4404515863067739
2.9326218103331563	-0.0	0.43923300412940974
2.9341226403282095	-0.0	0.43800673356357234
2.9356234703232618	-0.0	0.4367728018512734
2.937124300318315	-0.0	0.43553123634513397
2.9386251303133677	-0.0	0.43428206451563434
2.94012596030842	-0.0	0.43302531393946264
2.941626790303473	-0.0	0.4317610123006988
2.943127620298526	-0.0	0.43048918738397185
2.9446284502935787	-0.0	0.42920986708496406
2.9461292802886314	-0.0	0.42792307940375357
2.947630110283684	-0.0	0.4266288524497333
2.9491309402787373	-0.0	0.42532721442811117
2.9506317702737896	-0.0	0.4240181936430535
2.952132600268843	-0.0	0.4227018185090034
2.9536334302638956	-0.0	0.4213781175395845
2.9551342602589483	-0.0	0.42004711933297256
2.956635090254001	-0.0	0.41870885259904417
2.958135920249054	-0.0	0.4173633461469672
2.9596367502441066	-0.0	0.41601062887554763
2.9611375802391593	-0.0	0.41465072977972045
2.962638410234212	-0.0	0.4132836779494033
2.9641392402292652	-0.0	0.41190950256842357
2.9656400702243175	-0.0	0.41052823291107887
2.9671409002193707	-0.0	0.4091398983509769
2.9686417302144235	-0.0	0.4077445283380109
2.970142560209476	-0.0	0.406342152415762
2.971643390204529	-0.0	0.4049328002274544
2.9731442201995817	-0.0	0.4035165015003281
2.974645050194635	-0.0	0.40209328604027583
2.976145880189687	-0.0	0.4006631837535547
2.9776467101847404	-0.0	0.3992262246180098
2.979147540179793	-0.0	0.39778243869056445
2.9806483701748454	-0.0	0.3963318561362181
2.9821492001698986	-0.0	0.39487450718127576
2.9836500301649513	-0.0	0.39341042214462113
2.985150860160004	-0.0	0.391939631420813
2.986651690155057	-0.0	0.39046216548417273
2.9881525201501096	-0.0	0.3889780548909662
2.9896533501451628	-0.0	0.38748733027032367
2.991154180140215	-0.0	0.385990022344712
2.9926550101352682	-0.0	0.3844861618982554
2.994155840130321	-0.0	0.3829757797954136
2.9956566701253737	-0.0	0.38145890697438
2.9971575001204265	-0.0	0.3799355744446774
2.998658330115479	-0.0	0.3784058132988271
3.000159160110532	-0.0	0.37687284562639434
