0.0	-0.0	-0.0030016827688541525
0.0015008299950527925	-0.0	-0.006003229528990164
0.003001659990105585	-0.0	-0.009004708165796953
0.004502489985158378	-0.0	-0.01200602314599588
0.00600331998021117	-0.0	-0.015007119352013864
0.0075041499752639615	-0.0	-0.01800794112256938
0.009004979970316756	-0.0	-0.021008432413639772
0.010505809965369548	-0.0	-0.024008536573876353
0.01200663996042234	-0.0	-0.02700819569259815
0.01350746995547513	-0.0	-0.030007350662743723
0.015008299950527923	-0.0	-0.03300594165874277
0.016509129945580715	-0.0	-0.036003908122720044
0.01800995994063351	-0.0	-0.03900118771206807
0.019510789935686303	-0.0	-0.041997715586523446
0.021011619930739096	-0.0	-0.044993423859428075
0.022512449925791888	-0.0	-0.04798824352378862
0.02401327992084468	-0.0	-0.05098210993626028
0.02551410991589747	-0.0	-0.05397496276832396
0.02701493991095026	-0.0	-0.05696674234572307
0.028515769906003054	-0.0	-0.05995738901864938
0.030016599901055846	-0.0	-0.06294684326730389
0.03151742989610864	-0.0	-0.06593504550712337
0.03301825989116143	-0.0	-0.06892193611652067
0.03451908988621422	-0.0	-0.0719074555756228
0.03601991988126702	-0.0	-0.07489154448424659
0.037520749876319814	-0.0	-0.07787414335906216
0.03902157987137261	-0.0	-0.08085519272147398
0.0405224098664254	-0.0	-0.08383463322929444
0.04202323986147819	-0.0	-0.08681240553445502
0.043524069856530984	-0.0	-0.0897884503223234
0.045024899851583776	-0.0	-0.09276270833019698
0.04652572984663657	-0.0	-0.0957351203153831
0.04802655984168936	-0.0	-0.09870562706929108
0.04952738983674215	-0.0	-0.10167416946148372
0.05102821983179494	-0.0	-0.10464068839373947
0.05252904982684774	-0.0	-0.10760512479383857
0.05402987982190052	-0.0	-0.11056741964315547
0.05553070981695332	-0.0	-0.11352751396367622
0.05703153981200611	-0.0	-0.11648534881707392
0.05853236980705891	-0.0	-0.11944086536544132
0.06003319980211169	-0.0	-0.12239400478903173
0.06153402979716449	-0.0	-0.1253447082497899
0.06303485979221728	-0.0	-0.12829291701633108
0.06453568978727008	-0.0	-0.1312385724677135
0.06603651978232286	-0.0	-0.1341816159567347
0.06753734977737566	-0.0	-0.13712198889296717
0.06903817977242845	-0.0	-0.14005963280049516
0.07053900976748124	-0.0	-0.14299448920558505
0.07203983976253404	-0.0	-0.14592649967996021
0.07354066975758683	-0.0	-0.14885560591355443
0.07504149975263963	-0.0	-0.151781749637283
0.07654232974769241	-0.0	-0.1547048725931203
0.07804315974274521	-0.0	-0.15762491663267011
0.079543989737798	-0.0	-0.16054182365517547
0.0810448197328508	-0.0	-0.16345553565807977
0.08254564972790358	-0.0	-0.16636599467577637
0.08404647972295638	-0.0	-0.16927314277187835
0.08554730971800917	-0.0	-0.1721769221644564
0.08704813971306197	-0.0	-0.17507727511644636
0.08854896970811475	-0.0	-0.17797414391941196
0.09004979970316755	-0.0	-0.18086747096230374
0.09155062969822034	-0.0	-0.18375719869887325
0.09305145969327314	-0.0	-0.18664326966635175
0.09455228968832592	-0.0	-0.18952562648722537
0.09605311968337872	-0.0	-0.19240421185662274
0.0975539496784315	-0.0	-0.19527896854863955
0.0990547796734843	-0.0	-0.19814983937750247
0.10055560966853709	-0.0	-0.2010167672493877
0.10205643966358988	-0.0	-0.20387969522677837
0.10355726965864268	-0.0	-0.2067385664429507
0.10505809965369547	-0.0	-0.20959332402899866
0.10655892964874826	-0.0	-0.21244391124410208
0.10805975964380105	-0.0	-0.21529027144412477
0.10956058963885383	-0.0	-0.2181323480371191
0.11106141963390664	-0.0	-0.22097008459887335
0.11256224962895943	-0.0	-0.22380342477400858
0.11406307962401221	-0.0	-0.22663231224047106
0.115563909619065	-0.0	-0.22945669081050676
0.11706473961411781	-0.0	-0.2322765043940443
0.1185655696091706	-0.0	-0.23509169695083362
0.12006639960422338	-0.0	-0.23790221258912742
0.1215672295992762	-0.0	-0.24070799553849567
0.12306805959432898	-0.0	-0.24350899007869958
0.12456888958938177	-0.0	-0.24630514059798322
0.12606971958443455	-0.0	-0.24909639159569946
0.12757054957948735	-0.0	-0.2518826876547178
0.12907137957454015	-0.0	-0.2546639734831085
0.13057220956959295	-0.0	-0.25744019388462724
0.13207303956464572	-0.0	-0.2602112937880456
0.13357386955969852	-0.0	-0.2629772182437853
0.13507469955475132	-0.0	-0.2657379123779804
0.1365755295498041	-0.0	-0.2684933214108598
0.1380763595448569	-0.0	-0.2712433907021302
0.1395771895399097	-0.0	-0.27398806574184054
0.1410780195349625	-0.0	-0.2767272920859873
0.14257884953001526	-0.0	-0.2794610154348902
0.1440796795250681	-0.0	-0.282189181636743
0.14558050952012086	-0.0	-0.2849117366272134
0.14708133951517366	-0.0	-0.2876286264604756
0.14858216951022643	-0.0	-0.2903397973122427
0.15008299950527926	-0.0	-0.29304519548498237
0.15158382950033203	-0.0	-0.2957447673965245
0.15308465949538483	-0.0	-0.29843845957662163
0.1545854894904376	-0.0	-0.3011262187206169
0.15608631948549043	-0.0	-0.3038079916185031
0.1575871494805432	-0.0	-0.30648372517996286
0.159087979475596	-0.0	-0.30915336649169856
0.16058880947064877	-0.0	-0.3118168627556637
0.1620896394657016	-0.0	-0.314474161267648
0.16359046946075437	-0.0	-0.31712520946177225
0.16509129945580717	-0.0	-0.3197699549465139
0.16659212945085994	-0.0	-0.3224083454511498
0.16809295944591277	-0.0	-0.325040328821059
0.16959378944096554	-0.0	-0.32766585305493134
0.17109461943601834	-0.0	-0.33028486630628423
0.17259544943107114	-0.0	-0.3328973168659677
0.17409627942612393	-0.0	-0.33550315312192247
0.1755971094211767	-0.0	-0.33810232364347353
0.1770979394162295	-0.0	-0.3406947771517772
0.1785987694112823	-0.0	-0.34328046246186283
0.1800995994063351	-0.0	-0.3458593285712904
0.18160042940138788	-0.0	-0.3484313246605575
0.18310125939644067	-0.0	-0.3509964000029989
0.18460208939149347	-0.0	-0.35355450404593625
0.18610291938654627	-0.0	-0.35610558642480666
0.18760374938159904	-0.0	-0.3586495968517954
0.18910457937665184	-0.0	-0.36118648522454044
0.19060540937170464	-0.0	-0.36371620160453183
0.19210623936675744	-0.0	-0.36623869619795274
0.1936070693618102	-0.0	-0.3687539193866744
0.195107899356863	-0.0	-0.3712618216801362
0.1966087293519158	-0.0	-0.3737623537811453
0.1981095593469686	-0.0	-0.3762554665495185
0.19961038934202138	-0.0	-0.3787411109639858
0.20111121933707418	-0.0	-0.38121923821254955
0.20261204933212695	-0.0	-0.3836897996594177
0.20411287932717975	-0.0	-0.3861527467769854
0.20561370932223258	-0.0	-0.38860803124433085
0.20711453931728535	-0.0	-0.3910556049206587
0.20861536931233815	-0.0	-0.3934954197973653
0.21011619930739095	-0.0	-0.3959274280285893
0.21161702930244372	-0.0	-0.39835158198010906
0.21311785929749652	-0.0	-0.40076783417264117
0.2146186892925493	-0.0	-0.403176137281249
0.2161195192876021	-0.0	-0.4055764441893434
0.21762034928265492	-0.0	-0.40796870793198176
0.21912117927770766	-0.0	-0.41035288171776446
0.2206220092727605	-0.0	-0.41272891895602004
0.2221228392678133	-0.0	-0.41509677322961996
0.22362366926286606	-0.0	-0.41745639827863024
0.22512449925791886	-0.0	-0.4198077480509837
0.22662532925297169	-0.0	-0.42215077666423534
0.22812615924802443	-0.0	-0.42448543840175285
0.22962698924307726	-0.0	-0.42681168775658296
0.23112781923813	-0.0	-0.42912947941539914
0.23262864923318283	-0.0	-0.43143876823120536
0.23412947922823563	-0.0	-0.4337395092569571
0.2356303092232884	-0.0	-0.43603165774400793
0.2371311392183412	-0.0	-0.4383151690969853
0.238631969213394	-0.0	-0.44058999893825923
0.24013279920844677	-0.0	-0.4428561030978073
0.2416336292034996	-0.0	-0.44511343756084154
0.2431344591985524	-0.0	-0.4473619585058308
0.24463528919360517	-0.0	-0.44960162235731843
0.24613611918865796	-0.0	-0.45183238571742196
0.24763694918371074	-0.0	-0.4540542053404604
0.24913777917876354	-0.0	-0.45626703822050235
0.25063860917381636	-0.0	-0.4584708415334813
0.2521394391688691	-0.0	-0.4606655726864992
0.2536402691639219	-0.0	-0.4628511892659709
0.2551410991589747	-0.0	-0.46502764903577476
0.2566419291540275	-0.0	-0.4671949100074168
0.2581427591490803	-0.0	-0.4693529303717529
0.25964358914413305	-0.0	-0.4715016685506595
0.2611444191391859	-0.0	-0.47364108313815056
0.2626452491342387	-0.0	-0.47577113292612006
0.26414607912929144	-0.0	-0.47789177695575424
0.26564690912434424	-0.0	-0.4800029744447783
0.26714773911939704	-0.0	-0.4821046848549573
0.26864856911444984	-0.0	-0.4841968678470461
0.27014939910950264	-0.0	-0.48627948325297543
0.27165022910455544	-0.0	-0.48835249116232726
0.2731510590996082	-0.0	-0.4904158518877517
0.27465188909466104	-0.0	-0.4924695259273149
0.2761527190897138	-0.0	-0.4945134739916468
0.2776535490847666	-0.0	-0.49654765704466425
0.2791543790798194	-0.0	-0.49857203622708185
0.2806552090748722	-0.0	-0.5005865728942863
0.282156039069925	-0.0	-0.502591228636569
0.2836568690649778	-0.0	-0.5045859652827129
0.2851576990600305	-0.0	-0.5065707448739172
0.2866585290550834	-0.0	-0.5085455296435286
0.2881593590501362	-0.0	-0.5105102820782543
0.2896601890451889	-0.0	-0.5124649648914208
0.2911610190402417	-0.0	-0.5144095409828428
0.2926618490352945	-0.0	-0.5163439735057695
0.2941626790303473	-0.0	-0.518268225851499
0.2956635090254001	-0.0	-0.5201822616262598
0.29716433902045286	-0.0	-0.5220860446563902
0.2986651690155057	-0.0	-0.5239795389787953
0.3001659990105585	-0.0	-0.5258627088902137
0.30166682900561126	-0.0	-0.5277355188921069
0.30316765900066406	-0.0	-0.5295979337170307
0.30466848899571686	-0.0	-0.5314499183825259
0.30616931899076966	-0.0	-0.5332914380854457
0.30767014898582246	-0.0	-0.5351224582456751
0.3091709789808752	-0.0	-0.5369429445475555
0.31067180897592805	-0.0	-0.5387528628955014
0.31217263897098085	-0.0	-0.5405521794305322
0.3136734689660336	-0.0	-0.5423408605234308
0.3151742989610864	-0.0	-0.5441188728055902
0.3166751289561392	-0.0	-0.5458861831212634
0.318175958951192	-0.0	-0.5476427585479801
0.3196767889462448	-0.0	-0.549388566416039
0.32117761894129754	-0.0	-0.5511235742792141
0.3226784489363504	-0.0	-0.552847749950447
0.3241792789314032	-0.0	-0.554561061468892
0.32568010892645594	-0.0	-0.5562634771020601
0.32718093892150873	-0.0	-0.5579549653795898
0.32868176891656153	-0.0	-0.5596354950721262
0.33018259891161433	-0.0	-0.561305035190545
0.33168342890666713	-0.0	-0.5629635549700105
0.3331842589017199	-0.0	-0.5646110238985674
0.3346850888967727	-0.0	-0.5662474117215045
0.33618591889182553	-0.0	-0.5678726884221957
0.3376867488868783	-0.0	-0.5694868242128904
0.3391875788819311	-0.0	-0.5710897895849784
0.3406884088769839	-0.0	-0.5726815552433014
0.34218923887203667	-0.0	-0.5742620921374072
0.34369006886708947	-0.0	-0.5758313715125909
0.34519089886214227	-0.0	-0.5773893648185748
0.346691728857195	-0.0	-0.5789360437277429
0.34819255885224787	-0.0	-0.5804713801897332
0.3496933888473006	-0.0	-0.5819953464364314
0.3511942188423534	-0.0	-0.5835079149123245
0.3526950488374062	-0.0	-0.5850090583044225
0.354195878832459	-0.0	-0.5864987495682246
0.3556967088275118	-0.0	-0.5879769619209859
0.3571975388225646	-0.0	-0.5894436688096883
0.35869836881761735	-0.0	-0.5908988439111873
0.3601991988126702	-0.0	-0.5923424611929821
0.361700028807723	-0.0	-0.5937744948606569
0.36320085880277575	-0.0	-0.5951949193721582
0.36470168879782855	-0.0	-0.5966037094504809
0.36620251879288135	-0.0	-0.5980008400506395
0.36770334878793415	-0.0	-0.599386286388813
0.36920417878298695	-0.0	-0.6007600239386469
0.3707050087780397	-0.0	-0.6021220284411657
0.37220583877309255	-0.0	-0.6034722758542851
0.37370666876814534	-0.0	-0.6048107423980849
0.3752074987631981	-0.0	-0.6061374045907593
0.3767083287582509	-0.0	-0.6074522391717588
0.3782091587533037	-0.0	-0.6087552231264606
0.3797099887483565	-0.0	-0.6100463337191602
0.3812108187434093	-0.0	-0.6113255484564916
0.38271164873846203	-0.0	-0.6125928450988939
0.3842124787335149	-0.0	-0.6138482016765516
0.3857133087285677	-0.0	-0.6150915964586594
0.3872141387236204	-0.0	-0.6163230080009869
0.38871496871867317	-0.0	-0.6175424150775638
0.390215798713726	-0.0	-0.6187497967444822
0.3917166287087788	-0.0	-0.6199451323098638
0.3932174587038316	-0.0	-0.6211284013224302
0.3947182886988844	-0.0	-0.6222995836336784
0.3962191186939372	-0.0	-0.6234586593073369
0.39771994868898997	-0.0	-0.6246056086794319
0.39922077868404277	-0.0	-0.6257404123556617
0.40072160867909556	-0.0	-0.626863051175926
0.40222243867414836	-0.0	-0.627973506260412
0.4037232686692012	-0.0	-0.629071758989584
0.4052240986642539	-0.0	-0.6301577909712283
0.4067249286593067	-0.0	-0.6312315840987073
0.4082257586543595	-0.0	-0.6322931205251803
0.40972658864941236	-0.0	-0.6333423826482532
0.41122741864446516	-0.0	-0.634379353129175
0.41272824863951796	-0.0	-0.6354040149060423
0.4142290786345707	-0.0	-0.6364163511609916
0.4157299086296235	-0.0	-0.6374163453012622
0.4172307386246763	-0.0	-0.6384039810389399
0.4187315686197291	-0.0	-0.6393792423422452
0.4202323986147819	-0.0	-0.640342113428358
0.42173322860983464	-0.0	-0.6412925787725163
0.42323405860488744	-0.0	-0.6422306230974378
0.42473488859994024	-0.0	-0.643156231415892
0.42623571859499304	-0.0	-0.6440693889635319
0.42773654859004584	-0.0	-0.6449700812537827
0.4292373785850986	-0.0	-0.6458582940678552
0.4307382085801514	-0.0	-0.6467340134095847
0.4322390385752042	-0.0	-0.6475972255574349
0.43373986857025704	-0.0	-0.6484479170966392
0.43524069856530984	-0.0	-0.6492860748248103
0.43674152856036264	-0.0	-0.6501116857704705
0.4382423585554153	-0.0	-0.6509247372929906
0.4397431885504682	-0.0	-0.651725216954097
0.441244018545521	-0.0	-0.6525131125827471
0.4427448485405738	-0.0	-0.6532884122914403
0.4442456785356266	-0.0	-0.6540511044253978
0.4457465085306793	-0.0	-0.6548011775931885
0.4472473385257321	-0.0	-0.655538620652192
0.4487481685207849	-0.0	-0.6562634227618241
0.4502489985158377	-0.0	-0.6569755733032371
0.4517498285108905	-0.0	-0.6576750618922658
0.45325065850594337	-0.0	-0.6583618784322446
0.45475148850099606	-0.0	-0.6590360130743944
0.45625231849604886	-0.0	-0.6596974562413099
0.45775314849110166	-0.0	-0.6603461986043598
0.4592539784861545	-0.0	-0.6609822310940437
0.4607548084812073	-0.0	-0.6616055448884888
0.46225563847626	-0.0	-0.6622161314146706
0.46375646847131285	-0.0	-0.6628139823685341
0.46525729846636565	-0.0	-0.6633990897076698
0.46675812846141845	-0.0	-0.6639714456289371
0.46825895845647125	-0.0	-0.6645310426044152
0.46975978845152405	-0.0	-0.6650778733505566
0.4712606184465768	-0.0	-0.6656119308125038
0.4727614484416296	-0.0	-0.6661332082403202
0.4742622784366824	-0.0	-0.6666416990973357
0.4757631084317352	-0.0	-0.6671373971222486
0.477263938426788	-0.0	-0.6676202963134054
0.47876476842184074	-0.0	-0.6680903909044268
0.48026559841689354	-0.0	-0.6685476753822202
0.48176642841194633	-0.0	-0.668992144492454
0.4832672584069992	-0.0	-0.6694237932651522
0.484768088402052	-0.0	-0.6698426169372812
0.4862689183971048	-0.0	-0.6702486110015717
0.4877697483921575	-0.0	-0.6706417712376631
0.48927057838721033	-0.0	-0.6710220936366487
0.49077140838226313	-0.0	-0.6713895744574444
0.49227223837731593	-0.0	-0.6717442102479089
0.49377306837236873	-0.0	-0.6720859977461243
0.4952738983674215	-0.0	-0.6724149339627667
0.49677472836247427	-0.0	-0.6727310161629461
0.49827555835752707	-0.0	-0.673034241880593
0.49977638835257987	-0.0	-0.6733246088756659
0.5012772183476327	-0.0	-0.6736021151325967
0.5027780483426855	-0.0	-0.6738667589472851
0.5042788783377382	-0.0	-0.674118538841103
0.5057797083327911	-0.0	-0.6743574535388135
0.5072805383278438	-0.0	-0.6745835020883723
0.5087813683228967	-0.0	-0.6747966837432342
0.5102821983179494	-0.0	-0.6749969979726734
0.5117830283130022	-0.0	-0.6751844445639408
0.513283858308055	-0.0	-0.6753590235060513
0.5147846883031078	-0.0	-0.6755207350418612
0.5162855182981606	-0.0	-0.6756695796830853
0.5177863482932135	-0.0	-0.6758055581714972
0.5192871782882661	-0.0	-0.6759286714708664
0.520788008283319	-0.0	-0.6760389208163358
0.5222888382783718	-0.0	-0.6761363076830934
0.5237896682734245	-0.0	-0.676220833800724
0.5252904982684774	-0.0	-0.6762925011290559
0.5267913282635301	-0.0	-0.6763513118719208
0.5282921582585829	-0.0	-0.6763972685074824
0.5297929882536357	-0.0	-0.6764303737220304
0.5312938182486885	-0.0	-0.6764506304486312
0.5327946482437413	-0.0	-0.6764580418580296
0.5342954782387941	-0.0	-0.6764526113813959
0.5357963082338468	-0.0	-0.6764343427011155
0.5372971382288997	-0.0	-0.6764032397145423
0.5387979682239524	-0.0	-0.6763593065683222
0.5402987982190053	-0.0	-0.6763025476605387
0.5417996282140581	-0.0	-0.6762329676174846
0.5433004582091109	-0.0	-0.676150571320959
0.5448012882041636	-0.0	-0.6760553638788254
0.5463021181992164	-0.0	-0.6759473506347387
0.5478029481942692	-0.0	-0.6758265371851973
0.5493037781893221	-0.0	-0.6756929293630458
0.5508046081843748	-0.0	-0.6755465332389186
0.5523054381794276	-0.0	-0.6753873551071468
0.5538062681744804	-0.0	-0.6752154015169759
0.5553070981695332	-0.0	-0.675030679249005
0.556807928164586	-0.0	-0.6748331953290934
0.5583087581596388	-0.0	-0.6746229570192995
0.5598095881546916	-0.0	-0.6743999717947265
0.5613104181497444	-0.0	-0.6741642473951197
0.5628112481447971	-0.0	-0.6739157917765974
0.56431207813985	-0.0	-0.673654613150045
0.5658129081349027	-0.0	-0.673380719942906
0.5673137381299556	-0.0	-0.6730941208136079
0.5688145681250083	-0.0	-0.6727948246918772
0.570315398120061	-0.0	-0.6724828407068746
0.5718162281151139	-0.0	-0.6721581782149713
0.5733170581101668	-0.0	-0.6718208468258625
0.5748178881052195	-0.0	-0.6714708563894
0.5763187181002724	-0.0	-0.6711082169647812
0.5778195480953251	-0.0	-0.6707329388600154
0.5793203780903778	-0.0	-0.6703450326139474
0.5808212080854307	-0.0	-0.6699445089861602
0.5823220380804834	-0.0	-0.6695313789675533
0.5838228680755363	-0.0	-0.6691056537861497
0.585323698070589	-0.0	-0.6686673449143451
0.5868245280656418	-0.0	-0.6682164640393928
0.5883253580606946	-0.0	-0.6677530230742775
0.5898261880557474	-0.0	-0.6672770341715113
0.5913270180508002	-0.0	-0.6667885096999432
0.592827848045853	-0.0	-0.666287462276087
0.5943286780409057	-0.0	-0.6657739047270972
0.5958295080359586	-0.0	-0.66524785011666
0.5973303380310114	-0.0	-0.6647093117425522
0.5988311680260642	-0.0	-0.6641583031113788
0.600331998021117	-0.0	-0.663594837973674
0.6018328280161698	-0.0	-0.6630189303026336
0.6033336580112225	-0.0	-0.662430594293708
0.6048344880062754	-0.0	-0.6618298443719257
0.6063353180013281	-0.0	-0.6612166951993279
0.607836147996381	-0.0	-0.660591161629437
0.6093369779914337	-0.0	-0.6599532587672869
0.6108378079864865	-0.0	-0.6593030019603984
0.6123386379815393	-0.0	-0.6586404067339031
0.6138394679765921	-0.0	-0.6579654888702885
0.6153402979716449	-0.0	-0.6572782643758498
0.6168411279666978	-0.0	-0.6565787494549848
0.6183419579617504	-0.0	-0.6558669605489186
0.6198427879568033	-0.0	-0.6551429143523849
0.6213436179518561	-0.0	-0.6544066277443499
0.6228444479469089	-0.0	-0.6536581178235559
0.6243452779419617	-0.0	-0.6528974019327114
0.6258461079370145	-0.0	-0.6521244976086327
0.6273469379320672	-0.0	-0.6513394226463418
0.62884776792712	-0.0	-0.6505421950528704
0.6303485979221728	-0.0	-0.6497328330225518
0.6318494279172256	-0.0	-0.6489113549936115
0.6333502579122784	-0.0	-0.6480777796451714
0.6348510879073311	-0.0	-0.6472321258356658
0.636351917902384	-0.0	-0.6463744126565472
0.6378527478974367	-0.0	-0.6455046594373899
0.6393535778924896	-0.0	-0.644622885705501
0.6408544078875424	-0.0	-0.6437291112051526
0.6423552378825951	-0.0	-0.642823355911268
0.6438560678776479	-0.0	-0.6419056400185469
0.6453568978727008	-0.0	-0.6409759839162403
0.6468577278677535	-0.0	-0.6400344082301311
0.6483585578628064	-0.0	-0.6390809338132869
0.6498593878578591	-0.0	-0.6381155817008254
0.6513602178529119	-0.0	-0.6371383731564435
0.6528610478479647	-0.0	-0.6361493296901715
0.6543618778430175	-0.0	-0.6351484729964937
0.6558627078380703	-0.0	-0.6341358249671087
0.6573635378331231	-0.0	-0.6331114077590599
0.6588643678281758	-0.0	-0.6320752437203174
0.6603651978232287	-0.0	-0.6310273553794584
0.6618660278182814	-0.0	-0.6299677655217498
0.6633668578133343	-0.0	-0.6288964971301171
0.6648676878083871	-0.0	-0.6278135734152142
0.6663685178034398	-0.0	-0.6267190177779189
0.6678693477984926	-0.0	-0.6256128538410685
0.6693701777935454	-0.0	-0.6244951054553023
0.6708710077885982	-0.0	-0.623365796640808
0.6723718377836511	-0.0	-0.6222249516727988
0.6738726677787038	-0.0	-0.6210725950203732
0.6753734977737565	-0.0	-0.619908751348254
0.6768743277688094	-0.0	-0.6187334455615792
0.6783751577638621	-0.0	-0.6175467027527147
0.679875987758915	-0.0	-0.6163485482224484
0.6813768177539677	-0.0	-0.6151390075025145
0.6828776477490205	-0.0	-0.6139181063086202
0.6843784777440733	-0.0	-0.6126858705847197
0.6858793077391261	-0.0	-0.611442326473091
0.6873801377341789	-0.0	-0.6101875003195146
0.6888809677292317	-0.0	-0.6089214187040835
0.6903817977242845	-0.0	-0.6076441083576862
0.6918826277193373	-0.0	-0.6063555962708602
0.69338345771439	-0.0	-0.6050559096316159
0.6948842877094429	-0.0	-0.6037450758009153
0.6963851177044957	-0.0	-0.6024231223833162
0.6978859476995485	-0.0	-0.601090077177669
0.6993867776946012	-0.0	-0.5997459681807417
0.7008876076896541	-0.0	-0.5983908235923231
0.7023884376847068	-0.0	-0.5970246718225476
0.7038892676797597	-0.0	-0.5956475414836458
0.7053900976748124	-0.0	-0.5942594613936814
0.7068909276698653	-0.0	-0.5928604605724813
0.708391757664918	-0.0	-0.5914505682360889
0.7098925876599708	-0.0	-0.5900298138050112
0.7113934176550236	-0.0	-0.5885982269093974
0.7128942476500764	-0.0	-0.5871558373752798
0.7143950776451292	-0.0	-0.5857026752225022
0.715895907640182	-0.0	-0.5842387706819931
0.7173967376352347	-0.0	-0.5827641541803424
0.7188975676302876	-0.0	-0.5812788563494912
0.7203983976253404	-0.0	-0.579782908018965
0.7218992276203932	-0.0	-0.5782763401927572
0.723400057615446	-0.0	-0.5767591841089144
0.7249008876104988	-0.0	-0.575231471181874
0.7264017176055515	-0.0	-0.5736932330247309
0.7279025476006044	-0.0	-0.5721445014693943
0.7294033775956571	-0.0	-0.5705853085128096
0.73090420759071	-0.0	-0.5690156863689617
0.7324050375857627	-0.0	-0.5674356674366593
0.7339058675808154	-0.0	-0.5658452843094476
0.7354066975758683	-0.0	-0.5642445697913273
0.736907527570921	-0.0	-0.5626335568665001
0.7384083575659739	-0.0	-0.5610122787043982
0.7399091875610266	-0.0	-0.5593807686737026
0.7414100175560794	-0.0	-0.5577390603601706
0.7429108475511322	-0.0	-0.5560871875169261
0.7444116775461851	-0.0	-0.5544251840865766
0.7459125075412378	-0.0	-0.5527530842142707
0.7474133375362907	-0.0	-0.551070922229278
0.7489141675313434	-0.0	-0.5493787326487247
0.7504149975263962	-0.0	-0.5476765501830312
0.751915827521449	-0.0	-0.545964409734728
0.7534166575165018	-0.0	-0.5442423463887655
0.7549174875115546	-0.0	-0.5425103954247932
0.7564183175066074	-0.0	-0.5407685923133138
0.7579191475016601	-0.0	-0.539016972696893
0.759419977496713	-0.0	-0.5372555724002943
0.7609208074917657	-0.0	-0.5354844274596623
0.7624216374868186	-0.0	-0.5337035740761026
0.7639224674818714	-0.0	-0.5319130486452359
0.7654232974769241	-0.0	-0.5301128877393695
0.7669241274719769	-0.0	-0.5283031281103823
0.7684249574670298	-0.0	-0.5264838067070718
0.7699257874620825	-0.0	-0.5246549606413113
0.7714266174571354	-0.0	-0.5228166272308435
0.772927447452188	-0.0	-0.5209688439566713
0.7744282774472409	-0.0	-0.5191116484762257
0.7759291074422937	-0.0	-0.517245078638752
0.7774299374373463	-0.0	-0.5153691724574958
0.7789307674323993	-0.0	-0.5134839681441378
0.780431597427452	-0.0	-0.5115895040781683
0.7819324274225049	-0.0	-0.5096858188127319
0.7834332574175576	-0.0	-0.5077729510728511
0.7849340874126104	-0.0	-0.5058509397577207
0.7864349174076632	-0.0	-0.5039198239680027
0.787935747402716	-0.0	-0.5019796429502364
0.7894365773977688	-0.0	-0.5000304361343422
0.7909374073928216	-0.0	-0.4980722431202694
0.7924382373878744	-0.0	-0.4961051036683062
0.7939390673829272	-0.0	-0.49412905773558513
0.7954398973779799	-0.0	-0.4921441454418337
0.7969407273730328	-0.0	-0.49015040705539287
0.7984415573680855	-0.0	-0.4881478830228068
0.7999423873631384	-0.0	-0.4861366139775889
0.8014432173581911	-0.0	-0.4841166407174376
0.8029440473532439	-0.0	-0.48208800417416625
0.8044448773482967	-0.0	-0.48005074546611326
0.8059457073433495	-0.0	-0.4780049058925204
0.8074465373384024	-0.0	-0.4759505268951034
0.8089473673334551	-0.0	-0.4738876500836835
0.8104481973285078	-0.0	-0.47181631722224376
0.8119490273235607	-0.0	-0.4697365702653241
0.8134498573186134	-0.0	-0.46764845130586963
0.8149506873136664	-0.0	-0.46555200258891594
0.816451517308719	-0.0	-0.4634472665240905
0.8179523473037718	-0.0	-0.4613342856892377
0.8194531772988247	-0.0	-0.45921310282106076
0.8209540072938774	-0.0	-0.45708376079592583
0.8224548372889303	-0.0	-0.45494630265897057
0.8239556672839831	-0.0	-0.4528007716112326
0.8254564972790359	-0.0	-0.4506472109971483
0.8269573272740887	-0.0	-0.44848566431265224
0.8284581572691414	-0.0	-0.44631617522197015
0.8299589872641943	-0.0	-0.4441387875217037
0.831459817259247	-0.0	-0.44195354516738794
0.8329606472542999	-0.0	-0.4397604922623206
0.8344614772493526	-0.0	-0.4375596730598187
0.8359623072444053	-0.0	-0.4353511319571154
0.8374631372394582	-0.0	-0.43313491349155064
0.8389639672345109	-0.0	-0.4309110623512971
0.8404647972295638	-0.0	-0.42867962337861537
0.8419656272246165	-0.0	-0.4264406415502134
0.8434664572196693	-0.0	-0.4241941619644124
0.8449672872147221	-0.0	-0.42194022990975766
0.8464681172097749	-0.0	-0.4196788907750661
0.8479689472048277	-0.0	-0.41741019007635266
0.8494697771998805	-0.0	-0.4151341735082425
0.8509706071949332	-0.0	-0.4128508868818328
0.8524714371899861	-0.0	-0.41056037613815577
0.8539722671850388	-0.0	-0.40826268736234506
0.8554730971800917	-0.0	-0.40595786677557216
0.8569739271751444	-0.0	-0.4036459607258371
0.8584747571701972	-0.0	-0.4013270156917037
0.85997558716525	-0.0	-0.3990010782671723
0.8614764171603028	-0.0	-0.39666819520047875
0.8629772471553557	-0.0	-0.3943284133706449
0.8644780771504084	-0.0	-0.3919817797594423
0.8659789071454613	-0.0	-0.389628341492633
0.8674797371405141	-0.0	-0.38726814581241376
0.8689805671355667	-0.0	-0.3849012400888823
0.8704813971306197	-0.0	-0.3825276718118635
0.8719822271256723	-0.0	-0.38014748859005776
0.8734830571207253	-0.0	-0.37776073815710803
0.874983887115778	-0.0	-0.37536746836549606
0.8764847171108306	-0.0	-0.37296772718291815
0.8779855471058836	-0.0	-0.37056156267963536
0.8794863771009364	-0.0	-0.36814902307973757
0.8809872070959892	-0.0	-0.36573015669652736
0.882488037091042	-0.0	-0.3633050119389554
0.8839888670860947	-0.0	-0.36087363735744765
0.8854896970811476	-0.0	-0.3584360815956003
0.8869905270762003	-0.0	-0.35599239342010197
0.8884913570712532	-0.0	-0.35354262169772815
0.8899921870663059	-0.0	-0.3510868153919752
0.8914930170613586	-0.0	-0.34862502358037045
0.8929938470564115	-0.0	-0.3461572954617213
0.8944946770514642	-0.0	-0.3436836803142093
0.8959955070465171	-0.0	-0.3412042275147341
0.8974963370415698	-0.0	-0.33871898656428684
0.8989971670366227	-0.0	-0.3362280070512586
0.9004979970316754	-0.0	-0.33373133866150134
0.9019988270267282	-0.0	-0.33122903117462893
0.903499657021781	-0.0	-0.3287211344577293
0.9050004870168338	-0.0	-0.3262076984968406
0.9065013170118867	-0.0	-0.323688773360297
0.9080021470069394	-0.0	-0.3211644091741692
0.9095029770019921	-0.0	-0.3186346562209089
0.911003806997045	-0.0	-0.3160995648318276
0.9125046369920977	-0.0	-0.31355918540226113
0.9140054669871507	-0.0	-0.31101356845415185
0.9155062969822033	-0.0	-0.3084627645812337
0.9170071269772561	-0.0	-0.3059068244649368
0.918507956972309	-0.0	-0.3033457988790847
0.9200087869673617	-0.0	-0.30077973864121954
0.9215096169624146	-0.0	-0.29820869466549343
0.9230104469574674	-0.0	-0.29563271797191515
0.92451127695252	-0.0	-0.2930518596223628
0.926012106947573	-0.0	-0.29046617076034464
0.9275129369426257	-0.0	-0.2878757026254241
0.9290137669376786	-0.0	-0.2852805065096862
0.9305145969327313	-0.0	-0.282680633772791
0.932015426927784	-0.0	-0.28007613586608937
0.9335162569228369	-0.0	-0.2774670642912714
0.9350170869178897	-0.0	-0.27485347062115306
0.9365179169129425	-0.0	-0.27223540650810946
0.9380187469079952	-0.0	-0.26961292364157646
0.9395195769030481	-0.0	-0.266986073779268
0.9410204068981008	-0.0	-0.26435490878186957
0.9425212368931536	-0.0	-0.26171948053233307
0.9440220668882064	-0.0	-0.25907984096857284
0.9455228968832592	-0.0	-0.25643604209718807
0.947023726878312	-0.0	-0.2537881359780392
0.9485245568733648	-0.0	-0.25113617474891814
0.9500253868684175	-0.0	-0.2484802105796477
0.9515262168634704	-0.0	-0.24582029567581684
0.9530270468585231	-0.0	-0.24315648231044198
0.954527876853576	-0.0	-0.24048882282082273
0.9560287068486287	-0.0	-0.23781736958021013
0.9575295368436815	-0.0	-0.23514217499695583
0.9590303668387343	-0.0	-0.23246329153659331
0.9605311968337871	-0.0	-0.22978077170959524
0.96203202682884	-0.0	-0.2270946680671939
0.9635328568238927	-0.0	-0.2244050332000867
0.9650336868189454	-0.0	-0.2217119197326292
0.9665345168139984	-0.0	-0.2190153803391463
0.968035346809051	-0.0	-0.21631546772240592
0.969536176804104	-0.0	-0.21361223462515888
0.9710370067991567	-0.0	-0.2109057338267731
0.9725378367942096	-0.0	-0.20819601811575228
0.9740386667892623	-0.0	-0.20548314033704224
0.975539496784315	-0.0	-0.2027671533731306
0.9770403267793679	-0.0	-0.2000481101140502
0.9785411567744207	-0.0	-0.1973260634769085
0.9800419867694735	-0.0	-0.19460106642079308
0.9815428167645263	-0.0	-0.1918731719174411
0.983043646759579	-0.0	-0.18914243295638042
0.9845444767546319	-0.0	-0.18640890256512452
0.9860453067496846	-0.0	-0.18367263377862128
0.9875461367447375	-0.0	-0.18093367965134768
0.9890469667397902	-0.0	-0.17819209326433735
0.990547796734843	-0.0	-0.17544792771770923
0.9920486267298958	-0.0	-0.17270123610644103
0.9935494567249485	-0.0	-0.1699520715394915
0.9950502867200014	-0.0	-0.16720048716820654
0.9965511167150541	-0.0	-0.1644465361350921
0.9980519467101069	-0.0	-0.16169027158587207
0.9995527767051597	-0.0	-0.1589317466742224
1.0010536067002125	-0.0	-0.15617101456850307
1.0025544366952654	-0.0	-0.1534081284555673
1.0040552666903182	-0.0	-0.150643141501186
1.005556096685371	-0.0	-0.14787610688122726
1.0070569266804237	-0.0	-0.14510707777988147
1.0085577566754764	-0.0	-0.14233610738085803
1.0100585866705294	-0.0	-0.13956324885658536
1.0115594166655821	-0.0	-0.13678855538518794
1.0130602466606349	-0.0	-0.13401208014016677
1.0145610766556876	-0.0	-0.13123387629191602
1.0160619066507404	-0.0	-0.1284539969999557
1.0175627366457933	-0.0	-0.125672495420181
1.019063566640846	-0.0	-0.12288942469779797
1.0205643966358988	-0.0	-0.12010483797298242
1.0220652266309516	-0.0	-0.11731878836112888
1.0235660566260043	-0.0	-0.11453132897311945
1.0250668866210573	-0.0	-0.11174251291099636
1.02656771661611	-0.0	-0.10895239323504355
1.0280685466111628	-0.0	-0.10616102302396449
1.0295693766062155	-0.0	-0.10336845534085412
1.0310702066012682	-0.0	-0.10057474319129267
1.0325710365963212	-0.0	-0.09777993957294513
1.034071866591374	-0.0	-0.09498409750208095
1.035572696586427	-0.0	-0.09218726992802319
1.0370735265814794	-0.0	-0.08938950978223018
1.0385743565765322	-0.0	-0.08659086999926713
1.0400751865715852	-0.0	-0.0837914034561106
1.041576016566638	-0.0	-0.0809911629968187
1.0430768465616909	-0.0	-0.07819020147040583
1.0445776765567436	-0.0	-0.07538857168320338
1.0460785065517963	-0.0	-0.07258632639394057
1.047579336546849	-0.0	-0.06978351835380124
1.0490801665419018	-0.0	-0.06698020026422177
1.0505809965369548	-0.0	-0.06417642478491725
1.0520818265320075	-0.0	-0.06137224455507497
1.0535826565270603	-0.0	-0.05856771218340499
1.055083486522113	-0.0	-0.05576288023323434
1.0565843165171658	-0.0	-0.0529578012189933
1.0580851465122187	-0.0	-0.050152527624523914
1.0595859765072715	-0.0	-0.04734711189083731
1.0610868065023242	-0.0	-0.04454160642584129
1.062587636497377	-0.0	-0.04173606357815354
1.0640884664924297	-0.0	-0.0389305356457566
1.0655892964874827	-0.0	-0.03612507490484767
1.0670901264825354	-0.0	-0.03331973357821477
1.0685909564775882	-0.0	-0.03051456384067383
1.070091786472641	-0.0	-0.027709617805642406
1.0715926164676937	-0.0	-0.02490494754873738
1.0730934464627466	-0.0	-0.022100605101339207
1.0745942764577994	-0.0	-0.01929664243442864
1.0760951064528521	-0.0	-0.01649311145895657
1.0775959364479049	-0.0	-0.013690064033389385
1.0790967664429576	-0.0	-0.010887551980316112
1.0805975964380106	-0.0	-0.008085627060076712
1.0820984264330633	-0.0	-0.005284340959776952
1.0835992564281163	-0.0	-0.0024837453202149074
1.0851000864231688	-0.0	0.00031610826803964284
1.0866009164182218	-0.0	0.0031151682810674386
1.0881017464132745	-0.0	0.005913383255644835
1.0896025764083273	-0.0	0.008710701807700297
1.0911034064033802	-0.0	0.011507072585562876
1.0926042363984327	-0.0	0.014302444307171097
1.0941050663934857	-0.0	0.01709676577065123
1.0956058963885384	-0.0	0.01988998582827847
1.0971067263835912	-0.0	0.022682053389176976
1.0986075563786442	-0.0	0.02547291743319
1.100108386373697	-0.0	0.028262527044870887
1.1016092163687496	-0.0	0.031050831318315632
1.1031100463638024	-0.0	0.03383777943557524
1.1046108763588551	-0.0	0.036623320683373824
1.106111706353908	-0.0	0.039407404383240245
1.1076125363489608	-0.0	0.04218997993274857
1.1091133663440136	-0.0	0.04497099680204129
1.1106141963390663	-0.0	0.04775040455014058
1.112115026334119	-0.0	0.05052815280090679
1.113615856329172	-0.0	0.05330419124207675
1.1151166863242248	-0.0	0.05607846965895889
1.1166175163192775	-0.0	0.05885093789696551
1.1181183463143303	-0.0	0.06162154587903355
1.1196191763093832	-0.0	0.0643902436058096
1.121120006304436	-0.0	0.06715698116500757
1.1226208362994887	-0.0	0.06992170871757554
1.1241216662945415	-0.0	0.07268437651663315
1.1256224962895942	-0.0	0.07544493487965735
1.1271233262846472	-0.0	0.07820333419103451
1.1286241562797	-0.0	0.08095952496804518
1.1301249862747527	-0.0	0.0837134577676939
1.1316258162698054	-0.0	0.08646508324906929
1.1331266462648582	-0.0	0.08921435214020362
1.1346274762599111	-0.0	0.09196121526392681
1.1361283062549639	-0.0	0.09470562354611442
1.1376291362500166	-0.0	0.09744752796697591
1.1391299662450696	-0.0	0.10018687960991438
1.140630796240122	-0.0	0.10292362964051792
1.142131626235175	-0.0	0.10565772932068875
1.1436324562302278	-0.0	0.10838913000549923
1.1451332862252805	-0.0	0.11111778311563662
1.1466341162203335	-0.0	0.11384364017431603
1.1481349462153863	-0.0	0.1165666528006968
1.149635776210439	-0.0	0.11928677271276739
1.1511366062054917	-0.0	0.12200395170374782
1.1526374362005447	-0.0	0.12471814165133632
1.1541382661955975	-0.0	0.12742929454034538
1.1556390961906502	-0.0	0.13013736245711668
1.157139926185703	-0.0	0.13284229757994157
1.1586407561807557	-0.0	0.13554405215538928
1.1601415861758086	-0.0	0.13824257854424488
1.1616424161708614	-0.0	0.14093782920608552
1.1631432461659141	-0.0	0.14362975669217914
1.1646440761609669	-0.0	0.1463183136490351
1.1661449061560196	-0.0	0.14900345282147406
1.1676457361510726	-0.0	0.15168512706512974
1.1691465661461253	-0.0	0.15436328929551765
1.170647396141178	-0.0	0.15703789256622575
1.1721482261362308	-0.0	0.1597088900201285
1.1736490561312836	-0.0	0.1623762348705975
1.1751498861263365	-0.0	0.16503988047954402
1.1766507161213893	-0.0	0.16769978025807203
1.178151546116442	-0.0	0.1703558877569853
1.1796523761114948	-0.0	0.17300815662820987
1.1811532061065475	-0.0	0.17565654059379918
1.1826540361016005	-0.0	0.17830099349431283
1.1841548660966532	-0.0	0.1809414692835276
1.185655696091706	-0.0	0.18357792202137285
1.187156526086759	-0.0	0.18621030583971754
1.1886573560818114	-0.0	0.188838574985904
1.1901581860768644	-0.0	0.19146268383192067
1.1916590160719172	-0.0	0.19408258684655078
1.1931598460669701	-0.0	0.19669823859193275
1.1946606760620229	-0.0	0.19930959374024124
1.1961615060570754	-0.0	0.20191660706699244
1.1976623360521284	-0.0	0.20451923346376769
1.199163166047181	-0.0	0.20711742791431983
1.200663996042234	-0.0	0.20971114552109293
1.2021648260372868	-0.0	0.21230034150300292
1.2036656560323395	-0.0	0.21488497115741523
1.2051664860273923	-0.0	0.21746498991333177
1.206667316022445	-0.0	0.22004035329680838
1.208168146017498	-0.0	0.22261101694730281
1.2096689760125507	-0.0	0.22517693660828028
1.2111698060076035	-0.0	0.22773806813224357
1.2126706360026562	-0.0	0.2302943675001881
1.214171465997709	-0.0	0.23284579077854933
1.215672295992762	-0.0	0.2353922941484592
1.2171731259878147	-0.0	0.23793383390852027
1.2186739559828674	-0.0	0.2404703664718838
1.2201747859779202	-0.0	0.243001848356633
1.221675615972973	-0.0	0.24552823619355044
1.2231764459680259	-0.0	0.24804948672508234
1.2246772759630786	-0.0	0.2505655568061892
1.2261781059581316	-0.0	0.2530764034082666
1.2276789359531841	-0.0	0.2555819836002447
1.2291797659482369	-0.0	0.25808225457140926
1.2306805959432898	-0.0	0.26057717364453203
1.2321814259383426	-0.0	0.26306669824587425
1.2336822559333955	-0.0	0.2655507858932029
1.235183085928448	-0.0	0.26802939423699434
1.2366839159235008	-0.0	0.27050248104963387
1.2381847459185538	-0.0	0.27297000420710726
1.2396855759136065	-0.0	0.2754319217057559
1.2411864059086595	-0.0	0.2778881916461506
1.2426872359037122	-0.0	0.28033877225668885
1.2441880658987647	-0.0	0.2827836218897117
1.2456888958938177	-0.0	0.28522269900275105
1.2471897258888704	-0.0	0.28765596215605166
1.2486905558839234	-0.0	0.29008337004312224
1.2501913858789762	-0.0	0.29250488148452186
1.251692215874029	-0.0	0.29492045540755385
1.2531930458690816	-0.0	0.2973300508541073
1.2546938758641344	-0.0	0.2997336269820623
1.2561947058591874	-0.0	0.30213114308393163
1.25769553585424	-0.0	0.3045225585497626
1.2591963658492928	-0.0	0.3069078329068982
1.2606971958443456	-0.0	0.30928692579364236
1.2621980258393983	-0.0	0.3116597969649928
1.2636988558344513	-0.0	0.31402640630292356
1.265199685829504	-0.0	0.31638671379726263
1.2667005158245568	-0.0	0.3187406795831969
1.2682013458196095	-0.0	0.3210882638932629
1.2697021758146623	-0.0	0.32342942708623357
1.2712030058097152	-0.0	0.3257641296452692
1.272703835804768	-0.0	0.3280923321833172
1.2742046657998207	-0.0	0.33041399542339833
1.2757054957948735	-0.0	0.3327290802173959
1.2772063257899262	-0.0	0.3350375475413584
1.2787071557849792	-0.0	0.337339358491764
1.280207985780032	-0.0	0.3396344742804901
1.2817088157750849	-0.0	0.34192285623363
1.2832096457701374	-0.0	0.344204465835729
1.2847104757651902	-0.0	0.34647926468107293
1.2862113057602431	-0.0	0.3487472144804933
1.2877121357552959	-0.0	0.3510082770653994
1.2892129657503488	-0.0	0.3532624144109317
1.2907137957454016	-0.0	0.35550958861643306
1.292214625740454	-0.0	0.35774976187818897
1.293715455735507	-0.0	0.3599828965439098
1.2952162857305598	-0.0	0.3622089550785914
1.2967171157256128	-0.0	0.3644279000891488
1.2982179457206655	-0.0	0.36663969430303744
1.2997187757157183	-0.0	0.3688443005589695
1.301219605710771	-0.0	0.37104168184796965
1.3027204357058237	-0.0	0.373231801267659
1.3042212657008767	-0.0	0.3754146220479978
1.3057220956959295	-0.0	0.37759010755668604
1.3072229256909822	-0.0	0.37975822129391096
1.308723755686035	-0.0	0.38191892688517154
1.3102245856810877	-0.0	0.38407218807192095
1.3117254156761406	-0.0	0.3862179687391589
1.3132262456711934	-0.0	0.38835623291517246
1.3147270756662461	-0.0	0.39048694473602885
1.3162279056612989	-0.0	0.3926100684798991
1.3177287356563516	-0.0	0.39472556855222646
1.3192295656514046	-0.0	0.39683340948642915
1.3207303956464573	-0.0	0.3989335559776323
1.32223122564151	-0.0	0.40102597282348895
1.3237320556365628	-0.0	0.40311062495854105
1.3252328856316156	-0.0	0.4051874774654261
1.3267337156266685	-0.0	0.407256495545436
1.3282345456217213	-0.0	0.4093176445420036
1.3297353756167742	-0.0	0.4113708899284967
1.3312362056118268	-0.0	0.4134161973285615
1.3327370356068795	-0.0	0.4154535324843502
1.3342378656019325	-0.0	0.41748286127767786
1.3357386955969852	-0.0	0.4195041497548776
1.3372395255920382	-0.0	0.4215173640606309
1.3387403555870907	-0.0	0.42352247047484354
1.3402411855821437	-0.0	0.425519435442864
1.3417420155771964	-0.0	0.427508225548853
1.3432428455722492	-0.0	0.42948880750472407
1.3447436755673021	-0.0	0.43146114814958897
1.3462445055623549	-0.0	0.4334252144867446
1.3477453355574076	-0.0	0.4353809736539726
1.3492461655524604	-0.0	0.437328392901088
1.350746995547513	-0.0	0.4392674396582544
1.352247825542566	-0.0	0.44119808148819645
1.3537486555376188	-0.0	0.4431202860641932
1.3552494855326715	-0.0	0.44503402125030217
1.3567503155277243	-0.0	0.4469392550411451
1.358251145522777	-0.0	0.44883595554211964
1.35975197551783	-0.0	0.450724091027025
1.3612528055128827	-0.0	0.4526036299133179
1.3627536355079355	-0.0	0.4544745407607438
1.3642544655029882	-0.0	0.45633679228698265
1.365755295498041	-0.0	0.45819035334771274
1.367256125493094	-0.0	0.4600351929338737
1.3687569554881467	-0.0	0.4618712801901229
1.3702577854831994	-0.0	0.4636985844257099
1.3717586154782522	-0.0	0.46551707508821527
1.3732594454733051	-0.0	0.46732672174801665
1.3747602754683579	-0.0	0.4691274941564316
1.3762611054634106	-0.0	0.4709193622125779
1.3777619354584634	-0.0	0.47270229595309055
1.3792627654535161	-0.0	0.47447626558855455
1.380763595448569	-0.0	0.4762412414458418
1.3822644254436218	-0.0	0.4779971940119038
1.3837652554386746	-0.0	0.4797440939558899
1.3852660854337275	-0.0	0.48148191208465185
1.38676691542878	-0.0	0.4832106193467755
1.388267745423833	-0.0	0.4849301868546621
1.3897685754188858	-0.0	0.4866405858776114
1.3912694054139385	-0.0	0.4883417878440783
1.3927702354089915	-0.0	0.49003376432950363
1.3942710654040442	-0.0	0.4917164870636752
1.395771895399097	-0.0	0.49338992792946956
1.3972727253941497	-0.0	0.4950540589921092
1.3987735553892024	-0.0	0.4967088524726426
1.4002743853842554	-0.0	0.498354280721129
1.4017752153793082	-0.0	0.4999903162809581
1.403276045374361	-0.0	0.501616931834591
1.4047768753694136	-0.0	0.5032341002214984
1.4062777053644664	-0.0	0.5048417944602046
1.4077785353595194	-0.0	0.5064399877280935
1.409279365354572	-0.0	0.5080286533666596
1.4107801953496248	-0.0	0.5096077648684896
1.4122810253446776	-0.0	0.5111772959002676
1.4137818553397306	-0.0	0.5127372202872409
1.4152826853347833	-0.0	0.5142875120253516
1.416783515329836	-0.0	0.5158281452871178
1.4182843453248888	-0.0	0.517359094388123
1.4197851753199415	-0.0	0.5188803338217471
1.4212860053149945	-0.0	0.5203918382620143
1.4227868353100472	-0.0	0.5218935825286776
1.4242876653051	-0.0	0.5233855416185095
1.4257884953001527	-0.0	0.524867690725423
1.4272893252952055	-0.0	0.5263400051810708
1.4287901552902584	-0.0	0.527802460488651
1.4302909852853112	-0.0	0.5292550323294538
1.431791815280364	-0.0	0.5306976965546879
1.4332926452754169	-0.0	0.5321304292168817
1.4347934752704694	-0.0	0.5335532065143664
1.4362943052655224	-0.0	0.5349660048140599
1.4377951352605751	-0.0	0.5363688006725491
1.4392959652556279	-0.0	0.537761570830579
1.4407967952506808	-0.0	0.539144292181392
1.4422976252457334	-0.0	0.5405169418058654
1.4437984552407863	-0.0	0.54187949698198
1.445299285235839	-0.0	0.54323193512823
1.446800115230892	-0.0	0.5445742338758217
1.4483009452259448	-0.0	0.5459063710207015
1.4498017752209975	-0.0	0.5472283245309899
1.4513026052160503	-0.0	0.5485400725779771
1.452803435211103	-0.0	0.5498415934971381
1.454304265206156	-0.0	0.5511328658171313
1.4558050952012087	-0.0	0.5524138682467041
1.4573059251962615	-0.0	0.5536845796645595
1.4588067551913142	-0.0	0.5549449791504983
1.460307585186367	-0.0	0.5561950459757292
1.46180841518142	-0.0	0.5574347595819704
1.4633092451764727	-0.0	0.5586640995981315
1.4648100751715254	-0.0	0.5598830458416074
1.4663109051665781	-0.0	0.561091578321053
1.4678117351616309	-0.0	0.5622896772314632
1.4693125651566838	-0.0	0.5634773229730368
1.4708133951517366	-0.0	0.5646544961020203
1.4723142251467893	-0.0	0.5658211773841549
1.473815055141842	-0.0	0.5669773477848371
1.4753158851368948	-0.0	0.5681229884473709
1.4768167151319478	-0.0	0.5692580807161209
1.4783175451270005	-0.0	0.5703826061123245
1.4798183751220533	-0.0	0.5714965463778822
1.481319205117106	-0.0	0.5725998834405917
1.4828200351121588	-0.0	0.5736925994013493
1.4843208651072117	-0.0	0.5747746765625198
1.4858216951022645	-0.0	0.5758460974364055
1.4873225250973174	-0.0	0.5769068447444334
1.4888233550923702	-0.0	0.5779569013854199
1.4903241850874227	-0.0	0.5789962504413408
1.4918250150824757	-0.0	0.5800248752275596
1.4933258450775284	-0.0	0.5810427592363117
1.4948266750725814	-0.0	0.582049886165073
1.4963275050676341	-0.0	0.5830462399269165
1.4978283350626869	-0.0	0.5840318046044266
1.4993291650577396	-0.0	0.5850065644995571
1.5008299950527924	-0.0	0.5859705041161001
1.5023308250478453	-0.0	0.5869236081652331
1.503831655042898	-0.0	0.5878658615696627
1.5053324850379508	-0.0	0.5887972494191281
1.5068333150330036	-0.0	0.5897177570413431
1.5083341450280563	-0.0	0.5906273699706303
1.5098349750231093	-0.0	0.5915260739306116
1.511335805018162	-0.0	0.5924138548676081
1.5128366350132147	-0.0	0.5932906989139844
1.5143374650082675	-0.0	0.5941565924302046
1.5158382950033202	-0.0	0.5950115219652178
1.5173391249983732	-0.0	0.5958554742858634
1.518839954993426	-0.0	0.596688436377944
1.5203407849884787	-0.0	0.5975103954248092
1.5218416149835314	-0.0	0.5983213388231496
1.5233424449785842	-0.0	0.5991212541861407
1.5248432749736371	-0.0	0.5999101293291285
1.5263441049686899	-0.0	0.6006879522901576
1.5278449349637429	-0.0	0.6014547113102571
1.5293457649587954	-0.0	0.6022103948287802
1.5308465949538481	-0.0	0.6029549915347424
1.532347424948901	-0.0	0.6036884903115252
1.5338482549439538	-0.0	0.6044108802510431
1.5353490849390068	-0.0	0.6051221506743445
1.5368499149340595	-0.0	0.6058222910940707
1.538350744929112	-0.0	0.6065112912494818
1.539851574924165	-0.0	0.6071891411198094
1.5413524049192178	-0.0	0.6078558308777642
1.5428532349142707	-0.0	0.6085113509198277
1.5443540649093235	-0.0	0.6091556918437647
1.545854894904376	-0.0	0.6097888444864239
1.547355724899429	-0.0	0.6104107999026547
1.5488565548944817	-0.0	0.611021549337309
1.5503573848895347	-0.0	0.6116210842847526
1.5518582148845874	-0.0	0.6122093964628637
1.5533590448796402	-0.0	0.6127864777793004
1.5548598748746927	-0.0	0.6133523203889788
1.5563607048697456	-0.0	0.613906916657012
1.5578615348647986	-0.0	0.6144502591514236
1.5593623648598514	-0.0	0.614982340707246
1.560863194854904	-0.0	0.6155031543410068
1.5623640248499568	-0.0	0.6160126932996253
1.5638648548450098	-0.0	0.6165109510701032
1.5653656848400623	-0.0	0.6169979213402077
1.5668665148351153	-0.0	0.6174735980414128
1.568367344830168	-0.0	0.6179379753033689
1.5698681748252208	-0.0	0.6183910474926649
1.5713690048202735	-0.0	0.6188328092095733
1.5728698348153265	-0.0	0.6192632552619374
1.5743706648103795	-0.0	0.6196823807011969
1.575871494805432	-0.0	0.6200901807875826
1.5773723248004847	-0.0	0.620486650998661
1.5788731547955377	-0.0	0.6208717870542263
1.5803739847905902	-0.0	0.6212455848944778
1.5818748147856432	-0.0	0.6216080406871957
1.5833756447806961	-0.0	0.6219591508502291
1.584876474775749	-0.0	0.6222989119699769
1.5863773047708014	-0.0	0.6226273208812791
1.5878781347658544	-0.0	0.6229443746794383
1.5893789647609073	-0.0	0.6232500706558988
1.5908797947559599	-0.0	0.6235444063308322
1.5923806247510128	-0.0	0.6238273794509925
1.5938814547460656	-0.0	0.6240989880050284
1.595382284741118	-0.0	0.6243592301970745
1.596883114736171	-0.0	0.6246081044604
1.598383944731224	-0.0	0.6248456094680974
1.5998847747262768	-0.0	0.6250717440907324
1.6013856047213293	-0.0	0.6252865074308536
1.6028864347163823	-0.0	0.6254898988632699
1.6043872647114352	-0.0	0.625681917960967
1.6058880947064877	-0.0	0.6258625645102339
1.6073889247015407	-0.0	0.6260318385250521
1.6088897546965935	-0.0	0.6261897402863743
1.6103905846916464	-0.0	0.6263362702796916
1.611891414686699	-0.0	0.6264714292034659
1.613392244681752	-0.0	0.6265952180148457
1.6148930746768049	-0.0	0.6267076378650138
1.6163939046718574	-0.0	0.626808690164098
1.6178947346669101	-0.0	0.626898376540117
1.619395564661963	-0.0	0.6269766988371298
1.6208963946570156	-0.0	0.6270436591350248
1.6223972246520686	-0.0	0.6270992597575451
1.6238980546471213	-0.0	0.6271435032536108
1.6253988846421743	-0.0	0.627176392380933
1.6268997146372268	-0.0	0.6271979301267645
1.6284005446322798	-0.0	0.6272081197144823
1.6299013746273328	-0.0	0.6272069646003707
1.6314022046223853	-0.0	0.6271944684543508
1.632903034617438	-0.0	0.6271706351918999
1.634403864612491	-0.0	0.6271354689422801
1.6359046946075435	-0.0	0.6270889740632222
1.6374055246025965	-0.0	0.6270311551589377
1.6389063545976494	-0.0	0.626962017036586
1.6404071845927022	-0.0	0.6268815647488829
1.6419080145877547	-0.0	0.6267898035636973
1.6434088445828077	-0.0	0.6266867389548044
1.6449096745778606	-0.0	0.6265723766691657
1.6464105045729132	-0.0	0.6264467226445208
1.6479113345679661	-0.0	0.6263097830544387
1.6494121645630189	-0.0	0.6261615643197092
1.6509129945580718	-0.0	0.6260020730474252
1.6524138245531244	-0.0	0.6258313160966349
1.6539146545481773	-0.0	0.6256493005479019
1.65541548454323	-0.0	0.6254560336963876
1.6569163145382828	-0.0	0.6252515230766704
1.6584171445333356	-0.0	0.6250357764357448
1.6599179745283885	-0.0	0.6248088017637945
1.661418804523441	-0.0	0.6245706072433724
1.662919634518494	-0.0	0.6243212012890509
1.6644204645135467	-0.0	0.6240605925715739
1.6659212945085997	-0.0	0.6237887899567917
1.6674221245036522	-0.0	0.6235058025416119
1.6689229544987052	-0.0	0.6232116396237449
1.6704237844937582	-0.0	0.6229063107446079
1.6719246144888107	-0.0	0.6225898256685384
1.6734254444838634	-0.0	0.622262194375323
1.6749262744789164	-0.0	0.6219234270695557
1.676427104473969	-0.0	0.6215735341531552
1.6779279344690219	-0.0	0.6212125262917578
1.6794287644640746	-0.0	0.6208404143357863
1.6809295944591276	-0.0	0.6204572093416073
1.6824304244541801	-0.0	0.6200629226419538
1.683931254449233	-0.0	0.619657565753828
1.685432084444286	-0.0	0.6192411503922972
1.6869329144393386	-0.0	0.6188136885285266
1.6884337444343913	-0.0	0.6183751923224996
1.6899345744294443	-0.0	0.6179256741618918
1.6914354044244972	-0.0	0.6174651466650293
1.6929362344195498	-0.0	0.6169936226389825
1.6944370644146027	-0.0	0.6165111151261333
1.6959378944096555	-0.0	0.6160176373628601
1.697438724404708	-0.0	0.6155132028137875
1.698939554399761	-0.0	0.6149978251880246
1.700440384394814	-0.0	0.6144715183644872
1.7019412143898665	-0.0	0.6139342964161989
1.7034420443849194	-0.0	0.6133861736776072
1.7049428743799722	-0.0	0.6128271646930975
1.7064437043750251	-0.0	0.6122572841786749
1.7079445343700776	-0.0	0.6116765471061832
1.7094453643651306	-0.0	0.6110849686343246
1.7109461943601834	-0.0	0.6104825641237868
1.712447024355236	-0.0	0.609869349158955
1.7139478543502888	-0.0	0.6092453395305273
1.7154486843453418	-0.0	0.6086105512359595
1.7169495143403943	-0.0	0.6079650004789094
1.7184503443354473	-0.0	0.6073087036686824
1.7199511743305	-0.0	0.6066416774081737
1.721452004325553	-0.0	0.6059639385456499
1.7229528343206055	-0.0	0.6052755040982974
1.7244536643156585	-0.0	0.6045763912844007
1.7259544943107115	-0.0	0.603866617551637
1.727455324305764	-0.0	0.6031462005452314
1.7289561543008167	-0.0	0.602415158097489
1.7304569842958697	-0.0	0.6016735082463994
1.7319578142909227	-0.0	0.6009212692448834
1.7334586442859752	-0.0	0.6001584595363076
1.7349594742810281	-0.0	0.5993850977638056
1.736460304276081	-0.0	0.5986012027765278
1.7379611342711334	-0.0	0.5978067936118889
1.7394619642661864	-0.0	0.5970018895090303
1.7409627942612393	-0.0	0.59618650991496
1.7424636242562919	-0.0	0.5953606744409822
1.7439644542513446	-0.0	0.5945244029253902
1.7454652842463976	-0.0	0.5936777154241086
1.7469661142414505	-0.0	0.5928206321326878
1.748466944236503	-0.0	0.591953173450994
1.749967774231556	-0.0	0.5910753599964882
1.7514686042266088	-0.0	0.5901872125738589
1.7529694342216613	-0.0	0.5892887521769093
1.7544702642167143	-0.0	0.5883799999905913
1.7559710942117672	-0.0	0.5874609773734365
1.75747192420682	-0.0	0.5865317058744592
1.7589727542018727	-0.0	0.5855922072797606
1.7604735841969255	-0.0	0.5846425035154003
1.7619744141919784	-0.0	0.5836826166795381
1.763475244187031	-0.0	0.5827125691104538
1.764976074182084	-0.0	0.5817323832999963
1.7664769041771367	-0.0	0.5807420819318296
1.7679777341721894	-0.0	0.5797416878789168
1.7694785641672421	-0.0	0.5787312241777031
1.770979394162295	-0.0	0.5777107140753487
1.772480224157348	-0.0	0.5766801809784277
1.7739810541524006	-0.0	0.5756396484824805
1.7754818841474533	-0.0	0.5745891403831102
1.7769827141425063	-0.0	0.5735286806206126
1.7784835441375588	-0.0	0.5724582933199226
1.7799843741326118	-0.0	0.5713780028121406
1.7814852041276648	-0.0	0.5702878335838969
1.7829860341227173	-0.0	0.5691878103135256
1.78448686411777	-0.0	0.5680779578378498
1.785987694112823	-0.0	0.5669583011529582
1.787488524107876	-0.0	0.5658288654815222
1.7889893541029285	-0.0	0.5646896761866526
1.7904901840979814	-0.0	0.5635407588028573
1.7919910140930342	-0.0	0.5623821390390382
1.7934918440880867	-0.0	0.5612138427685045
1.7949926740831397	-0.0	0.5600358960656999
1.7964935040781926	-0.0	0.5588483251346339
1.7979943340732454	-0.0	0.557651156363474
1.7994951640682981	-0.0	0.5564444163245827
1.8009959940633509	-0.0	0.555228131746001
1.8024968240584038	-0.0	0.5540023295098202
1.8039976540534564	-0.0	0.5527670366791089
1.8054984840485093	-0.0	0.5515222804637372
1.806999314043562	-0.0	0.550268088247155
1.8085001440386146	-0.0	0.5490044876089538
1.8100009740336676	-0.0	0.5477315062335836
1.8115018040287205	-0.0	0.5464491719895411
1.8130026340237735	-0.0	0.5451575129110989
1.814503464018826	-0.0	0.5438565572025957
1.8160042940138788	-0.0	0.5425463332297071
1.8175051240089317	-0.0	0.541226869454423
1.8190059540039842	-0.0	0.539898194563318
1.8205067839990372	-0.0	0.5385603374111836
1.82200761399409	-0.0	0.5372133269425046
1.8235084439891427	-0.0	0.5358571923011995
1.8250092739841954	-0.0	0.5344919627819088
1.8265101039792484	-0.0	0.5331176678184918
1.8280109339743014	-0.0	0.5317343369951599
1.8295117639693539	-0.0	0.5303420000500644
1.8310125939644066	-0.0	0.5289406869055885
1.8325134239594596	-0.0	0.5275304275938927
1.8340142539545121	-0.0	0.526111252288465
1.835515083949565	-0.0	0.5246831913763926
1.837015913944618	-0.0	0.5232462753248402
1.8385167439396708	-0.0	0.5218005347558363
1.8400175739347233	-0.0	0.5203460004616608
1.8415184039297763	-0.0	0.5188827033633079
1.8430192339248292	-0.0	0.5174106745557959
1.8445200639198818	-0.0	0.5159299452241323
1.8460208939149347	-0.0	0.5144405467290862
1.8475217239099875	-0.0	0.5129425105936523
1.84902255390504	-0.0	0.511435868430407
1.850523383900093	-0.0	0.5099206520245825
1.852024213895146	-0.0	0.5083968933150913
1.8535250438901987	-0.0	0.5068646243233644
1.8550258738852514	-0.0	0.5053238772605384
1.8565267038803042	-0.0	0.5037746844760815
1.8580275338753571	-0.0	0.5022170784104498
1.8595283638704097	-0.0	0.5006510916637351
1.8610291938654626	-0.0	0.49907675697580284
1.8625300238605154	-0.0	0.49749410723128573
1.864030853855568	-0.0	0.495903175423188
1.8655316838506208	-0.0	0.4943039946767056
1.8670325138456738	-0.0	0.49269659826135737
1.8685333438407268	-0.0	0.49108101958440176
1.8700341738357793	-0.0	0.4894572921657224
1.871535003830832	-0.0	0.4878254496476301
1.873035833825885	-0.0	0.4861855258158338
1.8745366638209375	-0.0	0.48453755458786407
1.8760374938159905	-0.0	0.48288156998977144
1.8775383238110435	-0.0	0.4812176061641891
1.8790391538060962	-0.0	0.47954569740484226
1.8805399838011487	-0.0	0.47786587814149395
1.8820408137962017	-0.0	0.47617818287754843
1.8835416437912547	-0.0	0.47448264625426034
1.8850424737863072	-0.0	0.47277930307644067
1.88654330378136	-0.0	0.4710681882233182
1.888044133776413	-0.0	0.46934933671119544
1.8895449637714654	-0.0	0.46762278367081256
1.8910457937665184	-0.0	0.46588856435004744
1.8925466237615713	-0.0	0.46414671411680064
1.894047453756624	-0.0	0.46239726846254636
1.8955482837516766	-0.0	0.460640262991162
1.8970491137467296	-0.0	0.45887573339917737
1.8985499437417825	-0.0	0.45710371551220674
1.900050773736835	-0.0	0.4553242452856889
1.901551603731888	-0.0	0.453537358797859
1.9030524337269408	-0.0	0.45174309217784653
1.9045532637219937	-0.0	0.4499414817178564
1.9060540937170463	-0.0	0.44813256381191874
1.9075549237120992	-0.0	0.44631637492811144
1.909055753707152	-0.0	0.44449295170934994
1.9105565837022047	-0.0	0.4426623308494436
1.9120574136972575	-0.0	0.44082454917235914
1.9135582436923104	-0.0	0.43897964361749936
1.915059073687363	-0.0	0.4371276511976863
1.916559903682416	-0.0	0.43526860905649106
1.9180607336774687	-0.0	0.43340255443309583
1.9195615636725216	-0.0	0.43152952467228073
1.9210623936675741	-0.0	0.42964955724210335
1.922563223662627	-0.0	0.4277626896782706
1.92406405365768	-0.0	0.4258689595787382
1.9255648836527326	-0.0	0.4239684047416357
1.9270657136477853	-0.0	0.422061063036884
1.9285665436428383	-0.0	0.4201469723872217
1.9300673736378908	-0.0	0.41822617083160013
1.9315682036329438	-0.0	0.41629869651024126
1.9330690336279968	-0.0	0.41436458766256584
1.9345698636230495	-0.0	0.41242388263185426
1.936070693618102	-0.0	0.41047661985067324
1.937571523613155	-0.0	0.40852283782312243
1.939072353608208	-0.0	0.40656257517006933
1.9405731836032605	-0.0	0.4045958706053666
1.9420740135983134	-0.0	0.4026227629180985
1.9435748435933662	-0.0	0.4006432910181486
1.9450756735884192	-0.0	0.39865749388027577
1.9465765035834717	-0.0	0.3966654105657882
1.9480773335785246	-0.0	0.3946670802356372
1.9495781635735774	-0.0	0.39266254214767965
1.95107899356863	-0.0	0.3906518356347083
1.9525798235636829	-0.0	0.3886350000952046
1.9540806535587358	-0.0	0.38661207506254147
1.9555814835537884	-0.0	0.3845831001145133
1.9570823135488413	-0.0	0.3825481149311094
1.958583143543894	-0.0	0.3805071592743931
1.960083973538947	-0.0	0.37846027297914414
1.9615848035339996	-0.0	0.37640749596092193
1.9630856335290525	-0.0	0.37434886824554386
1.9645864635241053	-0.0	0.37228442992370253
1.966087293519158	-0.0	0.3702142211257776
1.9675881235142108	-0.0	0.3681382821267307
1.9690889535092637	-0.0	0.36605665325141895
1.9705897835043162	-0.0	0.36396937487825654
1.9720906134993692	-0.0	0.3618764874918843
1.973591443494422	-0.0	0.35977803165339506
1.975092273489475	-0.0	0.357674047993935
1.9765931034845274	-0.0	0.3555645772040884
1.9780939334795804	-0.0	0.35344966006871925
1.9795947634746334	-0.0	0.3513293374336091
1.981095593469686	-0.0	0.34920365022128746
1.9825964234647386	-0.0	0.3470726394264085
1.9840972534597916	-0.0	0.34493634612629204
1.9855980834548446	-0.0	0.3427948114607662
1.987098913449897	-0.0	0.340648076608902
1.98859974344495	-0.0	0.3384961828571068
1.9901005734400028	-0.0	0.33633917156583576
1.9916014034350553	-0.0	0.3341770841123362
1.9931022334301083	-0.0	0.33200996197719707
1.9946030634251612	-0.0	0.32983784671098654
1.9961038934202138	-0.0	0.32766077992437664
1.9976047234152667	-0.0	0.3254788033138123
1.9991055534103195	-0.0	0.3232919585911988
2.0006063834053722	-0.0	0.3211002875284715
2.002107213400425	-0.0	0.3189038319914384
2.0036080433954777	-0.0	0.3167026339374505
2.005108873390531	-0.0	0.3144967353453852
2.006609703385583	-0.0	0.31228617822611343
2.0081105333806364	-0.0	0.31007100469469856
2.009611363375689	-0.0	0.30785125692948867
2.011112193370742	-0.0	0.3056269771144538
2.0126130233657946	-0.0	0.3033982075458934
2.0141138533608474	-0.0	0.30116499056549006
2.0156146833559005	-0.0	0.29892736854078006
2.017115513350953	-0.0	0.2966853839349112
2.0186163433460056	-0.0	0.29443907922930257
2.020117173341059	-0.0	0.29218849696851035
2.021618003336111	-0.0	0.2899336797768714
2.0231188333311643	-0.0	0.2876746702912982
2.024619663326217	-0.0	0.2854115112317389
2.0261204933212698	-0.0	0.28314424536223026
2.0276213233163225	-0.0	0.28087291547007376
2.0291221533113752	-0.0	0.27859756441025696
2.0306229833064284	-0.0	0.2763182350918796
2.0321238133014807	-0.0	0.2740349704901737
2.0336246432965335	-0.0	0.27174781359069117
2.0351254732915867	-0.0	0.26945680741726497
2.036626303286639	-0.0	0.26716199509155886
2.038127133281692	-0.0	0.264863419739416
2.039627963276745	-0.0	0.2625611245126815
2.0411287932717976	-0.0	0.26025515268070787
2.0426296232668504	-0.0	0.25794554749605586
2.044130453261903	-0.0	0.255632352247718
2.0456312832569563	-0.0	0.25331561030827776
2.0471321132520086	-0.0	0.25099536506892267
2.048632943247062	-0.0	0.24867165994081353
2.0501337732421145	-0.0	0.24634453839798878
2.0516346032371673	-0.0	0.24401404396009194
2.05313543323222	-0.0	0.24168022016466814
2.0546362632272728	-0.0	0.23934311059116875
2.0561370932223255	-0.0	0.23700275884382643
2.0576379232173783	-0.0	0.23465920860857806
2.059138753212431	-0.0	0.23231250355353278
2.060639583207484	-0.0	0.2299626873794592
2.0621404132025365	-0.0	0.2276098038677576
2.0636412431975897	-0.0	0.22525389680741048
2.0651420731926424	-0.0	0.22289501000781725
2.066642903187695	-0.0	0.2205331873361879
2.068143733182748	-0.0	0.21816847265851183
2.0696445631778007	-0.0	0.21580090987136671
2.071145393172854	-0.0	0.2134305429320628
2.072646223167906	-0.0	0.2110574157907718
2.074147053162959	-0.0	0.20868157245802832
2.075647883158012	-0.0	0.2063030569473997
2.0771487131530644	-0.0	0.2039219133116226
2.0786495431481176	-0.0	0.2015381856299163
2.0801503731431703	-0.0	0.19915191798874957
2.081651203138223	-0.0	0.1967631545047725
2.083152033133276	-0.0	0.19437193929962843
2.0846528631283285	-0.0	0.191978316565162
2.0861536931233817	-0.0	0.18958233048963008
2.087654523118434	-0.0	0.1871840252673924
2.089155353113487	-0.0	0.1847834451304984
2.09065618310854	-0.0	0.18238063432601426
2.0921570131035927	-0.0	0.17997563713237105
2.0936578430986454	-0.0	0.1775684978235245
2.095158673093698	-0.0	0.1751592606781646
2.096659503088751	-0.0	0.17274797002395212
2.0981603330838037	-0.0	0.17033467020837284
2.0996611630788564	-0.0	0.16791940556966578
2.1011619930739096	-0.0	0.1655022204695197
2.102662823068962	-0.0	0.16308315927953596
2.104163653064015	-0.0	0.16066226637771447
2.105664483059068	-0.0	0.15823958615962416
2.1071653130541206	-0.0	0.15581516305205084
2.1086661430491733	-0.0	0.1533890414753076
2.110166973044226	-0.0	0.15096126585181585
2.111667803039279	-0.0	0.1485318806216767
2.1131686330343316	-0.0	0.14610093022484338
2.1146694630293843	-0.0	0.14366845912164888
2.1161702930244375	-0.0	0.1412345117794538
2.11767112301949	-0.0	0.13879913267493932
2.119171953014543	-0.0	0.1363623662610041
2.1206727830095957	-0.0	0.13392425699346877
2.1221736130046485	-0.0	0.13148484939487842
2.123674442999701	-0.0	0.12904418793836353
2.125175272994754	-0.0	0.12660231708096534
2.126676102989807	-0.0	0.12415928134589464
2.1281769329848594	-0.0	0.12171512520413674
2.129677762979912	-0.0	0.11926989313477702
2.1311785929749654	-0.0	0.1168236296646881
2.132679422970018	-0.0	0.11437637924007392
2.134180252965071	-0.0	0.1119281863582545
2.1356810829601236	-0.0	0.10947909550989215
2.1371819129551763	-0.0	0.10702915114189364
2.138682742950229	-0.0	0.10457839775113509
2.140183572945282	-0.0	0.10212687981514848
2.141684402940335	-0.0	0.09967464178383648
2.1431852329353873	-0.0	0.09722172811202107
2.1446860629304405	-0.0	0.09476818324834736
2.1461868929254933	-0.0	0.09231405162710955
2.147687722920546	-0.0	0.08985937768748413
2.1491885529155987	-0.0	0.08740420584556768
2.1506893829106515	-0.0	0.08494858051775273
2.1521902129057042	-0.0	0.08249254610959456
2.153691042900757	-0.0	0.08003614699768771
2.1551918728958097	-0.0	0.07757942757238584
2.156692702890863	-0.0	0.07512243219071739
2.158193532885915	-0.0	0.07266520518796242
2.1596943628809684	-0.0	0.0702077909181534
2.161195192876021	-0.0	0.06775023368376297
2.162696022871074	-0.0	0.06529257779991332
2.1641968528661266	-0.0	0.06283486755561382
2.1656976828611794	-0.0	0.06037714719955805
2.1671985128562326	-0.0	0.057919461002594805
2.168699342851285	-0.0	0.05546185320313528
2.1702001728463376	-0.0	0.05300436799365287
2.171701002841391	-0.0	0.05054704956514151
2.1732018328364435	-0.0	0.048089942095871564
2.1747026628314963	-0.0	0.04563308973267453
2.176203492826549	-0.0	0.04317653660015271
2.1777043228216018	-0.0	0.04072032679479832
2.1792051528166545	-0.0	0.03826450437082745
2.1807059828117072	-0.0	0.035809113420552804
2.1822068128067604	-0.0	0.03335419798006687
2.1837076428018127	-0.0	0.030899802022214415
2.1852084727968655	-0.0	0.028445969523317
2.1867093027919187	-0.0	0.025992744428516158
2.1882101327869714	-0.0	0.02354017066135304
2.189710962782024	-0.0	0.021088292111229825
2.191211792777077	-0.0	0.018637152638513912
2.1927126227721296	-0.0	0.016186796062813077
2.1942134527671824	-0.0	0.01373726618095111
2.195714282762235	-0.0	0.011288606774920034
2.1972151127572883	-0.0	0.008840861573265702
2.198715942752341	-0.0	0.006394074251494653
2.200216772747394	-0.0	0.003948288510745395
2.2017176027424465	-0.0	0.0015035479617972745
2.2032184327374993	-0.0	-0.0009401038309520209
2.204719262732552	-0.0	-0.0033826232646753437
2.2062200927276048	-0.0	-0.005823966829937641
2.2077209227226575	-0.0	-0.008264091049778419
2.2092217527177103	-0.0	-0.010702952461662099
2.210722582712763	-0.0	-0.013140507679061324
2.212223412707816	-0.0	-0.015576713326174958
2.213724242702869	-0.0	-0.018011526067813553
2.2152250726979217	-0.0	-0.02044490263529023
2.2167259026929744	-0.0	-0.02287679978358978
2.218226732688027	-0.0	-0.025307174281049272
2.21972756268308	-0.0	-0.02773598298884308
2.2212283926781327	-0.0	-0.030163182817375223
2.222729222673186	-0.0	-0.0325887306714277
2.224230052668238	-0.0	-0.035012583520361774
2.225730882663291	-0.0	-0.03743469839238495
2.227231712658344	-0.0	-0.03985503235150814
2.228732542653397	-0.0	-0.042273542516741855
2.2302333726484496	-0.0	-0.04469018604926177
2.2317342026435023	-0.0	-0.04710492015129907
2.233235032638555	-0.0	-0.049517702095508175
2.234735862633608	-0.0	-0.051928489193971555
2.2362366926286605	-0.0	-0.05433723878910103
2.2377375226237137	-0.0	-0.05674390831115246
2.2392383526187665	-0.0	-0.05914845519925858
2.2407391826138188	-0.0	-0.06155083695960949
2.242240012608872	-0.0	-0.06395101119722447
2.2437408426039247	-0.0	-0.06634893552862577
2.2452416725989774	-0.0	-0.06874456761238978
2.24674250259403	-0.0	-0.07113786518317514
2.248243332589083	-0.0	-0.0735287860327853
2.2497441625841357	-0.0	-0.07591728800443562
2.2512449925791884	-0.0	-0.07830332900003978
2.2527458225742416	-0.0	-0.08068686698057966
2.2542466525692944	-0.0	-0.08306785994905429
2.255747482564347	-0.0	-0.08544626598572855
2.2572483125594	-0.0	-0.08782204322786416
2.2587491425544526	-0.0	-0.09019514985932647
2.2602499725495053	-0.0	-0.09256554416133053
2.261750802544558	-0.0	-0.09493318445721952
2.263251632539611	-0.0	-0.09729802910059197
2.2647524625346636	-0.0	-0.09966003651572852
2.2662532925297163	-0.0	-0.1020191652247773
2.2677541225247695	-0.0	-0.10437537380355456
2.2692549525198222	-0.0	-0.10672862088350495
2.270755782514875	-0.0	-0.10907886517330186
2.2722566125099277	-0.0	-0.11142606541649747
2.2737574425049805	-0.0	-0.11377018044859348
2.275258272500033	-0.0	-0.11611116917976837
2.276759102495086	-0.0	-0.11844899054564756
2.278259932490139	-0.0	-0.12078360359784766
2.279760762485192	-0.0	-0.12311496744786718
2.281261592480244	-0.0	-0.12544304125469585
2.2827624224752974	-0.0	-0.1277677842746362
2.28426325247035	-0.0	-0.1300891557987954
2.285764082465403	-0.0	-0.1324071152040535
2.2872649124604556	-0.0	-0.1347216219640483
2.2887657424555083	-0.0	-0.13703263559365828
2.290266572450561	-0.0	-0.13934011569131532
2.291767402445614	-0.0	-0.14164402193674872
2.293268232440667	-0.0	-0.14394431408233016
2.2947690624357198	-0.0	-0.14624095195758616
2.2962698924307725	-0.0	-0.14853389540916823
2.2977707224258253	-0.0	-0.15082310443729768
2.299271552420878	-0.0	-0.1531085391296701
2.3007723824159307	-0.0	-0.15539015955822455
2.3022732124109835	-0.0	-0.15766792593863155
2.3037740424060362	-0.0	-0.15994179856367932
2.3052748724010894	-0.0	-0.1622117377845956
2.3067757023961417	-0.0	-0.16447770405295373
2.308276532391195	-0.0	-0.16673965789389408
2.3097773623862476	-0.0	-0.1689975598809361
2.3112781923813004	-0.0	-0.17125137068428303
2.312779022376353	-0.0	-0.17350105109379108
2.314279852371406	-0.0	-0.17574656193978008
2.3157806823664586	-0.0	-0.17798786414437165
2.3172815123615114	-0.0	-0.18022491873203023
2.318782342356564	-0.0	-0.18245768676546484
2.3202831723516173	-0.0	-0.18468612944615964
2.3217840023466696	-0.0	-0.18691020804413555
2.323284832341723	-0.0	-0.18912988386802798
2.3247856623367755	-0.0	-0.19134511836646795
2.3262864923318283	-0.0	-0.19355587306945782
2.327787322326881	-0.0	-0.19576210957712728
2.3292881523219338	-0.0	-0.1979637895877694
2.3307889823169865	-0.0	-0.20016087487427994
2.3322898123120392	-0.0	-0.20235332730279887
2.3337906423070924	-0.0	-0.20454110881680587
2.335291472302145	-0.0	-0.2067241814719621
2.3367923022971975	-0.0	-0.20890250742405245
2.3382931322922507	-0.0	-0.2110760488966219
2.3397939622873034	-0.0	-0.21324476819776772
2.341294792282356	-0.0	-0.21540862772091607
2.342795622277409	-0.0	-0.21756758999038991
2.3442964522724616	-0.0	-0.21972161763096898
2.345797282267515	-0.0	-0.22187067328947707
2.347298112262567	-0.0	-0.22401471973146628
2.3487989422576203	-0.0	-0.226153719863335
2.350299772252673	-0.0	-0.2282876366653446
2.351800602247726	-0.0	-0.2304164331908058
2.3533014322427785	-0.0	-0.23254007259785026
2.3548022622378313	-0.0	-0.23465851817195585
2.356303092232884	-0.0	-0.23677173323640113
2.3578039222279368	-0.0	-0.23887968124066417
2.3593047522229895	-0.0	-0.24098232575136072
2.3608055822180427	-0.0	-0.24307963041033812
2.362306412213095	-0.0	-0.24517155897547174
2.363807242208148	-0.0	-0.24725807528497273
2.365308072203201	-0.0	-0.24933914328671855
2.3668089021982537	-0.0	-0.25141472702593637
2.3683097321933064	-0.0	-0.2534847906524894
2.369810562188359	-0.0	-0.25554929842505675
2.371311392183412	-0.0	-0.2576082146808036
2.3728122221784647	-0.0	-0.2596615038792112
2.374313052173518	-0.0	-0.2617091305831394
2.3758138821685706	-0.0	-0.26375105944247823
2.377314712163623	-0.0	-0.26578725522540214
2.378815542158676	-0.0	-0.26781768279566
2.380316372153729	-0.0	-0.2698423071328437
2.3818172021487816	-0.0	-0.2718610933244361
2.3833180321438343	-0.0	-0.2738740065445068
2.384818862138887	-0.0	-0.2758810120755339
2.3863196921339402	-0.0	-0.27788207533015286
2.3878205221289925	-0.0	-0.2798771618140952
2.3893213521240457	-0.0	-0.281866237145311
2.3908221821190985	-0.0	-0.2838492670357712
2.3923230121141508	-0.0	-0.2858262172981252
2.393823842109204	-0.0	-0.2877970538988512
2.3953246721042567	-0.0	-0.2897617428869824
2.3968255020993094	-0.0	-0.2917202504132292
2.398326332094362	-0.0	-0.2936725427579781
2.399827162089415	-0.0	-0.2956185863159795
2.401327992084468	-0.0	-0.2975583475656483
2.4028288220795204	-0.0	-0.2994917931177387
2.4043296520745736	-0.0	-0.3014188897018071
2.4058304820696264	-0.0	-0.3033396041389526
2.407331312064679	-0.0	-0.3052539033816151
2.408832142059732	-0.0	-0.30716175450051875
2.4103329720547846	-0.0	-0.3090631246929941
2.4118338020498373	-0.0	-0.31095798121362755
2.41333463204489	-0.0	-0.3128462914655821
2.414835462039943	-0.0	-0.31472802301406083
2.416336292034996	-0.0	-0.31660314348692253
2.4178371220300483	-0.0	-0.31847162064148044
2.4193379520251015	-0.0	-0.3203334223647242
2.4208387820201542	-0.0	-0.3221885166554919
2.422339612015207	-0.0	-0.32403687163449385
2.4238404420102597	-0.0	-0.3258784555362121
2.4253412720053125	-0.0	-0.32771323670523905
2.4268421020003657	-0.0	-0.3295411836229079
2.428342931995418	-0.0	-0.33136226489993215
2.429843761990471	-0.0	-0.3331764492495533
2.431344591985524	-0.0	-0.334983705509437
2.432845421980576	-0.0	-0.33678400264485386
2.4343462519756294	-0.0	-0.3385773097540797
2.435847081970682	-0.0	-0.340363596041173
2.437347911965735	-0.0	-0.3421428308481167
2.4388487419607876	-0.0	-0.3439149836425015
2.4403495719558403	-0.0	-0.34568002401149694
2.4418504019508935	-0.0	-0.3474379216576349
2.443351231945946	-0.0	-0.34918864643254177
2.444852061940999	-0.0	-0.3509321682920361
2.4463528919360518	-0.0	-0.3526684573342995
2.447853721931104	-0.0	-0.3543974837962516
2.4493545519261573	-0.0	-0.35611921799599827
2.45085538192121	-0.0	-0.3578336304369873
2.452356211916263	-0.0	-0.35954069173791775
2.4538570419113155	-0.0	-0.3612403726112137
2.4553578719063682	-0.0	-0.3629326439364434
2.4568587019014214	-0.0	-0.3646174767318021
2.4583595318964737	-0.0	-0.36629484211250196
2.459860361891527	-0.0	-0.36796471136175
2.4613611918865796	-0.0	-0.3696270558723455
2.4628620218816324	-0.0	-0.3712818471533009
2.464362851876685	-0.0	-0.37292905689453193
2.465863681871738	-0.0	-0.37456865689177393
2.467364511866791	-0.0	-0.37620061907909347
2.4688653418618434	-0.0	-0.37782491554094627
2.470366171856896	-0.0	-0.37944151847485713
2.4718670018519493	-0.0	-0.38105040023062625
2.4733678318470016	-0.0	-0.38265153327722573
2.474868661842055	-0.0	-0.3842448902219221
2.4763694918371075	-0.0	-0.38583044386394416
2.4778703218321603	-0.0	-0.3874081670933237
2.479371151827213	-0.0	-0.38897803292089206
2.4808719818222658	-0.0	-0.39054001453261367
2.482372811817319	-0.0	-0.3920940852410225
2.4838736418123712	-0.0	-0.3936402185122965
2.4853744718074244	-0.0	-0.3951783879518324
2.486875301802477	-0.0	-0.3967085672880825
2.4883761317975295	-0.0	-0.3982307304262601
2.4898769617925827	-0.0	-0.3997448513831679
2.4913777917876354	-0.0	-0.40125090432329774
2.492878621782688	-0.0	-0.40274886358468426
2.494379451777741	-0.0	-0.4042387036163969
2.4958802817727936	-0.0	-0.4057203990293233
2.497381111767847	-0.0	-0.40719392459173037
2.498881941762899	-0.0	-0.4086592551831791
2.5003827717579523	-0.0	-0.4101163658619142
2.501883601753005	-0.0	-0.41156523183838206
2.503384431748058	-0.0	-0.413005828447453
2.5048852617431105	-0.0	-0.41443813119276907
2.5063860917381633	-0.0	-0.4158621157177459
2.5078869217332165	-0.0	-0.4172777578019113
2.509387751728269	-0.0	-0.41868503340473456
2.5108885817233215	-0.0	-0.4200839186316726
2.5123894117183747	-0.0	-0.42147438972444234
2.513890241713427	-0.0	-0.42285642310688454
2.51539107170848	-0.0	-0.424229995310361
2.516891901703533	-0.0	-0.42559508304987387
2.5183927316985857	-0.0	-0.426951663203205
2.5198935616936384	-0.0	-0.42829971280137313
2.521394391688691	-0.0	-0.4296392090144311
2.5228952216837444	-0.0	-0.4309701291424409
2.5243960516787967	-0.0	-0.43229245071237965
2.5258968816738494	-0.0	-0.4336061513709142
2.5273977116689026	-0.0	-0.4349112088901712
2.528898541663955	-0.0	-0.4362076012713376
2.530399371659008	-0.0	-0.43749530663710273
2.531900201654061	-0.0	-0.43877430324334565
2.5334010316491136	-0.0	-0.44004456955725224
2.5349018616441663	-0.0	-0.44130608418992456
2.536402691639219	-0.0	-0.4425588259043332
2.5379035216342722	-0.0	-0.4438027736172775
2.5394043516293245	-0.0	-0.44503790641307084
2.5409051816243777	-0.0	-0.446264203579233
2.5424060116194305	-0.0	-0.4474816445400985
2.5439068416144828	-0.0	-0.44869020884353833
2.545407671609536	-0.0	-0.4498898762381888
2.5469085016045887	-0.0	-0.45108062668121873
2.5484093315996414	-0.0	-0.45226244023613454
2.549910161594694	-0.0	-0.45343529713961545
2.551410991589747	-0.0	-0.4545991778262581
2.5529118215848	-0.0	-0.455754062884303
2.5544126515798524	-0.0	-0.45689993307324017
2.5559134815749056	-0.0	-0.45803676930757226
2.5574143115699584	-0.0	-0.4591645526708321
2.558915141565011	-0.0	-0.4602832644387
2.560415971560064	-0.0	-0.46139288605903056
2.5619168015551166	-0.0	-0.46249339913213866
2.5634176315501698	-0.0	-0.46358478543239984
2.564918461545222	-0.0	-0.4646670269360275
2.566419291540275	-0.0	-0.4657401057492443
2.567920121535328	-0.0	-0.4668040041712708
2.5694209515303803	-0.0	-0.46785870469902313
2.5709217815254335	-0.0	-0.46890418997129907
2.5724226115204862	-0.0	-0.46994044282185504
2.573923441515539	-0.0	-0.47096744626446285
2.5754242715105917	-0.0	-0.47198518347497126
2.5769251015056445	-0.0	-0.47299363780820897
2.5784259315006977	-0.0	-0.4739927928135561
2.57992676149575	-0.0	-0.4749826321967738
2.581427591490803	-0.0	-0.47596313985425387
2.582928421485856	-0.0	-0.4769342998796027
2.584429251480908	-0.0	-0.47789609653497633
2.5859300814759614	-0.0	-0.478848514243646
2.587430911471014	-0.0	-0.4797915376228426
2.588931741466067	-0.0	-0.48072515148767736
2.5904325714611196	-0.0	-0.481649340827507
2.5919334014561723	-0.0	-0.4825640907950968
2.5934342314512255	-0.0	-0.4834693867493403
2.594935061446278	-0.0	-0.4843652142275193
2.596435891441331	-0.0	-0.48525155896727395
2.5979367214363838	-0.0	-0.4861284068913641
2.5994375514314365	-0.0	-0.48699574406099194
2.6009383814264893	-0.0	-0.4878535567644596
2.602439211421542	-0.0	-0.48870183148820834
2.6039400414165947	-0.0	-0.48954055488800585
2.6054408714116475	-0.0	-0.49036971379179417
2.6069417014067002	-0.0	-0.49118929524200267
2.6084425314017534	-0.0	-0.4919992864713217
2.6099433613968057	-0.0	-0.4927996748895723
2.611444191391859	-0.0	-0.4935904481039009
2.6129450213869116	-0.0	-0.494371593905686
2.6144458513819644	-0.0	-0.49514310028119063
2.615946681377017	-0.0	-0.49590495540619867
2.61744751137207	-0.0	-0.4966571476624378
2.618948341367123	-0.0	-0.49739966560699067
2.6204491713621754	-0.0	-0.4981324979968547
2.621950001357228	-0.0	-0.49885563379778164
2.6234508313522813	-0.0	-0.49956906214784547
2.6249516613473336	-0.0	-0.5002727723736429
2.626452491342387	-0.0	-0.5009667540236183
2.6279533213374395	-0.0	-0.5016509968533432
2.6294541513324923	-0.0	-0.502325490769
2.630954981327545	-0.0	-0.5029902258828256
2.6324558113225978	-0.0	-0.5036451925308649
2.633956641317651	-0.0	-0.5042903812241112
2.6354574713127032	-0.0	-0.5049257826986235
2.6369583013077564	-0.0	-0.5055513878682942
2.638459131302809	-0.0	-0.5061671878491495
2.639959961297862	-0.0	-0.5067731739599041
2.6414607912929147	-0.0	-0.5073693376804248
2.6429616212879674	-0.0	-0.5079556707528903
2.64446245128302	-0.0	-0.5085321651179512
2.645963281278073	-0.0	-0.5090988128636511
2.6474641112731256	-0.0	-0.5096556063076488
2.648964941268179	-0.0	-0.5102025379656313
2.650465771263231	-0.0	-0.510739600564888
2.6519666012582843	-0.0	-0.5112667870348422
2.653467431253337	-0.0	-0.5117840905050535
2.65496826124839	-0.0	-0.5122915043098785
2.6564690912434425	-0.0	-0.5127890219717525
2.6579699212384953	-0.0	-0.5132766372331461
2.6594707512335485	-0.0	-0.5137543440368517
2.660971581228601	-0.0	-0.5142221365229869
2.6624724112236535	-0.0	-0.5146800090540349
2.6639732412187067	-0.0	-0.5151279561808167
2.665474071213759	-0.0	-0.5155659726525144
2.666974901208812	-0.0	-0.5159940534653459
2.668475731203865	-0.0	-0.5164121937771253
2.6699765611989177	-0.0	-0.5168203889601912
2.6714773911939704	-0.0	-0.5172186346215274
2.672978221189023	-0.0	-0.5176069265445824
2.6744790511840764	-0.0	-0.517985260731176
2.6759798811791287	-0.0	-0.5183536333906619
2.6774807111741814	-0.0	-0.518712040935119
2.6789815411692346	-0.0	-0.5190604799942949
2.6804823711642873	-0.0	-0.5193989473952256
2.68198320115934	-0.0	-0.5197274401874606
2.683484031154393	-0.0	-0.5200459556132515
2.6849848611494456	-0.0	-0.5203544911231237
2.6864856911444983	-0.0	-0.5206530443958489
2.687986521139551	-0.0	-0.5209416133079314
2.6894873511346042	-0.0	-0.521220195932868
2.6909881811296565	-0.0	-0.5214887905618606
2.6924890111247097	-0.0	-0.5217473957065167
2.6939898411197625	-0.0	-0.5219960100741419
2.695490671114815	-0.0	-0.5222346326021374
2.696991501109868	-0.0	-0.5224632624286699
2.6984923311049207	-0.0	-0.5226818988719217
2.6999931610999734	-0.0	-0.5228905414908972
2.701493991095026	-0.0	-0.5230891900516906
2.702994821090079	-0.0	-0.5232778445263401
2.704495651085132	-0.0	-0.5234565051137243
2.7059964810801844	-0.0	-0.5236251721969174
2.7074973110752376	-0.0	-0.5237838463766616
2.7089981410702904	-0.0	-0.523932528476731
2.710498971065343	-0.0	-0.5240712195083118
2.711999801060396	-0.0	-0.524199920713205
2.7135006310554486	-0.0	-0.5243186335569447
2.7150014610505018	-0.0	-0.5244273596808651
2.716502291045554	-0.0	-0.5245261009527709
2.718003121040607	-0.0	-0.5246148594535118
2.71950395103566	-0.0	-0.5246936374746896
2.7210047810307127	-0.0	-0.5247624375115559
2.7225056110257655	-0.0	-0.5248212622810627
2.7240064410208182	-0.0	-0.5248701146902376
2.725507271015871	-0.0	-0.5249089978861168
2.7270081010109237	-0.0	-0.524937915224306
2.7285089310059765	-0.0	-0.5249568702128342
2.7300097610010297	-0.0	-0.5249658666425328
2.731510590996082	-0.0	-0.524964908491535
2.7330114209911347	-0.0	-0.524953999903565
2.734512250986188	-0.0	-0.5249331452974557
2.7360130809812406	-0.0	-0.5249023492653613
2.7375139109762934	-0.0	-0.5248616166079313
2.739014740971346	-0.0	-0.5248109523803596
2.740515570966399	-0.0	-0.5247503617843083
2.7420164009614516	-0.0	-0.5246798502519426
2.7435172309565043	-0.0	-0.5245994234304329
2.7450180609515575	-0.0	-0.52450908716912
2.7465188909466103	-0.0	-0.5244088475400067
2.748019720941663	-0.0	-0.5242987108022126
2.7495205509367158	-0.0	-0.5241786834528687
2.7510213809317685	-0.0	-0.5240487721629443
2.7525222109268213	-0.0	-0.523908983805247
2.754023040921874	-0.0	-0.5237593255037998
2.7555238709169267	-0.0	-0.5235998045649713
2.7570247009119795	-0.0	-0.5234304284900517
2.7585255309070322	-0.0	-0.5232512049970005
2.7600263609020854	-0.0	-0.523062142009129
2.761527190897138	-0.0	-0.5228632476519934
2.763028020892191	-0.0	-0.5226545302690401
2.7645288508872436	-0.0	-0.5224359983903885
2.7660296808822964	-0.0	-0.5222076607524343
2.767530510877349	-0.0	-0.521969526308761
2.769031340872402	-0.0	-0.5217216042047663
2.770532170867455	-0.0	-0.521463903804515
2.7720330008625074	-0.0	-0.5211964346523832
2.77353383085756	-0.0	-0.5209192064921068
2.7750346608526133	-0.0	-0.5206322293150495
2.776535490847666	-0.0	-0.5203355132634818
2.778036320842719	-0.0	-0.5200290686926453
2.7795371508377715	-0.0	-0.5197129061764112
2.7810379808328243	-0.0	-0.5193870364785792
2.782538810827877	-0.0	-0.5190514705497701
2.7840396408229298	-0.0	-0.5187062195519108
2.785540470817983	-0.0	-0.5183512948489517
2.7870413008130357	-0.0	-0.5179867079928474
2.7885421308080884	-0.0	-0.5176124707476732
2.790042960803141	-0.0	-0.5172285950439824
2.791543790798194	-0.0	-0.5168350930441629
2.7930446207932467	-0.0	-0.5164319770977562
2.7945454507882994	-0.0	-0.516019259742605
2.796046280783352	-0.0	-0.51559695369764
2.797547110778405	-0.0	-0.5151650718799309
2.7990479407734576	-0.0	-0.5147236274321682
2.800548770768511	-0.0	-0.51427263366193
2.8020496007635636	-0.0	-0.5138121040775969
2.8035504307586163	-0.0	-0.5133420523870572
2.805051260753669	-0.0	-0.512862492454025
2.806552090748722	-0.0	-0.5123734383592543
2.8080529207437745	-0.0	-0.5118749043855217
2.8095537507388273	-0.0	-0.511366904988814
2.81105458073388	-0.0	-0.5108494548137141
2.812555410728933	-0.0	-0.5103225686794949
2.8140562407239855	-0.0	-0.5097862616168463
2.8155570707190387	-0.0	-0.5092405488400988
2.8170579007140915	-0.0	-0.508685445733834
2.818558730709144	-0.0	-0.5081209678677161
2.820059560704197	-0.0	-0.5075471310008195
2.8215603906992497	-0.0	-0.5069639510934649
2.8230612206943024	-0.0	-0.506371444264573
2.824562050689355	-0.0	-0.5057696268078279
2.8260628806844084	-0.0	-0.5051585152354698
2.827563710679461	-0.0	-0.5045381262095361
2.8290645406745134	-0.0	-0.5039084765612054
2.8305653706695666	-0.0	-0.5032695833509019
2.8320662006646193	-0.0	-0.5026214637696504
2.833567030659672	-0.0	-0.5019641351834244
2.835067860654725	-0.0	-0.5012976151775668
2.8365686906497776	-0.0	-0.5006219214792288
2.8380695206448303	-0.0	-0.4999370719949112
2.839570350639883	-0.0	-0.4992430848056195
2.8410711806349362	-0.0	-0.4985399781668266
2.842572010629989	-0.0	-0.4978277705116168
2.8440728406250417	-0.0	-0.49710648042890065
2.8455736706200945	-0.0	-0.4963761267101661
2.847074500615147	-0.0	-0.49563672828926425
2.8485753306102	-0.0	-0.4948883042652667
2.8500761606052527	-0.0	-0.4941308739120825
2.8515769906003055	-0.0	-0.49336445667109785
2.853077820595358	-0.0	-0.49258907216238285
2.854578650590411	-0.0	-0.4918047401534377
2.856079480585464	-0.0	-0.49101148059569877
2.857580310580517	-0.0	-0.4902093135861832
2.8590811405755696	-0.0	-0.4893982593772533
2.8605819705706224	-0.0	-0.48857833840594733
2.862082800565675	-0.0	-0.487749571253183
2.863583630560728	-0.0	-0.4869119786537066
2.8650844605557806	-0.0	-0.48606558152608986
2.8665852905508338	-0.0	-0.48521040093511386
2.8680861205458865	-0.0	-0.48434645808292925
2.869586950540939	-0.0	-0.4834737743599505
2.871087780535992	-0.0	-0.4825923712891902
2.8725886105310448	-0.0	-0.48170227055322284
2.8740894405260975	-0.0	-0.48080349399884503
2.8755902705211502	-0.0	-0.47989606359413356
2.877091100516203	-0.0	-0.4789800014987948
2.8785919305112557	-0.0	-0.4780553299987346
2.8800927605063085	-0.0	-0.4771220715189299
2.8815935905013617	-0.0	-0.4761802486439192
2.8830944204964144	-0.0	-0.4752298841311554
2.8845952504914667	-0.0	-0.4742710008568933
2.88609608048652	-0.0	-0.4733036218203324
2.8875969104815726	-0.0	-0.4723277701929576
2.8890977404766254	-0.0	-0.47134346929516324
2.890598570471678	-0.0	-0.47035074259458887
2.892099400466731	-0.0	-0.46934961367723227
2.893600230461784	-0.0	-0.46834010627851863
2.8951010604568364	-0.0	-0.46732224426658225
2.8966018904518895	-0.0	-0.4662960516497382
2.8981027204469423	-0.0	-0.46526155259286733
2.899603550441995	-0.0	-0.46421877136962914
2.9011043804370478	-0.0	-0.46316773240074327
2.9026052104321005	-0.0	-0.4621084602423018
2.9041060404271533	-0.0	-0.4610409795845854
2.905606870422206	-0.0	-0.45996531522972345
2.9071077004172587	-0.0	-0.45888149214517693
2.908608530412312	-0.0	-0.4577895354206488
2.9101093604073642	-0.0	-0.4566894702499975
2.9116101904024174	-0.0	-0.4555813219742154
2.91311102039747	-0.0	-0.4544651160490655
2.914611850392523	-0.0	-0.45334087806864204
2.9161126803875757	-0.0	-0.45220863375826914
2.9176135103826284	-0.0	-0.45106840894228495
2.919114340377681	-0.0	-0.4499202295831369
2.920615170372734	-0.0	-0.4487641217754269
2.922116000367787	-0.0	-0.447600111710404
2.92361683036284	-0.0	-0.4464282257258962
2.925117660357892	-0.0	-0.4452484902563788
2.9266184903529453	-0.0	-0.4440609318532058
2.928119320347998	-0.0	-0.4428655772052857
2.929620150343051	-0.0	-0.44166245311219204
2.9311209803381035	-0.0	-0.44045158646811106
2.9326218103331563	-0.0	-0.4392330042962025
2.9341226403282095	-0.0	-0.4380067337262965
2.9356234703232618	-0.0	-0.43677280201131596
2.937124300318315	-0.0	-0.43553123651233355
2.9386251303133677	-0.0	-0.43428206468747577
2.94012596030842	-0.0	-0.43302531411108214
2.941626790303473	-0.0	-0.4317610124632011
2.943127620298526	-0.0	-0.4304891875421281
2.9446284502935787	-0.0	-0.42920986724661564
2.9461292802886314	-0.0	-0.42792307957339426
2.947630110283684	-0.0	-0.4266288526163966
2.9491309402787373	-0.0	-0.42532721458906
2.9506317702737896	-0.0	-0.4240181938103825
2.952132600268843	-0.0	-0.422701818671968
2.9536334302638956	-0.0	-0.42137811768695904
2.9551342602589483	-0.0	-0.4200471194814568
2.956635090254001	-0.0	-0.41870885275379766
2.958135920249054	-0.0	-0.4173633463066215
2.9596367502441066	-0.0	-0.4160106290416191
2.9611375802391593	-0.0	-0.4146507299478077
2.962638410234212	-0.0	-0.4132836781139953
2.9641392402292652	-0.0	-0.4119095027308888
2.9656400702243175	-0.0	-0.4105282330770024
2.9671409002193707	-0.0	-0.4091398984989063
2.9686417302144235	-0.0	-0.4077445284800593
2.970142560209476	-0.0	-0.40634215257038603
2.971643390204529	-0.0	-0.4049328003863874
2.9731442201995817	-0.0	-0.40351650166884073
2.974645050194635	-0.0	-0.4020932862164078
2.976145880189687	-0.0	-0.40066318391344935
2.9776467101847404	-0.0	-0.39922622477096936
2.979147540179793	-0.0	-0.3977824388556743
2.9806483701748454	-0.0	-0.39633185629814704
2.9821492001698986	-0.0	-0.39487450734795754
2.9836500301649513	-0.0	-0.3934104223050151
2.985150860160004	-0.0	-0.39193963157815553
2.986651690155057	-0.0	-0.3904621656422365
2.9881525201501096	-0.0	-0.38897805505052796
2.9896533501451628	-0.0	-0.3874873304458453
2.991154180140215	-0.0	-0.38599002252285974
2.9926550101352682	-0.0	-0.38448616207655106
2.994155840130321	-0.0	-0.3829757799648509
2.9956566701253737	-0.0	-0.38145890713564323
2.9971575001204265	-0.0	-0.3799355746091214
2.998658330115479	-0.0	-0.3784058134730912
3.000159160110532	-0.0	-0.37687284581727454
