0.0	-0.0	0.0030016826310738333
0.0015008299950527925	-0.0	0.00600322970425258
0.003001659990105585	-0.0	0.009004708919466604
0.004502489985158378	-0.0	0.012006025207927073
0.00600331998021117	-0.0	0.01500712405951021
0.0075041499752639615	-0.0	0.01800795094573877
0.009004979970316756	-0.0	0.021008450782348847
0.010505809965369548	-0.0	0.024008567805495862
0.01200663996042234	-0.0	0.02700824647356198
0.01350746995547513	-0.0	0.030007430804898372
0.015008299950527923	-0.0	0.03300606376197543
0.016509129945580715	-0.0	0.036004087366289204
0.01800995994063351	-0.0	0.03900144271987194
0.019510789935686303	-0.0	0.041998070742175174
0.021011619930739096	-0.0	0.044993911606273924
0.022512449925791888	-0.0	0.04798890308535843
0.02401327992084468	-0.0	0.050982980000022715
0.02551410991589747	-0.0	0.05397607233207222
0.02701493991095026	-0.0	0.056968106658721665
0.028515769906003054	-0.0	0.05995901364394711
0.030016599901055846	-0.0	0.06294873069544749
0.03151742989610864	-0.0	0.06593719815612409
0.03301825989116143	-0.0	0.06892435667899462
0.03451908988621422	-0.0	0.07191014697385802
0.03601991988126702	-0.0	0.07489450981153105
0.037520749876319814	-0.0	0.07787738603143105
0.03902157987137261	-0.0	0.08085871653270532
0.0405224098664254	-0.0	0.08383844227848475
0.04202323986147819	-0.0	0.08681650430307811
0.043524069856530984	-0.0	0.08979284370580903
0.045024899851583776	-0.0	0.09276740165049763
0.04652572984663657	-0.0	0.09574011936505032
0.04802655984168936	-0.0	0.09871093814269806
0.04952738983674215	-0.0	0.10167979934963357
0.05102821983179494	-0.0	0.10464664442838392
0.05252904982684774	-0.0	0.10761141489804826
0.05402987982190052	-0.0	0.11057405235700317
0.05553070981695332	-0.0	0.11353449848298548
0.05703153981200611	-0.0	0.11649269503256764
0.05853236980705891	-0.0	0.11944858384295129
0.06003319980211169	-0.0	0.12240210683408943
0.06153402979716449	-0.0	0.1253532060115744
0.06303485979221728	-0.0	0.12830182346897012
0.06453568978727008	-0.0	0.13124790138946876
0.06603651978232286	-0.0	0.13419138204738404
0.06753734977737566	-0.0	0.13713220781035845
0.06903817977242845	-0.0	0.14007032114116555
0.07053900976748124	-0.0	0.14300566459888833
0.07203983976253404	-0.0	0.14593818084010976
0.07354066975758683	-0.0	0.148867812620871
0.07504149975263963	-0.0	0.15179450279858908
0.07654232974769241	-0.0	0.15471819433307132
0.07804315974274521	-0.0	0.15763883028915443
0.079543989737798	-0.0	0.16055635383868916
0.0810448197328508	-0.0	0.1634707082616923
0.08254564972790358	-0.0	0.1663818369486185
0.08404647972295638	-0.0	0.16928968340202016
0.08554730971800917	-0.0	0.17219419123831603
0.08704813971306197	-0.0	0.17509530418969957
0.08854896970811475	-0.0	0.17799296610604548
0.09004979970316755	-0.0	0.18088712095597118
0.09155062969822034	-0.0	0.1837777128285336
0.09305145969327314	-0.0	0.18666468593560392
0.09455228968832592	-0.0	0.18954798461335542
0.09605311968337872	-0.0	0.19242755332357203
0.0975539496784315	-0.0	0.19530333665474528
0.0990547796734843	-0.0	0.19817527932476953
0.10055560966853709	-0.0	0.20104332618232923
0.10205643966358988	-0.0	0.2039074222076298
0.10355726965864268	-0.0	0.20676751251495964
0.10505809965369547	-0.0	0.20962354235365926
0.10655892964874826	-0.0	0.21247545711014462
0.10805975964380105	-0.0	0.21532320230995128
0.10956058963885383	-0.0	0.2181667236178319
0.11106141963390664	-0.0	0.22100596683988205
0.11256224962895943	-0.0	0.22384087792524957
0.11406307962401221	-0.0	0.22667140296707888
0.115563909619065	-0.0	0.2294974882050505
0.11706473961411781	-0.0	0.2323190800262339
0.1185655696091706	-0.0	0.23513612496647288
0.12006639960422338	-0.0	0.23794856971151823
0.1215672295992762	-0.0	0.24075636109883383
0.12306805959432898	-0.0	0.24355944611894254
0.12456888958938177	-0.0	0.24635777191711838
0.12606971958443455	-0.0	0.24915128579340037
0.12757054957948735	-0.0	0.2519399352047188
0.12907137957454015	-0.0	0.254723667767742
0.13057220956959295	-0.0	0.2575024312577482
0.13207303956464572	-0.0	0.2602761736107471
0.13357386955969852	-0.0	0.2630448429258056
0.13507469955475132	-0.0	0.2658083874651838
0.1365755295498041	-0.0	0.2685667556557583
0.1380763595448569	-0.0	0.27131989608978596
0.1395771895399097	-0.0	0.27406775752623064
0.1410780195349625	-0.0	0.2768102888934198
0.14257884953001526	-0.0	0.2795474392888452
0.1440796795250681	-0.0	0.2822791579808624
0.14558050952012086	-0.0	0.28500539440935035
0.14708133951517366	-0.0	0.28772609818647815
0.14858216951022643	-0.0	0.2904412190984211
0.15008299950527926	-0.0	0.29315070710669583
0.15158382950033203	-0.0	0.29585451234918336
0.15308465949538483	-0.0	0.29855258514044675
0.1545854894904376	-0.0	0.30124487597339783
0.15608631948549043	-0.0	0.3039313355201112
0.1575871494805432	-0.0	0.3066119146333507
0.159087979475596	-0.0	0.30928656434661356
0.16058880947064877	-0.0	0.31195523587465757
0.1620896394657016	-0.0	0.3146178806166712
0.16359046946075437	-0.0	0.3172744501548858
0.16509129945580717	-0.0	0.31992489625666515
0.16659212945085994	-0.0	0.3225691708762624
0.16809295944591277	-0.0	0.3252072261540665
0.16959378944096554	-0.0	0.3278390144175915
0.17109461943601834	-0.0	0.33046448818241286
0.17259544943107114	-0.0	0.3330836001545336
0.17409627942612393	-0.0	0.33569630322902105
0.1755971094211767	-0.0	0.3383025504918778
0.1770979394162295	-0.0	0.3409022952214406
0.1785987694112823	-0.0	0.34349549088955306
0.1800995994063351	-0.0	0.346082091159339
0.18160042940138788	-0.0	0.3486620498875492
0.18310125939644067	-0.0	0.35123532112845046
0.18460208939149347	-0.0	0.3538018591281183
0.18610291938654627	-0.0	0.3563616183291816
0.18760374938159904	-0.0	0.3589145533739804
0.18910457937665184	-0.0	0.36146061909989163
0.19060540937170464	-0.0	0.36399977054234817
0.19210623936675744	-0.0	0.3665319629369564
0.1936070693618102	-0.0	0.369057151716551
0.195107899356863	-0.0	0.37157529251458876
0.1966087293519158	-0.0	0.37408634116598505
0.1981095593469686	-0.0	0.37659025370639526
0.19961038934202138	-0.0	0.37908698637321764
0.20111121933707418	-0.0	0.38157649560405427
0.20261204933212695	-0.0	0.3840587380393597
0.20411287932717975	-0.0	0.38653367052463733
0.20561370932223258	-0.0	0.38900125010810016
0.20711453931728535	-0.0	0.39146143404243405
0.20861536931233815	-0.0	0.3939141797850365
0.21011619930739095	-0.0	0.39635944499682335
0.21161702930244372	-0.0	0.3987971875462211
0.21311785929749652	-0.0	0.4012273655053945
0.2146186892925493	-0.0	0.4036499371536954
0.2161195192876021	-0.0	0.4060648609792786
0.21762034928265492	-0.0	0.4084720956741756
0.21912117927770766	-0.0	0.4108716001389969
0.2206220092727605	-0.0	0.413263333482631
0.2221228392678133	-0.0	0.4156472550208879
0.22362366926286606	-0.0	0.4180233242803268
0.22512449925791886	-0.0	0.4203915009951843
0.22662532925297169	-0.0	0.42275174510818087
0.22812615924802443	-0.0	0.425104016773154
0.22962698924307726	-0.0	0.4274482763524761
0.23112781923813	-0.0	0.4297844844182193
0.23262864923318283	-0.0	0.43211260175364
0.23412947922823563	-0.0	0.4344325893515487
0.2356303092232884	-0.0	0.4367444084143635
0.2371311392183412	-0.0	0.43904802035656026
0.238631969213394	-0.0	0.4413433868017114
0.24013279920844677	-0.0	0.4436304695850613
0.2416336292034996	-0.0	0.4459092307558515
0.2431344591985524	-0.0	0.44817963257457
0.24463528919360517	-0.0	0.4504416375125908
0.24613611918865796	-0.0	0.4526952082557427
0.24763694918371074	-0.0	0.4549403077023149
0.24913777917876354	-0.0	0.45717689896312574
0.25063860917381636	-0.0	0.4594049453630026
0.2521394391688691	-0.0	0.46162441043961666
0.2536402691639219	-0.0	0.4638352579450202
0.2551410991589747	-0.0	0.4660374518434967
0.2566419291540275	-0.0	0.4682309563167553
0.2581427591490803	-0.0	0.47041573575746715
0.25964358914413305	-0.0	0.4725917547706132
0.2611444191391859	-0.0	0.47475897817675083
0.2626452491342387	-0.0	0.4769173710113777
0.26414607912929144	-0.0	0.4790668985236329
0.26564690912434424	-0.0	0.4812075261767315
0.26714773911939704	-0.0	0.4833392196491251
0.26864856911444984	-0.0	0.48546194482851873
0.27014939910950264	-0.0	0.4875756678234901
0.27165022910455544	-0.0	0.48968035495633666
0.2731510590996082	-0.0	0.4917759727588778
0.27465188909466104	-0.0	0.4938624879814428
0.2761527190897138	-0.0	0.49593986758820086
0.2776535490847666	-0.0	0.49800807875837755
0.2791543790798194	-0.0	0.5000670888849044
0.2806552090748722	-0.0	0.5021168655740629
0.282156039069925	-0.0	0.5041573766487581
0.2836568690649778	-0.0	0.5061885901476771
0.2851576990600305	-0.0	0.5082104743228523
0.2866585290550834	-0.0	0.5102229976394997
0.2881593590501362	-0.0	0.5122261287787702
0.2896601890451889	-0.0	0.5142198366353862
0.2911610190402417	-0.0	0.5162040903212348
0.2926618490352945	-0.0	0.5181788591609473
0.2941626790303473	-0.0	0.5201441126923019
0.2956635090254001	-0.0	0.5220998206724232
0.29716433902045286	-0.0	0.5240459530690721
0.2986651690155057	-0.0	0.5259824800628462
0.3001659990105585	-0.0	0.5279093720532784
0.30166682900561126	-0.0	0.5298265996511524
0.30316765900066406	-0.0	0.5317341336821327
0.30466848899571686	-0.0	0.5336319451895379
0.30616931899076966	-0.0	0.535520005425654
0.30767014898582246	-0.0	0.5373982858590389
0.3091709789808752	-0.0	0.5392667581742588
0.31067180897592805	-0.0	0.541125394268107
0.31217263897098085	-0.0	0.5429741662545085
0.3136734689660336	-0.0	0.5448130464563044
0.3151742989610864	-0.0	0.5466420074119007
0.3166751289561392	-0.0	0.5484610218773903
0.318175958951192	-0.0	0.5502700628172782
0.3196767889462448	-0.0	0.552069103412753
0.32117761894129754	-0.0	0.5538581170586585
0.3226784489363504	-0.0	0.5556370773631009
0.3241792789314032	-0.0	0.5574059581476148
0.32568010892645594	-0.0	0.5591647334490963
0.32718093892150873	-0.0	0.5609133775144349
0.32868176891656153	-0.0	0.5626518648024784
0.33018259891161433	-0.0	0.5643801699918747
0.33168342890666713	-0.0	0.5660982679713894
0.3331842589017199	-0.0	0.5678061338389224
0.3346850888967727	-0.0	0.5695037429101245
0.33618591889182553	-0.0	0.5711910707140248
0.3376867488868783	-0.0	0.5728680929870794
0.3391875788819311	-0.0	0.5745347856835475
0.3406884088769839	-0.0	0.5761911249725127
0.34218923887203667	-0.0	0.5778370872303474
0.34369006886708947	-0.0	0.5794726490469502
0.34519089886214227	-0.0	0.5810977872277284
0.346691728857195	-0.0	0.5827124787861738
0.34819255885224787	-0.0	0.5843167009512595
0.3496933888473006	-0.0	0.5859104311667463
0.3511942188423534	-0.0	0.5874936470834623
0.3526950488374062	-0.0	0.5890663265651923
0.354195878832459	-0.0	0.5906284476902691
0.3556967088275118	-0.0	0.592179988749187
0.3571975388225646	-0.0	0.5937209282423184
0.35869836881761735	-0.0	0.5952512448812772
0.3601991988126702	-0.0	0.596770917590464
0.361700028807723	-0.0	0.5982799255088356
0.36320085880277575	-0.0	0.5997782479851574
0.36470168879782855	-0.0	0.6012658645783459
0.36620251879288135	-0.0	0.6027427550629928
0.36770334878793415	-0.0	0.6042088994200034
0.36920417878298695	-0.0	0.6056642778422553
0.3707050087780397	-0.0	0.607108870738468
0.37220583877309255	-0.0	0.6085426587251214
0.37370666876814534	-0.0	0.6099656226310333
0.3752074987631981	-0.0	0.6113777434987132
0.3767083287582509	-0.0	0.6127790025773221
0.3782091587533037	-0.0	0.6141693813284733
0.3797099887483565	-0.0	0.6155488614287399
0.3812108187434093	-0.0	0.616917424761951
0.38271164873846203	-0.0	0.6182750534231128
0.3842124787335149	-0.0	0.6196217297200827
0.3857133087285677	-0.0	0.6209574361724401
0.3872141387236204	-0.0	0.6222821555071878
0.38871496871867317	-0.0	0.6235958706651872
0.390215798713726	-0.0	0.6248985647976812
0.3917166287087788	-0.0	0.626190221267858
0.3932174587038316	-0.0	0.6274708236494254
0.3947182886988844	-0.0	0.6287403557172457
0.3962191186939372	-0.0	0.6299988014689625
0.39771994868898997	-0.0	0.6312461451129158
0.39922077868404277	-0.0	0.6324823710591078
0.40072160867909556	-0.0	0.6337074639383619
0.40222243867414836	-0.0	0.6349214085828868
0.4037232686692012	-0.0	0.6361241900365302
0.4052240986642539	-0.0	0.6373157935618994
0.4067249286593067	-0.0	0.6384962046242441
0.4082257586543595	-0.0	0.6396654088997689
0.40972658864941236	-0.0	0.6408233922809322
0.41122741864446516	-0.0	0.6419701408696774
0.41272824863951796	-0.0	0.6431056409710432
0.4142290786345707	-0.0	0.6442298791061923
0.4157299086296235	-0.0	0.6453428420078716
0.4172307386246763	-0.0	0.6464445166165376
0.4187315686197291	-0.0	0.6475348900849884
0.4202323986147819	-0.0	0.6486139497768857
0.42173322860983464	-0.0	0.6496816832624072
0.42323405860488744	-0.0	0.6507380783266622
0.42473488859994024	-0.0	0.6517831229681933
0.42623571859499304	-0.0	0.652816805385809
0.42773654859004584	-0.0	0.6538391139969939
0.4292373785850986	-0.0	0.654850037431538
0.4307382085801514	-0.0	0.6558495645223172
0.4322390385752042	-0.0	0.6568376843189514
0.43373986857025704	-0.0	0.6578143860793894
0.43524069856530984	-0.0	0.6587796592700015
0.43674152856036264	-0.0	0.6597334935713773
0.4382423585554153	-0.0	0.6606758788772255
0.4397431885504682	-0.0	0.6616068052853948
0.441244018545521	-0.0	0.6625262631053183
0.4427448485405738	-0.0	0.6634342428655857
0.4442456785356266	-0.0	0.6643307352943039
0.4457465085306793	-0.0	0.6652157313376732
0.4472473385257321	-0.0	0.6660892221497425
0.4487481685207849	-0.0	0.6669511990919835
0.4502489985158377	-0.0	0.6678016537468372
0.4517498285108905	-0.0	0.6686405779015415
0.45325065850594337	-0.0	0.6694679635525141
0.45475148850099606	-0.0	0.6702838029081729
0.45625231849604886	-0.0	0.6710880883907293
0.45775314849110166	-0.0	0.6718808126296332
0.4592539784861545	-0.0	0.6726619684659365
0.4607548084812073	-0.0	0.6734315489562424
0.46225563847626	-0.0	0.6741895473627548
0.46375646847131285	-0.0	0.6749359571564788
0.46525729846636565	-0.0	0.6756707720293886
0.46675812846141845	-0.0	0.676393985881316
0.46825895845647125	-0.0	0.6771055928149757
0.46975978845152405	-0.0	0.6778055871533581
0.4712606184465768	-0.0	0.6784939634275331
0.4727614484416296	-0.0	0.6791707163790912
0.4742622784366824	-0.0	0.6798358409616968
0.4757631084317352	-0.0	0.6804893323369461
0.477263938426788	-0.0	0.681131185884926
0.47876476842184074	-0.0	0.681761397194414
0.48026559841689354	-0.0	0.6823799620581883
0.48176642841194633	-0.0	0.6829868764899877
0.4832672584069992	-0.0	0.6835821367100678
0.484768088402052	-0.0	0.6841657391508322
0.4862689183971048	-0.0	0.6847376804583486
0.4877697483921575	-0.0	0.6852979574835467
0.48927057838721033	-0.0	0.6858465672943955
0.49077140838226313	-0.0	0.6863835071669435
0.49227223837731593	-0.0	0.6869087745940013
0.49377306837236873	-0.0	0.6874223672755437
0.4952738983674215	-0.0	0.6879242831194211
0.49677472836247427	-0.0	0.6884145202529003
0.49827555835752707	-0.0	0.6888930770102821
0.49977638835257987	-0.0	0.6893599519350202
0.5012772183476327	-0.0	0.6898151437867192
0.5027780483426855	-0.0	0.6902586515313346
0.5042788783377382	-0.0	0.6906904743465166
0.5057797083327911	-0.0	0.6911106116273342
0.5072805383278438	-0.0	0.6915190629747534
0.5087813683228967	-0.0	0.6919158281993084
0.5102821983179494	-0.0	0.6923009073237186
0.5117830283130022	-0.0	0.6926743005851905
0.513283858308055	-0.0	0.6930360084353444
0.5147846883031078	-0.0	0.6933860315274255
0.5162855182981606	-0.0	0.693724370731164
0.5177863482932135	-0.0	0.6940510271220021
0.5192871782882661	-0.0	0.6943660019918484
0.520788008283319	-0.0	0.6946692968436868
0.5222888382783718	-0.0	0.6949609133861767
0.5237896682734245	-0.0	0.6952408535449149
0.5252904982684774	-0.0	0.6955091194503973
0.5267913282635301	-0.0	0.6957657134490953
0.5282921582585829	-0.0	0.6960106380919912
0.5297929882536357	-0.0	0.6962438961431023
0.5312938182486885	-0.0	0.6964654905798798
0.5327946482437413	-0.0	0.696675424587179
0.5342954782387941	-0.0	0.6968737015565476
0.5357963082338468	-0.0	0.697060325089869
0.5372971382288997	-0.0	0.6972352990054561
0.5387979682239524	-0.0	0.6973986273294326
0.5402987982190053	-0.0	0.6975503142944485
0.5417996282140581	-0.0	0.6976903643431843
0.5433004582091109	-0.0	0.6978187821347404
0.5448012882041636	-0.0	0.6979355725253578
0.5463021181992164	-0.0	0.6980407405789684
0.5478029481942692	-0.0	0.6981342915880283
0.5493037781893221	-0.0	0.6982162310401184
0.5508046081843748	-0.0	0.6982865646292437
0.5523054381794276	-0.0	0.6983452982663839
0.5538062681744804	-0.0	0.6983924380638391
0.5553070981695332	-0.0	0.698427990343015
0.556807928164586	-0.0	0.6984519616320836
0.5583087581596388	-0.0	0.6984643586747957
0.5598095881546916	-0.0	0.6984651884173964
0.5613104181497444	-0.0	0.6984544580153845
0.5628112481447971	-0.0	0.6984321748228789
0.56431207813985	-0.0	0.6983983464089113
0.5658129081349027	-0.0	0.6983529805521184
0.5673137381299556	-0.0	0.6982960852318654
0.5688145681250083	-0.0	0.6982276686396931
0.570315398120061	-0.0	0.6981477391656142
0.5718162281151139	-0.0	0.6980563054089327
0.5733170581101668	-0.0	0.6979533761743592
0.5748178881052195	-0.0	0.6978389604704396
0.5763187181002724	-0.0	0.6977130675196341
0.5778195480953251	-0.0	0.697575706743596
0.5793203780903778	-0.0	0.6974268877607126
0.5808212080854307	-0.0	0.6972666204013246
0.5823220380804834	-0.0	0.6970949146996637
0.5838228680755363	-0.0	0.6969117808935006
0.585323698070589	-0.0	0.6967172294263464
0.5868245280656418	-0.0	0.6965112709403133
0.5883253580606946	-0.0	0.6962939162774655
0.5898261880557474	-0.0	0.6960651764929116
0.5913270180508002	-0.0	0.695825062840843
0.592827848045853	-0.0	0.6955735867618837
0.5943286780409057	-0.0	0.6953107599155838
0.5958295080359586	-0.0	0.6950365941707096
0.5973303380310114	-0.0	0.6947511015698116
0.5988311680260642	-0.0	0.6944542943649149
0.600331998021117	-0.0	0.6941461850268236
0.6018328280161698	-0.0	0.693826786207836
0.6033336580112225	-0.0	0.6934961107599991
0.6048344880062754	-0.0	0.6931541717406
0.6063353180013281	-0.0	0.6928009824028281
0.607836147996381	-0.0	0.6924365561979
0.6093369779914337	-0.0	0.6920609067745992
0.6108378079864865	-0.0	0.6916740479831212
0.6123386379815393	-0.0	0.6912759938623133
0.6138394679765921	-0.0	0.690866758651197
0.6153402979716449	-0.0	0.6904463567877643
0.6168411279666978	-0.0	0.690014802900602
0.6183419579617504	-0.0	0.6895721118151223
0.6198427879568033	-0.0	0.6891182985595188
0.6213436179518561	-0.0	0.6886533783460321
0.6228444479469089	-0.0	0.6881773665792722
0.6243452779419617	-0.0	0.6876902788608601
0.6258461079370145	-0.0	0.6871921309952531
0.6273469379320672	-0.0	0.6866829389614135
0.62884776792712	-0.0	0.686162718931819
0.6303485979221728	-0.0	0.685631487287776
0.6318494279172256	-0.0	0.6850892605863712
0.6333502579122784	-0.0	0.6845360555757661
0.6348510879073311	-0.0	0.6839718891974162
0.636351917902384	-0.0	0.6833967785775085
0.6378527478974367	-0.0	0.6828107410383899
0.6393535778924896	-0.0	0.6822137940912076
0.6408544078875424	-0.0	0.6816059554205409
0.6423552378825951	-0.0	0.6809872429112163
0.6438560678776479	-0.0	0.680357674631571
0.6453568978727008	-0.0	0.6797172688323992
0.6468577278677535	-0.0	0.6790660439511312
0.6483585578628064	-0.0	0.6784040186094294
0.6498593878578591	-0.0	0.6777312116110616
0.6513602178529119	-0.0	0.6770476419482258
0.6528610478479647	-0.0	0.6763533287996633
0.6543618778430175	-0.0	0.6756482915182874
0.6558627078380703	-0.0	0.674932549639191
0.6573635378331231	-0.0	0.6742061228772602
0.6588643678281758	-0.0	0.673469031130781
0.6603651978232287	-0.0	0.6727212944782401
0.6618660278182814	-0.0	0.6719629331821343
0.6633668578133343	-0.0	0.6711939676738984
0.6648676878083871	-0.0	0.670414418562264
0.6663685178034398	-0.0	0.6696243066401213
0.6678693477984926	-0.0	0.6688236528744762
0.6693701777935454	-0.0	0.6680124784126277
0.6708710077885982	-0.0	0.6671908045701657
0.6723718377836511	-0.0	0.6663586528360932
0.6738726677787038	-0.0	0.6655160448801872
0.6753734977737565	-0.0	0.6646630025382407
0.6768743277688094	-0.0	0.663799547821328
0.6783751577638621	-0.0	0.6629257029185228
0.679875987758915	-0.0	0.6620414901814755
0.6813768177539677	-0.0	0.6611469321328272
0.6828776477490205	-0.0	0.6602420514706662
0.6843784777440733	-0.0	0.6593268710580618
0.6858793077391261	-0.0	0.6584014139266878
0.6873801377341789	-0.0	0.6574657032789876
0.6888809677292317	-0.0	0.6565197624767065
0.6903817977242845	-0.0	0.6555636150478842
0.6918826277193373	-0.0	0.6545972846970614
0.69338345771439	-0.0	0.6536207952866026
0.6948842877094429	-0.0	0.6526341708339216
0.6963851177044957	-0.0	0.6516374355359116
0.6978859476995485	-0.0	0.6506306137478437
0.6993867776946012	-0.0	0.6496137299741206
0.7008876076896541	-0.0	0.6485868088917819
0.7023884376847068	-0.0	0.6475498753375949
0.7038892676797597	-0.0	0.6465029543003993
0.7053900976748124	-0.0	0.6454460709364007
0.7068909276698653	-0.0	0.6443792505507511
0.708391757664918	-0.0	0.643302518612011
0.7098925876599708	-0.0	0.6422159007488205
0.7113934176550236	-0.0	0.6411194227278367
0.7128942476500764	-0.0	0.6400131104874469
0.7143950776451292	-0.0	0.6388969901236772
0.715895907640182	-0.0	0.6377710878726784
0.7173967376352347	-0.0	0.6366354301248559
0.7188975676302876	-0.0	0.6354900434232047
0.7203983976253404	-0.0	0.6343349544621072
0.7218992276203932	-0.0	0.6331701901004272
0.723400057615446	-0.0	0.6319957773187155
0.7249008876104988	-0.0	0.630811743261375
0.7264017176055515	-0.0	0.6296181152323151
0.7279025476006044	-0.0	0.6284149206548392
0.7294033775956571	-0.0	0.6272021871153075
0.73090420759071	-0.0	0.6259799423438487
0.7324050375857627	-0.0	0.6247482142177996
0.7339058675808154	-0.0	0.6235070307572852
0.7354066975758683	-0.0	0.622256420119985
0.736907527570921	-0.0	0.6209964106025387
0.7384083575659739	-0.0	0.6197270306492008
0.7399091875610266	-0.0	0.6184483088554469
0.7414100175560794	-0.0	0.6171602739422128
0.7429108475511322	-0.0	0.6158629547678776
0.7444116775461851	-0.0	0.6145563803320736
0.7459125075412378	-0.0	0.6132405797715995
0.7474133375362907	-0.0	0.6119155823725146
0.7489141675313434	-0.0	0.6105814175489274
0.7504149975263962	-0.0	0.6092381148309557
0.751915827521449	-0.0	0.6078857039074472
0.7534166575165018	-0.0	0.6065242145915071
0.7549174875115546	-0.0	0.605153676822773
0.7564183175066074	-0.0	0.6037741206868888
0.7579191475016601	-0.0	0.60238557639751
0.759419977496713	-0.0	0.6009880742874829
0.7609208074917657	-0.0	0.599581644811803
0.7624216374868186	-0.0	0.5981663185819762
0.7639224674818714	-0.0	0.5967421263310847
0.7654232974769241	-0.0	0.5953090989033379
0.7669241274719769	-0.0	0.5938672672650764
0.7684249574670298	-0.0	0.5924166625307549
0.7699257874620825	-0.0	0.5909573159320581
0.7714266174571354	-0.0	0.5894892588116507
0.772927447452188	-0.0	0.5880125226524514
0.7744282774472409	-0.0	0.5865271390510403
0.7759291074422937	-0.0	0.5850331397238347
0.7774299374373463	-0.0	0.5835305565172063
0.7789307674323993	-0.0	0.5820194213865085
0.780431597427452	-0.0	0.5804997664042879
0.7819324274225049	-0.0	0.5789716237769471
0.7834332574175576	-0.0	0.5774350258223303
0.7849340874126104	-0.0	0.5758900049682809
0.7864349174076632	-0.0	0.5743365937669004
0.787935747402716	-0.0	0.5727748248768493
0.7894365773977688	-0.0	0.5712047310784568
0.7909374073928216	-0.0	0.5696263452686723
0.7924382373878744	-0.0	0.5680397004542778
0.7939390673829272	-0.0	0.5664448297543105
0.7954398973779799	-0.0	0.5648417663960876
0.7969407273730328	-0.0	0.5632305437202538
0.7984415573680855	-0.0	0.5616111951850355
0.7999423873631384	-0.0	0.5599837543456576
0.8014432173581911	-0.0	0.5583482548709688
0.8029440473532439	-0.0	0.5567047305490084
0.8044448773482967	-0.0	0.5550532152540136
0.8059457073433495	-0.0	0.5533937429799118
0.8074465373384024	-0.0	0.5517263478338843
0.8089473673334551	-0.0	0.550051064017392
0.8104481973285078	-0.0	0.5483679258327783
0.8119490273235607	-0.0	0.5466769676914789
0.8134498573186134	-0.0	0.5449782241108239
0.8149506873136664	-0.0	0.5432717297110591
0.816451517308719	-0.0	0.5415575192130537
0.8179523473037718	-0.0	0.5398356274313094
0.8194531772988247	-0.0	0.5381060892871645
0.8209540072938774	-0.0	0.5363689398004353
0.8224548372889303	-0.0	0.534624214096018
0.8239556672839831	-0.0	0.5328719473994504
0.8254564972790359	-0.0	0.5311121750096709
0.8269573272740887	-0.0	0.529344932349099
0.8284581572691414	-0.0	0.5275702549250204
0.8299589872641943	-0.0	0.5257881783289963
0.831459817259247	-0.0	0.5239987382819307
0.8329606472542999	-0.0	0.5222019705808284
0.8344614772493526	-0.0	0.5203979110985735
0.8359623072444053	-0.0	0.5185865958221171
0.8374631372394582	-0.0	0.5167680608247753
0.8389639672345109	-0.0	0.514942342275217
0.8404647972295638	-0.0	0.5131094764293993
0.8419656272246165	-0.0	0.5112694996300148
0.8434664572196693	-0.0	0.5094224483306794
0.8449672872147221	-0.0	0.5075683590468514
0.8464681172097749	-0.0	0.5057072683981074
0.8479689472048277	-0.0	0.5038392130968613
0.8494697771998805	-0.0	0.5019642299277255
0.8509706071949332	-0.0	0.5000823557659676
0.8524714371899861	-0.0	0.49819362758028424
0.8539722671850388	-0.0	0.49629808243352214
0.8554730971800917	-0.0	0.4943957574616516
0.8569739271751444	-0.0	0.4924866898804791
0.8584747571701972	-0.0	0.4905709169975019
0.85997558716525	-0.0	0.4886484762025686
0.8614764171603028	-0.0	0.4867194049718741
0.8629772471553557	-0.0	0.48478374086747844
0.8644780771504084	-0.0	0.4828415215172783
0.8659789071454613	-0.0	0.48089278464539226
0.8674797371405141	-0.0	0.4789375680635423
0.8689805671355667	-0.0	0.4769759096383392
0.8704813971306197	-0.0	0.47500784732518087
0.8719822271256723	-0.0	0.47303341917185865
0.8734830571207253	-0.0	0.47105266330187634
0.874983887115778	-0.0	0.469065617915615
0.8764847171108306	-0.0	0.4670723212848592
0.8779855471058836	-0.0	0.46507281176034193
0.8794863771009364	-0.0	0.4630671277722999
0.8809872070959892	-0.0	0.46105530782409304
0.882488037091042	-0.0	0.45903739049632847
0.8839888670860947	-0.0	0.45701341445166893
0.8854896970811476	-0.0	0.4549834184209256
0.8869905270762003	-0.0	0.45294744120714536
0.8884913570712532	-0.0	0.4509055216840755
0.8899921870663059	-0.0	0.44885769880960885
0.8914930170613586	-0.0	0.4468040116191997
0.8929938470564115	-0.0	0.4447444991976246
0.8944946770514642	-0.0	0.4426792007159322
0.8959955070465171	-0.0	0.4406081554240643
0.8974963370415698	-0.0	0.43853140262916307
0.8989971670366227	-0.0	0.4364489817191133
0.9004979970316754	-0.0	0.43436093214173704
0.9019988270267282	-0.0	0.4322672934105822
0.903499657021781	-0.0	0.4301681051328293
0.9050004870168338	-0.0	0.4280634069679399
0.9065013170118867	-0.0	0.4259532386364224
0.9080021470069394	-0.0	0.42383763993867735
0.9095029770019921	-0.0	0.4217166507424768
0.911003806997045	-0.0	0.41959031097569666
0.9125046369920977	-0.0	0.4174586606303854
0.9140054669871507	-0.0	0.4153217397744886
0.9155062969822033	-0.0	0.4131795885383858
0.9170071269772561	-0.0	0.4110322471257834
0.918507956972309	-0.0	0.4088797557849199
0.9200087869673617	-0.0	0.4067221548304811
0.9215096169624146	-0.0	0.4045594846659582
0.9230104469574674	-0.0	0.402391785737988
0.92451127695252	-0.0	0.4002190985602276
0.926012106947573	-0.0	0.3980414637098776
0.9275129369426257	-0.0	0.39585892182738647
0.9290137669376786	-0.0	0.39367151361467495
0.9305145969327313	-0.0	0.3914792798264256
0.932015426927784	-0.0	0.38928226129184995
0.9335162569228369	-0.0	0.38708049890139123
0.9350170869178897	-0.0	0.38487403359642386
0.9365179169129425	-0.0	0.38266290638336375
0.9380187469079952	-0.0	0.3804471583181524
0.9395195769030481	-0.0	0.37822683052661826
0.9410204068981008	-0.0	0.3760019641967833
0.9425212368931536	-0.0	0.3737726005601106
0.9440220668882064	-0.0	0.371538780914381
0.9455228968832592	-0.0	0.3693005466204566
0.947023726878312	-0.0	0.3670579390965662
0.9485245568733648	-0.0	0.36481099980003395
0.9500253868684175	-0.0	0.3625597702512467
0.9515262168634704	-0.0	0.36030429204393644
0.9530270468585231	-0.0	0.35804460681553535
0.954527876853576	-0.0	0.3557807562574025
0.9560287068486287	-0.0	0.3535127821086473
0.9575295368436815	-0.0	0.3512407261674286
0.9590303668387343	-0.0	0.34896463029119557
0.9605311968337871	-0.0	0.3466845363918607
0.96203202682884	-0.0	0.34440048643330295
0.9635328568238927	-0.0	0.3421125224104891
0.9650336868189454	-0.0	0.33982068640221674
0.9665345168139984	-0.0	0.3375250205357179
0.968035346809051	-0.0	0.3352255669678697
0.969536176804104	-0.0	0.3329223679218299
0.9710370067991567	-0.0	0.3306154656673968
0.9725378367942096	-0.0	0.32830490252010314
0.9740386667892623	-0.0	0.32599072085033326
0.975539496784315	-0.0	0.3236729630865781
0.9770403267793679	-0.0	0.32135167169080175
0.9785411567744207	-0.0	0.3190268891794687
0.9800419867694735	-0.0	0.3166986581298498
0.9815428167645263	-0.0	0.3143670211455324
0.983043646759579	-0.0	0.3120320208827176
0.9845444767546319	-0.0	0.309693700054511
0.9860453067496846	-0.0	0.3073521014085087
0.9875461367447375	-0.0	0.30500726775505493
0.9890469667397902	-0.0	0.30265924193325155
0.990547796734843	-0.0	0.30030806682688044
0.9920486267298958	-0.0	0.297953785375722
0.9935494567249485	-0.0	0.2955964405641256
0.9950502867200014	-0.0	0.293236075426096
0.9965511167150541	-0.0	0.2908727330063268
0.9980519467101069	-0.0	0.28850645641296313
0.9995527767051597	-0.0	0.28613728880865014
1.0010536067002125	-0.0	0.2837652733818499
1.0025544366952654	-0.0	0.28139045336441043
1.0040552666903182	-0.0	0.27901287204181063
1.005556096685371	-0.0	0.27663257272486547
1.0070569266804237	-0.0	0.2742495987635962
1.0085577566754764	-0.0	0.27186399356568675
1.0100585866705294	-0.0	0.26947580056626536
1.0115594166655821	-0.0	0.2670850632249456
1.0130602466606349	-0.0	0.2646918250642189
1.0145610766556876	-0.0	0.2622961296409747
1.0160619066507404	-0.0	0.25989802053673555
1.0175627366457933	-0.0	0.2574975413718605
1.019063566640846	-0.0	0.25509473580436115
1.0205643966358988	-0.0	0.2526896475268136
1.0220652266309516	-0.0	0.25028232027266445
1.0235660566260043	-0.0	0.2478727978166933
1.0250668866210573	-0.0	0.24546112395326428
1.02656771661611	-0.0	0.24304734250170776
1.0280685466111628	-0.0	0.2406314973338201
1.0295693766062155	-0.0	0.2382136323598642
1.0310702066012682	-0.0	0.23579379149398644
1.0325710365963212	-0.0	0.23337201870799598
1.034071866591374	-0.0	0.23094835799023514
1.035572696586427	-0.0	0.22852285334872333
1.0370735265814794	-0.0	0.22609554884766309
1.0385743565765322	-0.0	0.22366648857677807
1.0400751865715852	-0.0	0.2212357166244603
1.041576016566638	-0.0	0.21880327713857686
1.0430768465616909	-0.0	0.2163692142900748
1.0445776765567436	-0.0	0.21393357225530119
1.0460785065517963	-0.0	0.21149639526109024
1.047579336546849	-0.0	0.20905772754359703
1.0490801665419018	-0.0	0.20661761337130313
1.0505809965369548	-0.0	0.20417609704202086
1.0520818265320075	-0.0	0.20173322287028056
1.0535826565270603	-0.0	0.1992890351775662
1.055083486522113	-0.0	0.19684357833329683
1.0565843165171658	-0.0	0.19439689672900967
1.0580851465122187	-0.0	0.19194903475187755
1.0595859765072715	-0.0	0.1895000368327179
1.0610868065023242	-0.0	0.1870499474191402
1.062587636497377	-0.0	0.1845988109653746
1.0640884664924297	-0.0	0.1821466719483613
1.0655892964874827	-0.0	0.1796935748751108
1.0670901264825354	-0.0	0.1772395642554078
1.0685909564775882	-0.0	0.1747846846167166
1.070091786472641	-0.0	0.17232898050529094
1.0715926164676937	-0.0	0.1698724964815876
1.0730934464627466	-0.0	0.16741527712644308
1.0745942764577994	-0.0	0.16495736703223393
1.0760951064528521	-0.0	0.1624988107862694
1.0775959364479049	-0.0	0.16003965300256337
1.0790967664429576	-0.0	0.15757993831240263
1.0805975964380106	-0.0	0.15511971134193275
1.0820984264330633	-0.0	0.15265901674940405
1.0835992564281163	-0.0	0.1501978991727609
1.0851000864231688	-0.0	0.14773640326973586
1.0866009164182218	-0.0	0.14527457372273164
1.0881017464132745	-0.0	0.1428124552003549
1.0896025764083273	-0.0	0.1403500923827152
1.0911034064033802	-0.0	0.13788752995265918
1.0926042363984327	-0.0	0.13542481259554856
1.0941050663934857	-0.0	0.13296198500676856
1.0956058963885384	-0.0	0.1304990918843674
1.0971067263835912	-0.0	0.1280361779197727
1.0986075563786442	-0.0	0.12557328780840665
1.100108386373697	-0.0	0.123110466261152
1.1016092163687496	-0.0	0.12064775797132266
1.1031100463638024	-0.0	0.11818520761074312
1.1046108763588551	-0.0	0.11572285989236741
1.106111706353908	-0.0	0.11326075950281482
1.1076125363489608	-0.0	0.11079895110477406
1.1091133663440136	-0.0	0.1083374794013606
1.1106141963390663	-0.0	0.10587638906820862
1.112115026334119	-0.0	0.10341572475435863
1.113615856329172	-0.0	0.10095553111728418
1.1151166863242248	-0.0	0.09849585281479174
1.1166175163192775	-0.0	0.09603673448086814
1.1181183463143303	-0.0	0.09357822073163546
1.1196191763093832	-0.0	0.09112035620836703
1.121120006304436	-0.0	0.08866318550806267
1.1226208362994887	-0.0	0.08620675321144798
1.1241216662945415	-0.0	0.08375110390842136
1.1256224962895942	-0.0	0.08129628214634613
1.1271233262846472	-0.0	0.07884233246866504
1.1286241562797	-0.0	0.07638929941689748
1.1301249862747527	-0.0	0.07393722750408294
1.1316258162698054	-0.0	0.07148616120656975
1.1331266462648582	-0.0	0.06903614499708159
1.1346274762599111	-0.0	0.06658722332866504
1.1361283062549639	-0.0	0.06413944062407435
1.1376291362500166	-0.0	0.0616928412898265
1.1391299662450696	-0.0	0.059247469700037886
1.140630796240122	-0.0	0.05680337021243967
1.142131626235175	-0.0	0.054360587164975
1.1436324562302278	-0.0	0.05191916484865055
1.1451332862252805	-0.0	0.04947914754444953
1.1466341162203335	-0.0	0.04704057950136141
1.1481349462153863	-0.0	0.04460350492454613
1.149635776210439	-0.0	0.04216796798816853
1.1511366062054917	-0.0	0.039734012853448006
1.1526374362005447	-0.0	0.037301683639253895
1.1541382661955975	-0.0	0.03487102443068642
1.1556390961906502	-0.0	0.03244207928159182
1.157139926185703	-0.0	0.03001489218852351
1.1586407561807557	-0.0	0.027589507133536032
1.1601415861758086	-0.0	0.025165968059144842
1.1616424161708614	-0.0	0.0227443188536795
1.1631432461659141	-0.0	0.02032460337447448
1.1646440761609669	-0.0	0.01790686543374015
1.1661449061560196	-0.0	0.015491148810916438
1.1676457361510726	-0.0	0.013077497237730074
1.1691465661461253	-0.0	0.0106659543805888
1.170647396141178	-0.0	0.00825656388633426
1.1721482261362308	-0.0	0.005849369353133241
1.1736490561312836	-0.0	0.003444414315423986
1.1751498861263365	-0.0	0.0010417422610041727
1.1766507161213893	-0.0	-0.0013586033623484222
1.178151546116442	-0.0	-0.0037565791617816696
1.1796523761114948	-0.0	-0.006152141801736254
1.1811532061065475	-0.0	-0.00854524799129613
1.1826540361016005	-0.0	-0.010935854496838067
1.1841548660966532	-0.0	-0.013323918152720882
1.185655696091706	-0.0	-0.015709395826258778
1.187156526086759	-0.0	-0.018092244456594648
1.1886573560818114	-0.0	-0.020472421059619356
1.1901581860768644	-0.0	-0.02284988269312999
1.1916590160719172	-0.0	-0.02522458646504098
1.1931598460669701	-0.0	-0.027596489550028237
1.1946606760620229	-0.0	-0.029965549203658175
1.1961615060570754	-0.0	-0.03233172273546118
1.1976623360521284	-0.0	-0.03469496752291272
1.199163166047181	-0.0	-0.03705524100418386
1.200663996042234	-0.0	-0.03941250068842366
1.2021648260372868	-0.0	-0.04176670414880563
1.2036656560323395	-0.0	-0.04411780903832115
1.2051664860273923	-0.0	-0.04646577307631623
1.206667316022445	-0.0	-0.048810554053299794
1.208168146017498	-0.0	-0.05115210984536862
1.2096689760125507	-0.0	-0.053490398377183355
1.2111698060076035	-0.0	-0.05582537766553922
1.2126706360026562	-0.0	-0.058157005807049286
1.214171465997709	-0.0	-0.0604852409727814
1.215672295992762	-0.0	-0.06281004140655677
1.2171731259878147	-0.0	-0.06513136543149667
1.2186739559828674	-0.0	-0.06744917145501567
1.2201747859779202	-0.0	-0.06976341798280272
1.221675615972973	-0.0	-0.072074063588011
1.2231764459680259	-0.0	-0.07438106691240448
1.2246772759630786	-0.0	-0.0766843867058971
1.2261781059581316	-0.0	-0.07898398180258508
1.2276789359531841	-0.0	-0.0812798111159017
1.2291797659482369	-0.0	-0.08357183366350951
1.2306805959432898	-0.0	-0.08586000853227371
1.2321814259383426	-0.0	-0.0881442948943884
1.2336822559333955	-0.0	-0.09042465205627338
1.235183085928448	-0.0	-0.0927010393774248
1.2366839159235008	-0.0	-0.09497341631110073
1.2381847459185538	-0.0	-0.09724174242274074
1.2396855759136065	-0.0	-0.09950597737383952
1.2411864059086595	-0.0	-0.10176608091980172
1.2426872359037122	-0.0	-0.10402201291045968
1.2441880658987647	-0.0	-0.10627373328837207
1.2456888958938177	-0.0	-0.1085212021019913
1.2471897258888704	-0.0	-0.11076437951439236
1.2486905558839234	-0.0	-0.11300322578256011
1.2501913858789762	-0.0	-0.115237701255688
1.251692215874029	-0.0	-0.11746776638272327
1.2531930458690816	-0.0	-0.11969338175142531
1.2546938758641344	-0.0	-0.1219145080430565
1.2561947058591874	-0.0	-0.12413110602298763
1.25769553585424	-0.0	-0.1263431365738012
1.2591963658492928	-0.0	-0.1285505607022079
1.2606971958443456	-0.0	-0.13075333951038193
1.2621980258393983	-0.0	-0.13295143422151867
1.2636988558344513	-0.0	-0.13514480617654318
1.265199685829504	-0.0	-0.13733341681262048
1.2667005158245568	-0.0	-0.13951722768912064
1.2682013458196095	-0.0	-0.14169620048891315
1.2697021758146623	-0.0	-0.14387029699399262
1.2712030058097152	-0.0	-0.14603947911839707
1.272703835804768	-0.0	-0.14820370889744486
1.2742046657998207	-0.0	-0.15036294845766415
1.2757054957948735	-0.0	-0.1525171600668364
1.2772063257899262	-0.0	-0.15466630611627952
1.2787071557849792	-0.0	-0.1568103491218835
1.280207985780032	-0.0	-0.15894925171294036
1.2817088157750849	-0.0	-0.1610829766315894
1.2832096457701374	-0.0	-0.16321148675423267
1.2847104757651902	-0.0	-0.16533474509785956
1.2862113057602431	-0.0	-0.16745271478975468
1.2877121357552959	-0.0	-0.16956535907526502
1.2892129657503488	-0.0	-0.1716726413497567
1.2907137957454016	-0.0	-0.17377452512713912
1.292214625740454	-0.0	-0.17587097404104843
1.293715455735507	-0.0	-0.17796195187928254
1.2952162857305598	-0.0	-0.18004742254640715
1.2967171157256128	-0.0	-0.18212735007052447
1.2982179457206655	-0.0	-0.18420169862124883
1.2997187757157183	-0.0	-0.18627043251077932
1.301219605710771	-0.0	-0.1883335161767009
1.3027204357058237	-0.0	-0.1903909141868296
1.3042212657008767	-0.0	-0.19244259124487156
1.3057220956959295	-0.0	-0.19448851220677132
1.3072229256909822	-0.0	-0.19652864205966616
1.308723755686035	-0.0	-0.1985629459161902
1.3102245856810877	-0.0	-0.20059138905142423
1.3117254156761406	-0.0	-0.20261393685762383
1.3132262456711934	-0.0	-0.2046305548746226
1.3147270756662461	-0.0	-0.20664120880307338
1.3162279056612989	-0.0	-0.20864586446021205
1.3177287356563516	-0.0	-0.21064448780441664
1.3192295656514046	-0.0	-0.2126370449524435
1.3207303956464573	-0.0	-0.21462350216285694
1.32223122564151	-0.0	-0.21660382583958007
1.3237320556365628	-0.0	-0.21857798252312888
1.3252328856316156	-0.0	-0.22054593890470425
1.3267337156266685	-0.0	-0.2225076618281523
1.3282345456217213	-0.0	-0.22446311828918764
1.3297353756167742	-0.0	-0.226412275410834
1.3312362056118268	-0.0	-0.22835510047086863
1.3327370356068795	-0.0	-0.23029156091129085
1.3342378656019325	-0.0	-0.23222162430729015
1.3357386955969852	-0.0	-0.23414525840539804
1.3372395255920382	-0.0	-0.23606243108470742
1.3387403555870907	-0.0	-0.2379731103636225
1.3402411855821437	-0.0	-0.239877264449625
1.3417420155771964	-0.0	-0.24177486167349263
1.3432428455722492	-0.0	-0.24366587052571279
1.3447436755673021	-0.0	-0.2455502596640095
1.3462445055623549	-0.0	-0.24742799788748948
1.3477453355574076	-0.0	-0.24929905414544504
1.3492461655524604	-0.0	-0.2511633975466007
1.350746995547513	-0.0	-0.2530209973726138
1.352247825542566	-0.0	-0.25487182304178974
1.3537486555376188	-0.0	-0.2567158441282602
1.3552494855326715	-0.0	-0.2585530303712112
1.3567503155277243	-0.0	-0.26038335166617255
1.358251145522777	-0.0	-0.26220677806823595
1.35975197551783	-0.0	-0.26402327978844864
1.3612528055128827	-0.0	-0.26583282719460866
1.3627536355079355	-0.0	-0.2676353908217875
1.3642544655029882	-0.0	-0.2694309413642302
1.365755295498041	-0.0	-0.2712194496588959
1.367256125493094	-0.0	-0.2730008867237395
1.3687569554881467	-0.0	-0.27477522374006896
1.3702577854831994	-0.0	-0.2765424320210506
1.3717586154782522	-0.0	-0.2783024830685029
1.3732594454733051	-0.0	-0.2800553485486699
1.3747602754683579	-0.0	-0.2818010002733948
1.3762611054634106	-0.0	-0.2835394102222566
1.3777619354584634	-0.0	-0.2852705505417567
1.3792627654535161	-0.0	-0.28699439354078765
1.380763595448569	-0.0	-0.2887109116901895
1.3822644254436218	-0.0	-0.2904200776209003
1.3837652554386746	-0.0	-0.2921218641365318
1.3852660854337275	-0.0	-0.2938162442108359
1.38676691542878	-0.0	-0.29550319096660344
1.388267745423833	-0.0	-0.2971826776937508
1.3897685754188858	-0.0	-0.2988546778472117
1.3912694054139385	-0.0	-0.3005191650548711
1.3927702354089915	-0.0	-0.30217611311538256
1.3942710654040442	-0.0	-0.30382549598102526
1.395771895399097	-0.0	-0.3054672877669318
1.3972727253941497	-0.0	-0.30710146276641964
1.3987735553892024	-0.0	-0.30872799543784196
1.4002743853842554	-0.0	-0.3103468603962658
1.4017752153793082	-0.0	-0.3119580324406944
1.403276045374361	-0.0	-0.3135614865270482
1.4047768753694136	-0.0	-0.31515719777056894
1.4062777053644664	-0.0	-0.3167451414666251
1.4077785353595194	-0.0	-0.31832529306748353
1.409279365354572	-0.0	-0.31989762819969403
1.4107801953496248	-0.0	-0.32146212265946544
1.4122810253446776	-0.0	-0.3230187524087082
1.4137818553397306	-0.0	-0.32456749358908954
1.4152826853347833	-0.0	-0.3261083224878388
1.416783515329836	-0.0	-0.32764121556582054
1.4182843453248888	-0.0	-0.3291661494568137
1.4197851753199415	-0.0	-0.3306831009704331
1.4212860053149945	-0.0	-0.33219204708976224
1.4227868353100472	-0.0	-0.33369296494069167
1.4242876653051	-0.0	-0.33518583183021844
1.4257884953001527	-0.0	-0.33667062524198926
1.4272893252952055	-0.0	-0.33814732281978616
1.4287901552902584	-0.0	-0.3396159023788256
1.4302909852853112	-0.0	-0.34107634190359487
1.431791815280364	-0.0	-0.3425286195440242
1.4332926452754169	-0.0	-0.34397271363033644
1.4347934752704694	-0.0	-0.34540860265065215
1.4362943052655224	-0.0	-0.3468362652616043
1.4377951352605751	-0.0	-0.3482556802852317
1.4392959652556279	-0.0	-0.3496668267248092
1.4407967952506808	-0.0	-0.35106968375674774
1.4422976252457334	-0.0	-0.3524642307010232
1.4437984552407863	-0.0	-0.35385044707682306
1.445299285235839	-0.0	-0.3552283125531877
1.446800115230892	-0.0	-0.3565978069602358
1.4483009452259448	-0.0	-0.3579589103189571
1.4498017752209975	-0.0	-0.35931160281767055
1.4513026052160503	-0.0	-0.36065586479795037
1.452803435211103	-0.0	-0.36199167676566724
1.454304265206156	-0.0	-0.3633190194205032
1.4558050952012087	-0.0	-0.36463787361674604
1.4573059251962615	-0.0	-0.36594822036891106
1.4588067551913142	-0.0	-0.3672500408753387
1.460307585186367	-0.0	-0.3685433164981478
1.46180841518142	-0.0	-0.36982802875602305
1.4633092451764727	-0.0	-0.37110415935805785
1.4648100751715254	-0.0	-0.3723716901675261
1.4663109051665781	-0.0	-0.3736306032060426
1.4678117351616309	-0.0	-0.3748808806894964
1.4693125651566838	-0.0	-0.3761225049761208
1.4708133951517366	-0.0	-0.3773554585999667
1.4723142251467893	-0.0	-0.37857972427983494
1.473815055141842	-0.0	-0.3797952848856735
1.4753158851368948	-0.0	-0.3810021234408893
1.4768167151319478	-0.0	-0.3822002231598161
1.4783175451270005	-0.0	-0.3833895674210468
1.4798183751220533	-0.0	-0.3845701397574282
1.481319205117106	-0.0	-0.385741923894602
1.4828200351121588	-0.0	-0.38690490370632397
1.4843208651072117	-0.0	-0.38805906322611516
1.4858216951022645	-0.0	-0.3892043866623711
1.4873225250973174	-0.0	-0.39034085838787586
1.4888233550923702	-0.0	-0.3914684629454794
1.4903241850874227	-0.0	-0.39258718503997936
1.4918250150824757	-0.0	-0.3936970095577608
1.4933258450775284	-0.0	-0.39479792153480264
1.4948266750725814	-0.0	-0.395889906172212
1.4963275050676341	-0.0	-0.3969729488572515
1.4978283350626869	-0.0	-0.39804703511377654
1.4993291650577396	-0.0	-0.39911215064232947
1.5008299950527924	-0.0	-0.4001682813188816
1.5023308250478453	-0.0	-0.4012154131731592
1.503831655042898	-0.0	-0.40225353240587924
1.5053324850379508	-0.0	-0.40328262538706655
1.5068333150330036	-0.0	-0.404302678637024
1.5083341450280563	-0.0	-0.40531367884880215
1.5098349750231093	-0.0	-0.4063156128834463
1.511335805018162	-0.0	-0.4073084677607684
1.5128366350132147	-0.0	-0.4082922306647284
1.5143374650082675	-0.0	-0.4092668889528663
1.5158382950033202	-0.0	-0.41023243013381366
1.5173391249983732	-0.0	-0.4111888418794257
1.518839954993426	-0.0	-0.41213611204708417
1.5203407849884787	-0.0	-0.4130742286352762
1.5218416149835314	-0.0	-0.41400317980205054
1.5233424449785842	-0.0	-0.4149229538851388
1.5248432749736371	-0.0	-0.41583353938823303
1.5263441049686899	-0.0	-0.4167349249634355
1.5278449349637429	-0.0	-0.4176270994265528
1.5293457649587954	-0.0	-0.41851005175905615
1.5308465949538481	-0.0	-0.4193837711164589
1.532347424948901	-0.0	-0.4202482468013903
1.5338482549439538	-0.0	-0.42110346827280465
1.5353490849390068	-0.0	-0.42194942517738393
1.5368499149340595	-0.0	-0.42278610730559674
1.538350744929112	-0.0	-0.4236135046093784
1.539851574924165	-0.0	-0.42443160720756795
1.5413524049192178	-0.0	-0.4252404053729995
1.5428532349142707	-0.0	-0.4260398895549168
1.5443540649093235	-0.0	-0.42683005035513455
1.545854894904376	-0.0	-0.42761087853160806
1.547355724899429	-0.0	-0.4283823650141341
1.5488565548944817	-0.0	-0.42914450088572803
1.5503573848895347	-0.0	-0.42989727738197625
1.5518582148845874	-0.0	-0.4306406859065156
1.5533590448796402	-0.0	-0.43137471804042793
1.5548598748746927	-0.0	-0.43209936550980244
1.5563607048697456	-0.0	-0.4328146201925042
1.5578615348647986	-0.0	-0.43352047414290046
1.5593623648598514	-0.0	-0.43421691957275615
1.560863194854904	-0.0	-0.43490394883975
1.5623640248499568	-0.0	-0.4355815544689821
1.5638648548450098	-0.0	-0.43624972915665444
1.5653656848400623	-0.0	-0.4369084657538888
1.5668665148351153	-0.0	-0.43755775726654195
1.568367344830168	-0.0	-0.43819759684871445
1.5698681748252208	-0.0	-0.43882797782886346
1.5713690048202735	-0.0	-0.43944889369541473
1.5728698348153265	-0.0	-0.4400603380994812
1.5743706648103795	-0.0	-0.4406623048428422
1.575871494805432	-0.0	-0.44125478788289973
1.5773723248004847	-0.0	-0.44183778133968765
1.5788731547955377	-0.0	-0.44241127949204306
1.5803739847905902	-0.0	-0.44297527679212434
1.5818748147856432	-0.0	-0.44352976782762826
1.5833756447806961	-0.0	-0.4440747473586852
1.584876474775749	-0.0	-0.44461021030487596
1.5863773047708014	-0.0	-0.4451361517313255
1.5878781347658544	-0.0	-0.4456525668910152
1.5893789647609073	-0.0	-0.44615945116127687
1.5908797947559599	-0.0	-0.44665680008486647
1.5923806247510128	-0.0	-0.4471446093896412
1.5938814547460656	-0.0	-0.44762287493050845
1.595382284741118	-0.0	-0.4480915927272083
1.596883114736171	-0.0	-0.44855075897766516
1.598383944731224	-0.0	-0.44900037002057613
1.5998847747262768	-0.0	-0.4494404223446389
1.6013856047213293	-0.0	-0.4498709126244846
1.6028864347163823	-0.0	-0.45029183768406067
1.6043872647114352	-0.0	-0.450703194480135
1.6058880947064877	-0.0	-0.451104980144627
1.6073889247015407	-0.0	-0.45149719198821436
1.6088897546965935	-0.0	-0.45187982744289173
1.6103905846916464	-0.0	-0.45225288411950443
1.611891414686699	-0.0	-0.452616359792935
1.613392244681752	-0.0	-0.4529702523817048
1.6148930746768049	-0.0	-0.45331455997626907
1.6163939046718574	-0.0	-0.45364928081430983
1.6178947346669101	-0.0	-0.4539744132886878
1.619395564661963	-0.0	-0.45428995596105376
1.6208963946570156	-0.0	-0.45459590754871815
1.6223972246520686	-0.0	-0.4548922669206749
1.6238980546471213	-0.0	-0.45517903311701985
1.6253988846421743	-0.0	-0.4554562053245574
1.6268997146372268	-0.0	-0.45572378288454973
1.6284005446322798	-0.0	-0.45598176530997087
1.6299013746273328	-0.0	-0.45623015227727737
1.6314022046223853	-0.0	-0.45646894359718837
1.632903034617438	-0.0	-0.4566981392527824
1.634403864612491	-0.0	-0.45691773938969554
1.6359046946075435	-0.0	-0.45712774430256614
1.6374055246025965	-0.0	-0.4573281544504023
1.6389063545976494	-0.0	-0.45751897044537543
1.6404071845927022	-0.0	-0.45770019307042564
1.6419080145877547	-0.0	-0.4578718232651514
1.6434088445828077	-0.0	-0.4580338621113846
1.6449096745778606	-0.0	-0.45818631085678796
1.6464105045729132	-0.0	-0.4583291709222345
1.6479113345679661	-0.0	-0.45846244387434426
1.6494121645630189	-0.0	-0.4585861314448285
1.6509129945580718	-0.0	-0.4587002355111643
1.6524138245531244	-0.0	-0.4588047581206172
1.6539146545481773	-0.0	-0.45889970149161025
1.65541548454323	-0.0	-0.45898506797703237
1.6569163145382828	-0.0	-0.4590608601046099
1.6584171445333356	-0.0	-0.4591270805634434
1.6599179745283885	-0.0	-0.4591837321916909
1.661418804523441	-0.0	-0.45923081799032706
1.662919634518494	-0.0	-0.4592683411250665
1.6644204645135467	-0.0	-0.45929630491282647
1.6659212945085997	-0.0	-0.4593147128354493
1.6674221245036522	-0.0	-0.45932356853999784
1.6689229544987052	-0.0	-0.45932287582937986
1.6704237844937582	-0.0	-0.4593126386645482
1.6719246144888107	-0.0	-0.4592928611629661
1.6734254444838634	-0.0	-0.4592635476048765
1.6749262744789164	-0.0	-0.45922470244062535
1.676427104473969	-0.0	-0.45917633026554766
1.6779279344690219	-0.0	-0.45911843583714756
1.6794287644640746	-0.0	-0.45905102409091064
1.6809295944591276	-0.0	-0.4589741001115649
1.6824304244541801	-0.0	-0.45888766913692736
1.683931254449233	-0.0	-0.45879173656885225
1.685432084444286	-0.0	-0.45868630798456744
1.6869329144393386	-0.0	-0.45857138910469947
1.6884337444343913	-0.0	-0.45844698581910853
1.6899345744294443	-0.0	-0.4583131041750715
1.6914354044244972	-0.0	-0.458169750386288
1.6929362344195498	-0.0	-0.4580169308231531
1.6944370644146027	-0.0	-0.4578546520130899
1.6959378944096555	-0.0	-0.45768292066046723
1.697438724404708	-0.0	-0.45750174361253454
1.698939554399761	-0.0	-0.4573111278871252
1.700440384394814	-0.0	-0.4571110806765771
1.7019412143898665	-0.0	-0.4569016093129463
1.7034420443849194	-0.0	-0.4566827212898112
1.7049428743799722	-0.0	-0.45645442428524097
1.7064437043750251	-0.0	-0.45621672612454994
1.7079445343700776	-0.0	-0.4559696347893409
1.7094453643651306	-0.0	-0.4557131584342972
1.7109461943601834	-0.0	-0.45544730537066797
1.712447024355236	-0.0	-0.45517208406891274
1.7139478543502888	-0.0	-0.45488750317691756
1.7154486843453418	-0.0	-0.45459357150004054
1.7169495143403943	-0.0	-0.4542902979880183
1.7184503443354473	-0.0	-0.45397769176022823
1.7199511743305	-0.0	-0.45365576211308595
1.721452004325553	-0.0	-0.4533245184937658
1.7229528343206055	-0.0	-0.4529839705100582
1.7244536643156585	-0.0	-0.4526341279488442
1.7259544943107115	-0.0	-0.4522750007435661
1.727455324305764	-0.0	-0.4519065989914627
1.7289561543008167	-0.0	-0.4515289329627239
1.7304569842958697	-0.0	-0.45114201306995794
1.7319578142909227	-0.0	-0.4507458499036435
1.7334586442859752	-0.0	-0.45034045422317864
1.7349594742810281	-0.0	-0.44992583694291827
1.736460304276081	-0.0	-0.44950200914160604
1.7379611342711334	-0.0	-0.4490689820506861
1.7394619642661864	-0.0	-0.4486267670815999
1.7409627942612393	-0.0	-0.44817537580194766
1.7424636242562919	-0.0	-0.44771481993828127
1.7439644542513446	-0.0	-0.4472451113791924
1.7454652842463976	-0.0	-0.44676626217930726
1.7469661142414505	-0.0	-0.44627828456172774
1.748466944236503	-0.0	-0.44578119090634344
1.749967774231556	-0.0	-0.4452749937593559
1.7514686042266088	-0.0	-0.4447597058229961
1.7529694342216613	-0.0	-0.44423533996913595
1.7544702642167143	-0.0	-0.443701909230226
1.7559710942117672	-0.0	-0.44315942679964737
1.75747192420682	-0.0	-0.44260790603735173
1.7589727542018727	-0.0	-0.4420473604664035
1.7604735841969255	-0.0	-0.44147780376462054
1.7619744141919784	-0.0	-0.4408992497745975
1.763475244187031	-0.0	-0.4403117125144878
1.764976074182084	-0.0	-0.4397152061534257
1.7664769041771367	-0.0	-0.4391097450199407
1.7679777341721894	-0.0	-0.4384953436157168
1.7694785641672421	-0.0	-0.43787201659042296
1.770979394162295	-0.0	-0.43723977876558795
1.772480224157348	-0.0	-0.436598645123708
1.7739810541524006	-0.0	-0.4359486308136095
1.7754818841474533	-0.0	-0.4352897511394828
1.7769827141425063	-0.0	-0.4346220215614922
1.7784835441375588	-0.0	-0.4339454577186156
1.7799843741326118	-0.0	-0.4332600753897524
1.7814852041276648	-0.0	-0.43256589053329997
1.7829860341227173	-0.0	-0.43186291926534953
1.78448686411777	-0.0	-0.4311511778542676
1.785987694112823	-0.0	-0.43043068273157026
1.787488524107876	-0.0	-0.42970145049980135
1.7889893541029285	-0.0	-0.42896349790784366
1.7904901840979814	-0.0	-0.4282168418669157
1.7919910140930342	-0.0	-0.42746149947115514
1.7934918440880867	-0.0	-0.4266974879472424
1.7949926740831397	-0.0	-0.42592482468730053
1.7964935040781926	-0.0	-0.42514352724665777
1.7979943340732454	-0.0	-0.4243536133453266
1.7994951640682981	-0.0	-0.4235551008560944
1.8009959940633509	-0.0	-0.42274800781179095
1.8024968240584038	-0.0	-0.42193235240308813
1.8039976540534564	-0.0	-0.4211081529781296
1.8054984840485093	-0.0	-0.42027542804868956
1.806999314043562	-0.0	-0.41943419627885453
1.8085001440386146	-0.0	-0.4185844764908671
1.8100009740336676	-0.0	-0.4177262876657368
1.8115018040287205	-0.0	-0.41685964895065514
1.8130026340237735	-0.0	-0.41598457963782143
1.814503464018826	-0.0	-0.41510109917085947
1.8160042940138788	-0.0	-0.41420922716229397
1.8175051240089317	-0.0	-0.4133089833793293
1.8190059540039842	-0.0	-0.4124003877375245
1.8205067839990372	-0.0	-0.41148346031281413
1.82200761399409	-0.0	-0.4105582213379203
1.8235084439891427	-0.0	-0.40962469119377226
1.8250092739841954	-0.0	-0.4086828904259095
1.8265101039792484	-0.0	-0.4077328397210323
1.8280109339743014	-0.0	-0.4067745599258836
1.8295117639693539	-0.0	-0.40580807204430863
1.8310125939644066	-0.0	-0.4048333972282851
1.8325134239594596	-0.0	-0.40385055678417464
1.8340142539545121	-0.0	-0.4028595721591481
1.835515083949565	-0.0	-0.40186046497443695
1.837015913944618	-0.0	-0.4008532569951892
1.8385167439396708	-0.0	-0.3998379701166172
1.8400175739347233	-0.0	-0.3988146264034449
1.8415184039297763	-0.0	-0.39778324807592624
1.8430192339248292	-0.0	-0.39674385748744984
1.8445200639198818	-0.0	-0.39569647715109546
1.8460208939149347	-0.0	-0.3946411297322183
1.8475217239099875	-0.0	-0.3935778380303068
1.84902255390504	-0.0	-0.3925066249998248
1.850523383900093	-0.0	-0.3914275137495272
1.852024213895146	-0.0	-0.39034052752914483
1.8535250438901987	-0.0	-0.3892456897292548
1.8550258738852514	-0.0	-0.3881430238870136
1.8565267038803042	-0.0	-0.38703255369357303
1.8580275338753571	-0.0	-0.3859143029780092
1.8595283638704097	-0.0	-0.3847882957195099
1.8610291938654626	-0.0	-0.38365455604191895
1.8625300238605154	-0.0	-0.38251310820241813
1.864030853855568	-0.0	-0.3813639766055269
1.8655316838506208	-0.0	-0.380207185802159
1.8670325138456738	-0.0	-0.3790427604777499
1.8685333438407268	-0.0	-0.3778707254588403
1.8700341738357793	-0.0	-0.3766911057158318
1.871535003830832	-0.0	-0.3755039263660196
1.873035833825885	-0.0	-0.3743092126596671
1.8745366638209375	-0.0	-0.37310698997686204
1.8760374938159905	-0.0	-0.3718972838501893
1.8775383238110435	-0.0	-0.3706801199433897
1.8790391538060962	-0.0	-0.3694555240520069
1.8805399838011487	-0.0	-0.36822352210856607
1.8820408137962017	-0.0	-0.36698414019098796
1.8835416437912547	-0.0	-0.36573740450664777
1.8850424737863072	-0.0	-0.3644833413966471
1.88654330378136	-0.0	-0.3632219773374968
1.888044133776413	-0.0	-0.36195333893442233
1.8895449637714654	-0.0	-0.3606774529277072
1.8910457937665184	-0.0	-0.35939434618988175
1.8925466237615713	-0.0	-0.35810404572222787
1.894047453756624	-0.0	-0.3568065786576827
1.8955482837516766	-0.0	-0.35550197226501806
1.8970491137467296	-0.0	-0.35419025392966236
1.8985499437417825	-0.0	-0.3528714511696242
1.900050773736835	-0.0	-0.35154559163893145
1.901551603731888	-0.0	-0.3502127031106732
1.9030524337269408	-0.0	-0.34887281348227017
1.9045532637219937	-0.0	-0.3475259507784523
1.9060540937170463	-0.0	-0.3461721431532003
1.9075549237120992	-0.0	-0.3448114188816089
1.909055753707152	-0.0	-0.34344380635746385
1.9105565837022047	-0.0	-0.342069334099863
1.9120574136972575	-0.0	-0.340688030754233
1.9135582436923104	-0.0	-0.3392999250833046
1.915059073687363	-0.0	-0.3379050459679266
1.916559903682416	-0.0	-0.3365034224057895
1.9180607336774687	-0.0	-0.3350950835167704
1.9195615636725216	-0.0	-0.33368005854568833
1.9210623936675741	-0.0	-0.3322583768500984
1.922563223662627	-0.0	-0.3308300678957244
1.92406405365768	-0.0	-0.32939516127252916
1.9255648836527326	-0.0	-0.32795368668221325
1.9270657136477853	-0.0	-0.3265056739384182
1.9285665436428383	-0.0	-0.3250511529719233
1.9300673736378908	-0.0	-0.3235901538201228
1.9315682036329438	-0.0	-0.3221227066410995
1.9330690336279968	-0.0	-0.32064884169799746
1.9345698636230495	-0.0	-0.31916858936418213
1.936070693618102	-0.0	-0.31768198012066945
1.937571523613155	-0.0	-0.3161890445566992
1.939072353608208	-0.0	-0.31468981336982754
1.9405731836032605	-0.0	-0.3131843173661304
1.9420740135983134	-0.0	-0.3116725874578547
1.9435748435933662	-0.0	-0.3101546546588137
1.9450756735884192	-0.0	-0.3086305500878081
1.9465765035834717	-0.0	-0.30710030496683227
1.9480773335785246	-0.0	-0.30556395062238734
1.9495781635735774	-0.0	-0.3040215184792486
1.95107899356863	-0.0	-0.30247304006521863
1.9525798235636829	-0.0	-0.3009185470072253
1.9540806535587358	-0.0	-0.2993580710297123
1.9555814835537884	-0.0	-0.2977916439585233
1.9570823135488413	-0.0	-0.29621929771211725
1.958583143543894	-0.0	-0.2946410643108337
1.960083973538947	-0.0	-0.29305697586834883
1.9615848035339996	-0.0	-0.2914670645907324
1.9630856335290525	-0.0	-0.28987136277942477
1.9645864635241053	-0.0	-0.28826990282855597
1.966087293519158	-0.0	-0.2866627172276267
1.9675881235142108	-0.0	-0.28504983855311256
1.9690889535092637	-0.0	-0.2834312994742156
1.9705897835043162	-0.0	-0.2818071327463913
1.9720906134993692	-0.0	-0.28017737121321673
1.973591443494422	-0.0	-0.27854204781443503
1.975092273489475	-0.0	-0.2769011955655756
1.9765931034845274	-0.0	-0.27525484757502366
1.9780939334795804	-0.0	-0.2736030370387866
1.9795947634746334	-0.0	-0.2719457972266052
1.981095593469686	-0.0	-0.2702831615023708
1.9825964234647386	-0.0	-0.2686151633050765
1.9840972534597916	-0.0	-0.2669418361580274
1.9855980834548446	-0.0	-0.26526321366699096
1.987098913449897	-0.0	-0.2635793295149912
1.98859974344495	-0.0	-0.26189021746701513
1.9901005734400028	-0.0	-0.2601959113617373
1.9916014034350553	-0.0	-0.2584964451186856
1.9931022334301083	-0.0	-0.25679185273061284
1.9946030634251612	-0.0	-0.2550821682673621
1.9961038934202138	-0.0	-0.25336742587360084
1.9976047234152667	-0.0	-0.2516476597718543
1.9991055534103195	-0.0	-0.2499229042493656
2.0006063834053722	-0.0	-0.24819319366686174
2.002107213400425	-0.0	-0.2464585624643882
2.0036080433954777	-0.0	-0.24471904514287102
2.005108873390531	-0.0	-0.24297467627569383
2.006609703385583	-0.0	-0.24122549050566466
2.0081105333806364	-0.0	-0.23947152254489598
2.009611363375689	-0.0	-0.23771280716783244
2.011112193370742	-0.0	-0.23594937921885187
2.0126130233657946	-0.0	-0.23418127360435925
2.0141138533608474	-0.0	-0.2324085252955422
2.0156146833559005	-0.0	-0.23063116933102487
2.017115513350953	-0.0	-0.22884924080501354
2.0186163433460056	-0.0	-0.22706277488047324
2.020117173341059	-0.0	-0.22527180677798553
2.021618003336111	-0.0	-0.22347637177263222
2.0231188333311643	-0.0	-0.221676505207847
2.024619663326217	-0.0	-0.2198722424853921
2.0261204933212698	-0.0	-0.21806361905719326
2.0276213233163225	-0.0	-0.21625067043277418
2.0291221533113752	-0.0	-0.21443343218233568
2.0306229833064284	-0.0	-0.21261193993073613
2.0321238133014807	-0.0	-0.2107862293521097
2.0336246432965335	-0.0	-0.20895633617504467
2.0351254732915867	-0.0	-0.20712229618266662
2.036626303286639	-0.0	-0.20528414521467267
2.038127133281692	-0.0	-0.20344191915321175
2.039627963276745	-0.0	-0.20159565393277856
2.0411287932717976	-0.0	-0.19974538554189658
2.0426296232668504	-0.0	-0.19789115000869303
2.044130453261903	-0.0	-0.19603298341558276
2.0456312832569563	-0.0	-0.19417092189507948
2.0471321132520086	-0.0	-0.19230500161863495
2.048632943247062	-0.0	-0.19043525879966264
2.0501337732421145	-0.0	-0.1885617297080458
2.0516346032371673	-0.0	-0.18668445065155168
2.05313543323222	-0.0	-0.18480345797628447
2.0546362632272728	-0.0	-0.18291878807862294
2.0561370932223255	-0.0	-0.18103047739539105
2.0576379232173783	-0.0	-0.1791385623965901
2.059138753212431	-0.0	-0.17724307959884344
2.060639583207484	-0.0	-0.17534406555831358
2.0621404132025365	-0.0	-0.17344155685934698
2.0636412431975897	-0.0	-0.1715355901337722
2.0651420731926424	-0.0	-0.16962620205525925
2.066642903187695	-0.0	-0.16771342932851951
2.068143733182748	-0.0	-0.16579730868584736
2.0696445631778007	-0.0	-0.16387787689846595
2.071145393172854	-0.0	-0.16195517077511248
2.072646223167906	-0.0	-0.1600292271584597
2.074147053162959	-0.0	-0.158100082924219
2.075647883158012	-0.0	-0.156167774972134
2.0771487131530644	-0.0	-0.15423234023861163
2.0786495431481176	-0.0	-0.15229381569159028
2.0801503731431703	-0.0	-0.15035223832591632
2.081651203138223	-0.0	-0.14840764516686716
2.083152033133276	-0.0	-0.1464600732744602
2.0846528631283285	-0.0	-0.1445095597197905
2.0861536931233817	-0.0	-0.14255614161122662
2.087654523118434	-0.0	-0.14059985609118375
2.089155353113487	-0.0	-0.13864074031148094
2.09065618310854	-0.0	-0.13667883146462292
2.0921570131035927	-0.0	-0.134714166755089
2.0936578430986454	-0.0	-0.13274678341080812
2.095158673093698	-0.0	-0.13077671869447705
2.096659503088751	-0.0	-0.1288040098842069
2.0981603330838037	-0.0	-0.12682869427846077
2.0996611630788564	-0.0	-0.12485080919881873
2.1011619930739096	-0.0	-0.12287039198274666
2.102662823068962	-0.0	-0.1208874799906886
2.104163653064015	-0.0	-0.11890211060626099
2.105664483059068	-0.0	-0.11691432122880892
2.1071653130541206	-0.0	-0.11492414927123322
2.1086661430491733	-0.0	-0.11293163216735086
2.110166973044226	-0.0	-0.11093680736868632
2.111667803039279	-0.0	-0.10893971233736081
2.1131686330343316	-0.0	-0.10694038456001796
2.1146694630293843	-0.0	-0.10493886153415705
2.1161702930244375	-0.0	-0.10293518076673674
2.11767112301949	-0.0	-0.10092937978209038
2.119171953014543	-0.0	-0.09892149611680322
2.1206727830095957	-0.0	-0.09691156732183917
2.1221736130046485	-0.0	-0.09489963096315118
2.123674442999701	-0.0	-0.09288572461292442
2.125175272994754	-0.0	-0.09086988584879971
2.126676102989807	-0.0	-0.08885215227097987
2.1281769329848594	-0.0	-0.08683256148045372
2.129677762979912	-0.0	-0.08481115108983321
2.1311785929749654	-0.0	-0.0827879587244816
2.132679422970018	-0.0	-0.08076302200822712
2.134180252965071	-0.0	-0.07873637857855549
2.1356810829601236	-0.0	-0.0767080660807844
2.1371819129551763	-0.0	-0.07467812216409668
2.138682742950229	-0.0	-0.072646584484564
2.140183572945282	-0.0	-0.07061349070480467
2.141684402940335	-0.0	-0.06857887848859293
2.1431852329353873	-0.0	-0.06654278550713731
2.1446860629304405	-0.0	-0.06450524943578893
2.1461868929254933	-0.0	-0.062466307948974245
2.147687722920546	-0.0	-0.060425998725225236
2.1491885529155987	-0.0	-0.05838435944455337
2.1506893829106515	-0.0	-0.05634142779295276
2.1521902129057042	-0.0	-0.05429724145734219
2.153691042900757	-0.0	-0.05225183812022975
2.1551918728958097	-0.0	-0.05020525546813663
2.156692702890863	-0.0	-0.04815753118361713
2.158193532885915	-0.0	-0.04610870295162974
2.1596943628809684	-0.0	-0.0440588084564117
2.161195192876021	-0.0	-0.042007885376023395
2.162696022871074	-0.0	-0.03995597139214072
2.1641968528661266	-0.0	-0.03790310417796954
2.1656976828611794	-0.0	-0.03584932140862056
2.1671985128562326	-0.0	-0.033794660752667016
2.168699342851285	-0.0	-0.031739159871367995
2.1702001728463376	-0.0	-0.02968285642799836
2.171701002841391	-0.0	-0.027625788074681405
2.1732018328364435	-0.0	-0.025567992462218143
2.1747026628314963	-0.0	-0.023509507234058424
2.176203492826549	-0.0	-0.021450370022851908
2.1777043228216018	-0.0	-0.019390618459287943
2.1792051528166545	-0.0	-0.017330290165410166
2.1807059828117072	-0.0	-0.015269422753081564
2.1822068128067604	-0.0	-0.013208053830734572
2.1837076428018127	-0.0	-0.011146220998599774
2.1852084727968655	-0.0	-0.009083961842556804
2.1867093027919187	-0.0	-0.0070213139306205905
2.1882101327869714	-0.0	-0.004958314834902372
2.189710962782024	-0.0	-0.0028950021168796304
2.191211792777077	-0.0	-0.000831413316115071
2.1927126227721296	-0.0	0.0012324140318416873
2.1942134527671824	-0.0	0.0032964424052649055
2.195714282762235	-0.0	0.0053606342947362575
2.1972151127572883	-0.0	0.00742495220581714
2.198715942752341	-0.0	0.00948935865323247
2.200216772747394	-0.0	0.011553816166270785
2.2017176027424465	-0.0	0.013618287293537066
2.2032184327374993	-0.0	0.015682734599078353
2.204719262732552	-0.0	0.017747120651555807
2.2062200927276048	-0.0	0.019811408036968237
2.2077209227226575	-0.0	0.021875559371736224
2.2092217527177103	-0.0	0.023939537277014696
2.210722582712763	-0.0	0.02600330438463855
2.212223412707816	-0.0	0.028066823361071747
2.213724242702869	-0.0	0.03013005688434591
2.2152250726979217	-0.0	0.03219296763889142
2.2167259026929744	-0.0	0.03425551833986557
2.218226732688027	-0.0	0.03631767171659167
2.21972756268308	-0.0	0.038379390521010553
2.2212283926781327	-0.0	0.04044063752930802
2.222729222673186	-0.0	0.04250137552789676
2.224230052668238	-0.0	0.0445615673263988
2.225730882663291	-0.0	0.0466211757617695
2.227231712658344	-0.0	0.0486801636922965
2.228732542653397	-0.0	0.05073849399514926
2.2302333726484496	-0.0	0.0527961295663236
2.2317342026435023	-0.0	0.05485303332725316
2.233235032638555	-0.0	0.05690916822695457
2.234735862633608	-0.0	0.05896449723871719
2.2362366926286605	-0.0	0.06101898336065788
2.2377375226237137	-0.0	0.06307258960935921
2.2392383526187665	-0.0	0.06512527902989303
2.2407391826138188	-0.0	0.06717701469805802
2.242240012608872	-0.0	0.06922775970652825
2.2437408426039247	-0.0	0.0712774771815804
2.2452416725989774	-0.0	0.0733261302799222
2.24674250259403	-0.0	0.07537368217671787
2.248243332589083	-0.0	0.07742009607994833
2.2497441625841357	-0.0	0.07946533522793303
2.2512449925791884	-0.0	0.08150936288257064
2.2527458225742416	-0.0	0.08355214234569651
2.2542466525692944	-0.0	0.08559363694123642
2.255747482564347	-0.0	0.08763381001939545
2.2572483125594	-0.0	0.08967262497325577
2.2587491425544526	-0.0	0.09171004521704688
2.2602499725495053	-0.0	0.09374603420288216
2.261750802544558	-0.0	0.09578055541323208
2.263251632539611	-0.0	0.097813572361257
2.2647524625346636	-0.0	0.09984504859724297
2.2662532925297163	-0.0	0.10187494770651195
2.2677541225247695	-0.0	0.10390323331018932
2.2692549525198222	-0.0	0.105929869053146
2.270755782514875	-0.0	0.10795481862238115
2.2722566125099277	-0.0	0.10997804574561656
2.2737574425049805	-0.0	0.11199951418411194
2.275258272500033	-0.0	0.11401918773361737
2.276759102495086	-0.0	0.11603703022785926
2.278259932490139	-0.0	0.11805300553561847
2.279760762485192	-0.0	0.12006707757031909
2.281261592480244	-0.0	0.12207921028850278
2.2827624224752974	-0.0	0.12408936767486756
2.28426325247035	-0.0	0.12609751375406658
2.285764082465403	-0.0	0.12810361259760622
2.2872649124604556	-0.0	0.13010762831771558
2.2887657424555083	-0.0	0.1321095250676515
2.290266572450561	-0.0	0.13410926704282672
2.291767402445614	-0.0	0.13610681848253905
2.293268232440667	-0.0	0.13810214366622636
2.2947690624357198	-0.0	0.1400952069115711
2.2962698924307725	-0.0	0.14208597259549952
2.2977707224258253	-0.0	0.14407440513321948
2.299271552420878	-0.0	0.1460604689817063
2.3007723824159307	-0.0	0.1480441286412563
2.3022732124109835	-0.0	0.15002534866838602
2.3037740424060362	-0.0	0.15200409366547582
2.3052748724010894	-0.0	0.15398032827028407
2.3067757023961417	-0.0	0.15595401718462137
2.308276532391195	-0.0	0.15792512515455323
2.3097773623862476	-0.0	0.15989361696974347
2.3112781923813004	-0.0	0.16185945747457822
2.312779022376353	-0.0	0.16382261156336672
2.314279852371406	-0.0	0.16578304418222772
2.3157806823664586	-0.0	0.16774072033256626
2.3172815123615114	-0.0	0.16969560505482711
2.318782342356564	-0.0	0.17164766345489418
2.3202831723516173	-0.0	0.1735968606944648
2.3217840023466696	-0.0	0.17554316197944494
2.323284832341723	-0.0	0.17748653257921018
2.3247856623367755	-0.0	0.17942693781344768
2.3262864923318283	-0.0	0.1813643430568719
2.327787322326881	-0.0	0.18329871374545703
2.3292881523219338	-0.0	0.1852300153718967
2.3307889823169865	-0.0	0.1871582134819147
2.3322898123120392	-0.0	0.18908327368861572
2.3337906423070924	-0.0	0.19100516165906853
2.335291472302145	-0.0	0.1929238431145
2.3367923022971975	-0.0	0.1948392838490199
2.3382931322922507	-0.0	0.19675144970767822
2.3397939622873034	-0.0	0.1986603065959062
2.341294792282356	-0.0	0.20056582049670604
2.342795622277409	-0.0	0.20246795744591575
2.3442964522724616	-0.0	0.2043666835404759
2.345797282267515	-0.0	0.20626196494325627
2.347298112262567	-0.0	0.20815376788220522
2.3487989422576203	-0.0	0.21004205866021594
2.350299772252673	-0.0	0.2119268036355234
2.351800602247726	-0.0	0.21380796923449258
2.3533014322427785	-0.0	0.21568552195742538
2.3548022622378313	-0.0	0.21755942837446432
2.356303092232884	-0.0	0.2194296551142746
2.3578039222279368	-0.0	0.2212961688792364
2.3593047522229895	-0.0	0.2231589364528054
2.3608055822180427	-0.0	0.22501792467425055
2.362306412213095	-0.0	0.2268731004633707
2.363807242208148	-0.0	0.22872443081509447
2.365308072203201	-0.0	0.2305718827863037
2.3668089021982537	-0.0	0.23241542352040193
2.3683097321933064	-0.0	0.23425502023172448
2.369810562188359	-0.0	0.2360906402071289
2.371311392183412	-0.0	0.23792225081060897
2.3728122221784647	-0.0	0.23974981948173224
2.374313052173518	-0.0	0.24157331374593138
2.3758138821685706	-0.0	0.24339270119670436
2.377314712163623	-0.0	0.24520794950798663
2.378815542158676	-0.0	0.24701902643815477
2.380316372153729	-0.0	0.24882589982525538
2.3818172021487816	-0.0	0.25062853758750425
2.3833180321438343	-0.0	0.2524269077203645
2.384818862138887	-0.0	0.25422097831035195
2.3863196921339402	-0.0	0.2560107175184556
2.3878205221289925	-0.0	0.25779609359201056
2.3893213521240457	-0.0	0.25957707487513754
2.3908221821190985	-0.0	0.2613536297824361
2.3923230121141508	-0.0	0.2631257268168859
2.393823842109204	-0.0	0.26489333457594993
2.3953246721042567	-0.0	0.26665642174020104
2.3968255020993094	-0.0	0.2684149570776213
2.398326332094362	-0.0	0.2701689094397095
2.399827162089415	-0.0	0.27191824777990964
2.401327992084468	-0.0	0.2736629411419511
2.4028288220795204	-0.0	0.27540295864988945
2.4043296520745736	-0.0	0.2771382695266652
2.4058304820696264	-0.0	0.2788688430859569
2.407331312064679	-0.0	0.280594648741456
2.408832142059732	-0.0	0.2823156559943189
2.4103329720547846	-0.0	0.2840318344376144
2.4118338020498373	-0.0	0.28574315376952863
2.41333463204489	-0.0	0.28744958377862506
2.414835462039943	-0.0	0.2891510943510019
2.416336292034996	-0.0	0.29084765547184543
2.4178371220300483	-0.0	0.2925392372268356
2.4193379520251015	-0.0	0.29422580980225693
2.4208387820201542	-0.0	0.29590734347427206
2.422339612015207	-0.0	0.2975838086283773
2.4238404420102597	-0.0	0.2992551757575161
2.4253412720053125	-0.0	0.300921415447617
2.4268421020003657	-0.0	0.30258249838711815
2.428342931995418	-0.0	0.30423839537027725
2.429843761990471	-0.0	0.30588907729704223
2.431344591985524	-0.0	0.3075345151766946
2.432845421980576	-0.0	0.30917468012207944
2.4343462519756294	-0.0	0.31080954334326183
2.435847081970682	-0.0	0.31243907617153194
2.437347911965735	-0.0	0.31406325004063357
2.4388487419607876	-0.0	0.31568203648191934
2.4403495719558403	-0.0	0.3172954071587113
2.4418504019508935	-0.0	0.3189033338312003
2.443351231945946	-0.0	0.3205057883697614
2.444852061940999	-0.0	0.3221027427580793
2.4463528919360518	-0.0	0.3236941690933702
2.447853721931104	-0.0	0.3252800395959613
2.4493545519261573	-0.0	0.3268603265763357
2.45085538192121	-0.0	0.3284350024753554
2.452356211916263	-0.0	0.3300040398529251
2.4538570419113155	-0.0	0.33156741137267937
2.4553578719063682	-0.0	0.33312508982591327
2.4568587019014214	-0.0	0.33467704810994514
2.4583595318964737	-0.0	0.33622325924550023
2.459860361891527	-0.0	0.3377636963800027
2.4613611918865796	-0.0	0.33929833276649285
2.4628620218816324	-0.0	0.3408271417880574
2.464362851876685	-0.0	0.342350096946844
2.465863681871738	-0.0	0.3438671718543522
2.467364511866791	-0.0	0.3453783402579348
2.4688653418618434	-0.0	0.34688357602330283
2.470366171856896	-0.0	0.3483828531375771
2.4718670018519493	-0.0	0.3498761457152985
2.4733678318470016	-0.0	0.35136342799426695
2.474868661842055	-0.0	0.3528446743377053
2.4763694918371075	-0.0	0.3543198592303568
2.4778703218321603	-0.0	0.3557889572866044
2.479371151827213	-0.0	0.35725194325141335
2.4808719818222658	-0.0	0.35870879199335926
2.482372811817319	-0.0	0.360159478507199
2.4838736418123712	-0.0	0.36160397792034293
2.4853744718074244	-0.0	0.3630422654879547
2.486875301802477	-0.0	0.36447431659971935
2.4883761317975295	-0.0	0.365900106774425
2.4898769617925827	-0.0	0.367319611648016
2.4913777917876354	-0.0	0.36873280700693667
2.492878621782688	-0.0	0.3701396687698227
2.494379451777741	-0.0	0.37154017297425995
2.4958802817727936	-0.0	0.3729342958003265
2.497381111767847	-0.0	0.3743220135552802
2.498881941762899	-0.0	0.3757033026993385
2.5003827717579523	-0.0	0.37707813981423943
2.501883601753005	-0.0	0.3784465016064042
2.503384431748058	-0.0	0.3798083649371369
2.5048852617431105	-0.0	0.38116370679991457
2.5063860917381633	-0.0	0.38251250432584266
2.5078869217332165	-0.0	0.38385473477457505
2.509387751728269	-0.0	0.3851903755529736
2.5108885817233215	-0.0	0.38651940420798825
2.5123894117183747	-0.0	0.3878417984248818
2.513890241713427	-0.0	0.3891575360262127
2.51539107170848	-0.0	0.39046659497181657
2.516891901703533	-0.0	0.3917689533734713
2.5183927316985857	-0.0	0.3930645894729826
2.5198935616936384	-0.0	0.3943534816589575
2.521394391688691	-0.0	0.39563560846107126
2.5228952216837444	-0.0	0.3969109485481811
2.5243960516787967	-0.0	0.39817948073931136
2.5258968816738494	-0.0	0.39944118399412926
2.5273977116689026	-0.0	0.40069603741976917
2.528898541663955	-0.0	0.40194402026191856
2.530399371659008	-0.0	0.4031851119145642
2.531900201654061	-0.0	0.40441929190865555
2.5334010316491136	-0.0	0.40564653992754685
2.5349018616441663	-0.0	0.40686683581200905
2.536402691639219	-0.0	0.40808015953456045
2.5379035216342722	-0.0	0.40928649121422483
2.5394043516293245	-0.0	0.41048581112219046
2.5409051816243777	-0.0	0.41167809968001595
2.5424060116194305	-0.0	0.41286333745084614
2.5439068416144828	-0.0	0.4140415051461991
2.545407671609536	-0.0	0.4152125836306818
2.5469085016045887	-0.0	0.416376553912115
2.5484093315996414	-0.0	0.4175333971552919
2.549910161594694	-0.0	0.4186830946747107
2.551410991589747	-0.0	0.4198256279232562
2.5529118215848	-0.0	0.4209609785164448
2.5544126515798524	-0.0	0.4220891282065525
2.5559134815749056	-0.0	0.4232100589081908
2.5574143115699584	-0.0	0.4243237526918715
2.558915141565011	-0.0	0.4254301917659012
2.560415971560064	-0.0	0.4265293584989436
2.5619168015551166	-0.0	0.4276212354058163
2.5634176315501698	-0.0	0.4287058051539822
2.564918461545222	-0.0	0.4297830505671557
2.566419291540275	-0.0	0.4308529546202168
2.567920121535328	-0.0	0.4319155004392113
2.5694209515303803	-0.0	0.4329706713150544
2.5709217815254335	-0.0	0.43401845067506933
2.5724226115204862	-0.0	0.4350588220986326
2.573923441515539	-0.0	0.43609176933204297
2.5754242715105917	-0.0	0.4371172762688259
2.5769251015056445	-0.0	0.4381353269612733
2.5784259315006977	-0.0	0.43914590560659206
2.57992676149575	-0.0	0.4401489965697435
2.581427591490803	-0.0	0.4411445843652272
2.582928421485856	-0.0	0.4421326536525316
2.584429251480908	-0.0	0.4431131892534812
2.5859300814759614	-0.0	0.4440861761407885
2.587430911471014	-0.0	0.4450515994485404
2.588931741466067	-0.0	0.4460094444691278
2.5904325714611196	-0.0	0.4469596966410034
2.5919334014561723	-0.0	0.4479023415573916
2.5934342314512255	-0.0	0.4488373649732426
2.594935061446278	-0.0	0.4497647527979269
2.596435891441331	-0.0	0.4506844911011722
2.5979367214363838	-0.0	0.45159656610133825
2.5994375514314365	-0.0	0.45250096417100194
2.6009383814264893	-0.0	0.4533976718437261
2.602439211421542	-0.0	0.45428667580244525
2.6039400414165947	-0.0	0.45516796289716405
2.6054408714116475	-0.0	0.4560415201331401
2.6069417014067002	-0.0	0.45690733465423955
2.6084425314017534	-0.0	0.45776539377789
2.6099433613968057	-0.0	0.4586156849765497
2.611444191391859	-0.0	0.45945819587343606
2.6129450213869116	-0.0	0.4602929142481472
2.6144458513819644	-0.0	0.46111982803261226
2.615946681377017	-0.0	0.4619389253310454
2.61744751137207	-0.0	0.4627501943914294
2.618948341367123	-0.0	0.46355362361461394
2.6204491713621754	-0.0	0.46434920156378473
2.621950001357228	-0.0	0.46513691694948345
2.6234508313522813	-0.0	0.46591675865572063
2.6249516613473336	-0.0	0.4666887157117176
2.626452491342387	-0.0	0.46745277730575835
2.6279533213374395	-0.0	0.4682089327817124
2.6294541513324923	-0.0	0.4689571716290854
2.630954981327545	-0.0	0.469697483508004
2.6324558113225978	-0.0	0.4704298582212165
2.633956641317651	-0.0	0.47115428573961415
2.6354574713127032	-0.0	0.4718707561827202
2.6369583013077564	-0.0	0.47257925982627214
2.638459131302809	-0.0	0.4732797871053663
2.639959961297862	-0.0	0.473972328604304
2.6414607912929147	-0.0	0.4746568750665602
2.6429616212879674	-0.0	0.4753334173938215
2.64446245128302	-0.0	0.47600194663239376
2.645963281278073	-0.0	0.47666245398524093
2.6474641112731256	-0.0	0.477314930825393
2.648964941268179	-0.0	0.4779593686665046
2.650465771263231	-0.0	0.4785957591802757
2.6519666012582843	-0.0	0.47922409418973816
2.653467431253337	-0.0	0.4798443656680172
2.65496826124839	-0.0	0.4804565657607082
2.6564690912434425	-0.0	0.48106068675155295
2.6579699212384953	-0.0	0.481656721077789
2.6594707512335485	-0.0	0.4822446613436502
2.660971581228601	-0.0	0.48282450028990764
2.6624724112236535	-0.0	0.48339623081719035
2.6639732412187067	-0.0	0.48395984598881425
2.665474071213759	-0.0	0.4845153390094966
2.666974901208812	-0.0	0.4850627032343806
2.668475731203865	-0.0	0.4856019321793549
2.6699765611989177	-0.0	0.4861330195057038
2.6714773911939704	-0.0	0.4866559590359564
2.672978221189023	-0.0	0.48717074473833333
2.6744790511840764	-0.0	0.48767737073689993
2.6759798811791287	-0.0	0.4881758313057407
2.6774807111741814	-0.0	0.4886661208590837
2.6789815411692346	-0.0	0.48914823397883733
2.6804823711642873	-0.0	0.48962216539546827
2.68198320115934	-0.0	0.49008790998274926
2.683484031154393	-0.0	0.4905454627664878
2.6849848611494456	-0.0	0.4909948189199956
2.6864856911444983	-0.0	0.49143597377122666
2.687986521139551	-0.0	0.491868922810434
2.6894873511346042	-0.0	0.4922936616587674
2.6909881811296565	-0.0	0.49271018608776584
2.6924890111247097	-0.0	0.49311849203378194
2.6939898411197625	-0.0	0.49351857556881823
2.695490671114815	-0.0	0.4939104329053537
2.696991501109868	-0.0	0.49429406042278945
2.6984923311049207	-0.0	0.4946694546476979
2.6999931610999734	-0.0	0.4950366122485518
2.701493991095026	-0.0	0.4953955300336717
2.702994821090079	-0.0	0.4957462049699043
2.704495651085132	-0.0	0.4960886341754285
2.7059964810801844	-0.0	0.4964228148968973
2.7074973110752376	-0.0	0.49674874454440937
2.7089981410702904	-0.0	0.49706642066657936
2.710498971065343	-0.0	0.4973758409623924
2.711999801060396	-0.0	0.4976770032856983
2.7135006310554486	-0.0	0.49796990562819704
2.7150014610505018	-0.0	0.49825454611196784
2.716502291045554	-0.0	0.4985309230201497
2.718003121040607	-0.0	0.49879903477946474
2.71950395103566	-0.0	0.49905887995707493
2.7210047810307127	-0.0	0.49931045728493756
2.7225056110257655	-0.0	0.499553765612388
2.7240064410208182	-0.0	0.49978880393815206
2.725507271015871	-0.0	0.5000155714152281
2.7270081010109237	-0.0	0.5002340673336514
2.7285089310059765	-0.0	0.500444291133994
2.7300097610010297	-0.0	0.5006462423939202
2.731510590996082	-0.0	0.500839920826633
2.7330114209911347	-0.0	0.5010253262955396
2.734512250986188	-0.0	0.5012024588107005
2.7360130809812406	-0.0	0.5013713185201373
2.7375139109762934	-0.0	0.5015319057140686
2.739014740971346	-0.0	0.5016842208192868
2.740515570966399	-0.0	0.5018282644179667
2.7420164009614516	-0.0	0.5019640372207946
2.7435172309565043	-0.0	0.5020915400730892
2.7450180609515575	-0.0	0.5022107739786211
2.7465188909466103	-0.0	0.5023217400747583
2.748019720941663	-0.0	0.502424439636201
2.7495205509367158	-0.0	0.5025188740752411
2.7510213809317685	-0.0	0.5026050449519336
2.7525222109268213	-0.0	0.5026829539674015
2.754023040921874	-0.0	0.5027526029493004
2.7555238709169267	-0.0	0.5028139938738994
2.7570247009119795	-0.0	0.5028671288413187
2.7585255309070322	-0.0	0.5029120101119983
2.7600263609020854	-0.0	0.5029486400878718
2.761527190897138	-0.0	0.5029770212841087
2.763028020892191	-0.0	0.5029971563673769
2.7645288508872436	-0.0	0.503009048138237
2.7660296808822964	-0.0	0.5030126995456972
2.767530510877349	-0.0	0.5030081136595647
2.769031340872402	-0.0	0.5029952936902898
2.770532170867455	-0.0	0.5029742430048334
2.7720330008625074	-0.0	0.5029449650806547
2.77353383085756	-0.0	0.5029074635470815
2.7750346608526133	-0.0	0.5028617421711253
2.776535490847666	-0.0	0.5028078048332372
2.778036320842719	-0.0	0.5027456555782933
2.7795371508377715	-0.0	0.5026752985809204
2.7810379808328243	-0.0	0.5025967381290546
2.782538810827877	-0.0	0.5025099786656815
2.7840396408229298	-0.0	0.5024150247738194
2.785540470817983	-0.0	0.5023118811563242
2.7870413008130357	-0.0	0.5022005526604676
2.7885421308080884	-0.0	0.5020810442578899
2.790042960803141	-0.0	0.5019533610566393
2.791543790798194	-0.0	0.5018175083200355
2.7930446207932467	-0.0	0.5016734914184751
2.7945454507882994	-0.0	0.501521315865809
2.796046280783352	-0.0	0.5013609873068033
2.797547110778405	-0.0	0.501192511521837
2.7990479407734576	-0.0	0.5010158944401057
2.800548770768511	-0.0	0.5008311420972543
2.8020496007635636	-0.0	0.5006382606717705
2.8035504307586163	-0.0	0.500437256483895
2.805051260753669	-0.0	0.5002281359680475
2.806552090748722	-0.0	0.5000109057103677
2.8080529207437745	-0.0	0.4997855724271897
2.8095537507388273	-0.0	0.49955214295498135
2.81105458073388	-0.0	0.4993106242685787
2.812555410728933	-0.0	0.4990610234741029
2.8140562407239855	-0.0	0.49880334780463303
2.8155570707190387	-0.0	0.4985376046343349
2.8170579007140915	-0.0	0.4982638014734494
2.818558730709144	-0.0	0.497981945946729
2.820059560704197	-0.0	0.4976920458132075
2.8215603906992497	-0.0	0.49739410897243197
2.8230612206943024	-0.0	0.49708814345462465
2.824562050689355	-0.0	0.4967741574164292
2.8260628806844084	-0.0	0.49645215914438745
2.827563710679461	-0.0	0.49612215704900303
2.8290645406745134	-0.0	0.495784159687433
2.8305653706695666	-0.0	0.49543817573992693
2.8320662006646193	-0.0	0.4950842140104929
2.833567030659672	-0.0	0.49472228343490504
2.835067860654725	-0.0	0.49435239308639944
2.8365686906497776	-0.0	0.49397455217639563
2.8380695206448303	-0.0	0.4935887700265712
2.839570350639883	-0.0	0.4931950560942721
2.8410711806349362	-0.0	0.4927934199715321
2.842572010629989	-0.0	0.4923838713709071
2.8440728406250417	-0.0	0.49196642014694614
2.8455736706200945	-0.0	0.4915410762737768
2.847074500615147	-0.0	0.4911078498604184
2.8485753306102	-0.0	0.49066675114301433
2.8500761606052527	-0.0	0.49021779049089814
2.8515769906003055	-0.0	0.48976097839742067
2.853077820595358	-0.0	0.4892963254788773
2.854578650590411	-0.0	0.48882384249220656
2.856079480585464	-0.0	0.4883435403234499
2.857580310580517	-0.0	0.48785542997983655
2.8590811405755696	-0.0	0.4873595226021373
2.8605819705706224	-0.0	0.4868558294541968
2.862082800565675	-0.0	0.4863443619311823
2.863583630560728	-0.0	0.4858251315686448
2.8650844605557806	-0.0	0.48529815001072923
2.8665852905508338	-0.0	0.48476342904065145
2.8680861205458865	-0.0	0.48422098057418844
2.869586950540939	-0.0	0.48367081664928546
2.871087780535992	-0.0	0.4831129494286631
2.8725886105310448	-0.0	0.48254739120421897
2.8740894405260975	-0.0	0.48197415440614494
2.8755902705211502	-0.0	0.4813932515945312
2.877091100516203	-0.0	0.48080469542729837
2.8785919305112557	-0.0	0.48020849872612686
2.8800927605063085	-0.0	0.47960467443323773
2.8815935905013617	-0.0	0.4789932355935647
2.8830944204964144	-0.0	0.4783741954112151
2.8845952504914667	-0.0	0.4777475672056584
2.88609608048652	-0.0	0.47711336441692326
2.8875969104815726	-0.0	0.47647160062777094
2.8890977404766254	-0.0	0.4758222895408005
2.890598570471678	-0.0	0.47516544497338165
2.892099400466731	-0.0	0.47450108088994414
2.893600230461784	-0.0	0.473829211382227
2.8951010604568364	-0.0	0.473149850666042
2.8966018904518895	-0.0	0.4724630130710097
2.8981027204469423	-0.0	0.47176871306369506
2.899603550441995	-0.0	0.47106696524788466
2.9011043804370478	-0.0	0.47035778433264847
2.9026052104321005	-0.0	0.46964118517611386
2.9041060404271533	-0.0	0.4689171827615723
2.905606870422206	-0.0	0.46818579218312795
2.9071077004172587	-0.0	0.46744702867408566
2.908608530412312	-0.0	0.46670090758842014
2.9101093604073642	-0.0	0.46594744441362906
2.9116101904024174	-0.0	0.4651866547683475
2.91311102039747	-0.0	0.46441855438448293
2.914611850392523	-0.0	0.46364315913025844
2.9161126803875757	-0.0	0.46286048500177956
2.9176135103826284	-0.0	0.46207054811289977
2.919114340377681	-0.0	0.46127336470443037
2.920615170372734	-0.0	0.46046895115431175
2.922116000367787	-0.0	0.45965732397413683
2.92361683036284	-0.0	0.45883849977961677
2.925117660357892	-0.0	0.4580124953175446
2.9266184903529453	-0.0	0.45717932746964174
2.928119320347998	-0.0	0.45633901324122167
2.929620150343051	-0.0	0.45549156976527677
2.9311209803381035	-0.0	0.45463701429624614
2.9326218103331563	-0.0	0.45377536422347897
2.9341226403282095	-0.0	0.452906637043679
2.9356234703232618	-0.0	0.4520308504073233
2.937124300318315	-0.0	0.45114802207385263
2.9386251303133677	-0.0	0.45025816991157874
2.94012596030842	-0.0	0.44936131194630413
2.941626790303473	-0.0	0.4484574663151618
2.943127620298526	-0.0	0.44754665128697707
2.9446284502935787	-0.0	0.44662888525069033
2.9461292802886314	-0.0	0.4457041867106783
2.947630110283684	-0.0	0.4447725743158813
2.9491309402787373	-0.0	0.4438340668374076
2.9506317702737896	-0.0	0.44288868314149593
2.952132600268843	-0.0	0.44193644224303563
2.9536334302638956	-0.0	0.44097736330120224
2.9551342602589483	-0.0	0.4400114655816013
2.956635090254001	-0.0	0.4390387684618719
2.958135920249054	-0.0	0.43805929145134515
2.9596367502441066	-0.0	0.437073054186384
2.9611375802391593	-0.0	0.4360800764299947
2.962638410234212	-0.0	0.4350803780771715
2.9641392402292652	-0.0	0.43407397912534407
2.9656400702243175	-0.0	0.43306089969958417
2.9671409002193707	-0.0	0.43204116007908816
2.9686417302144235	-0.0	0.43101478063838644
2.970142560209476	-0.0	0.42998178185871666
2.971643390204529	-0.0	0.4289421843749789
2.9731442201995817	-0.0	0.4278960089417446
2.974645050194635	-0.0	0.4268432764342736
2.976145880189687	-0.0	0.42578400783778814
2.9776467101847404	-0.0	0.42471822426933187
2.979147540179793	-0.0	0.4236459469724439
2.9806483701748454	-0.0	0.4225671972890487
2.9821492001698986	-0.0	0.4214819967120146
2.9836500301649513	-0.0	0.4203903668533818
2.985150860160004	-0.0	0.4192923294283104
2.986651690155057	-0.0	0.41818790627901054
2.9881525201501096	-0.0	0.4170771193742988
2.9896533501451628	-0.0	0.4159599908001295
2.991154180140215	-0.0	0.4148365427603714
2.9926550101352682	-0.0	0.4137067975950054
2.994155840130321	-0.0	0.4125707777414728
2.9956566701253737	-0.0	0.41142850576740947
2.9971575001204265	-0.0	0.410280004367427
2.998658330115479	-0.0	0.40912529632553496
3.000159160110532	-0.0	0.40796749067533256
