0.0	0.0	-1.9999247747301998
0.0015008299950527925	0.0	-1.9999021678985345
0.003001659990105585	0.0	-1.9998252792782998
0.004502489985158378	0.0	-1.9996985597459345
0.00600331998021117	0.0	-1.999535514231199
0.0075041499752639615	0.0	-1.9993359528617574
0.009004979970316756	0.0	-1.9990994749329256
0.010505809965369548	0.0	-1.9988259023030768
0.01200663996042234	0.0	-1.998515157490397
0.01350746995547513	0.0	-1.9981667747907483
0.015008299950527923	0.0	-1.9977800809083817
0.016509129945580715	0.0	-1.9973544472400537
0.01800995994063351	0.0	-1.9968895236266255
0.019510789935686303	0.0	-1.9963849797106898
0.021011619930739096	0.0	-1.9958397536784371
0.022512449925791888	0.0	-1.995252092947464
0.02401327992084468	0.0	-1.9946194059310516
0.02551410991589747	0.0	-1.9939389275216728
0.02701493991095026	0.0	-1.9932108795923413
0.028515769906003054	0.0	-1.9924388809922164
0.030016599901055846	0.0	-1.9916261506174204
0.03151742989610864	0.0	-1.9907737679887276
0.03301825989116143	0.0	-1.9898818753039986
0.03451908988621422	0.0	-1.988950497527943
0.03601991988126702	0.0	-1.987979674190083
0.037520749876319814	0.0	-1.9869694614918532
0.03902157987137261	0.0	-1.9859198839174055
0.0405224098664254	0.0	-1.9848309929857308
0.04202323986147819	0.0	-1.9837028427788412
0.043524069856530984	0.0	-1.982535464964715
0.045024899851583776	0.0	-1.9813289073287403
0.04652572984663657	0.0	-1.9800832053587614
0.04802655984168936	0.0	-1.978798399989028
0.04952738983674215	0.0	-1.9774745506370563
0.05102821983179494	0.0	-1.9761117245202902
0.05252904982684774	0.0	-1.9747099787519944
0.05402987982190052	0.0	-1.9732693344893297
0.05553070981695332	0.0	-1.971789846910981
0.05703153981200611	0.0	-1.9702715820268228
0.05853236980705891	0.0	-1.9687145775919872
0.06003319980211169	0.0	-1.9671189094247887
0.06153402979716449	0.0	-1.9654846517909492
0.06303485979221728	0.0	-1.9638118302959595
0.06453568978727008	0.0	-1.962100499798105
0.06603651978232286	0.0	-1.9603507427943214
0.06753734977737566	0.0	-1.958562626181699
0.06903817977242845	0.0	-1.956736211854489
0.07053900976748124	0.0	-1.9548715515658008
0.07203983976253404	0.0	-1.9529687157122095
0.07354066975758683	0.0	-1.9510277711907773
0.07504149975263963	0.0	-1.9490487775299215
0.07654232974769241	0.0	-1.9470318143555014
0.07804315974274521	0.0	-1.9449769549597928
0.079543989737798	0.0	-1.9428842680265876
0.0810448197328508	0.0	-1.9407538206254558
0.08254564972790358	0.0	-1.93858568846382
0.08404647972295638	0.0	-1.9363799599039633
0.08554730971800917	0.0	-1.9341367072031
0.08704813971306197	0.0	-1.9318559941161475
0.08854896970811475	0.0	-1.929537905924846
0.09004979970316755	0.0	-1.9271825355260535
0.09155062969822034	0.0	-1.9247899577399863
0.09305145969327314	0.0	-1.92236024189118
0.09455228968832592	0.0	-1.9198934674822907
0.09605311968337872	0.0	-1.9173897324375924
0.0975539496784315	0.0	-1.9148491261791005
0.0990547796734843	0.0	-1.9122717207545439
0.10055560966853709	0.0	-1.9096576114635921
0.10205643966358988	0.0	-1.907006895663722
0.10355726965864268	0.0	-1.9043196637873496
0.10505809965369547	0.0	-1.9015960026811336
0.10655892964874826	0.0	-1.8988359835549
0.10805975964380105	0.0	-1.8960397026940954
0.10956058963885383	0.0	-1.893207266882658
0.11106141963390664	0.0	-1.8903387730960728
0.11256224962895943	0.0	-1.88743432788415
0.11406307962401221	0.0	-1.884494019929573
0.115563909619065	0.0	-1.8815179313472665
0.11706473961411781	0.0	-1.8785061583487401
0.1185655696091706	0.0	-1.8754588131150705
0.12006639960422338	0.0	-1.8723760044756588
0.1215672295992762	0.0	-1.8692578179463541
0.12306805959432898	0.0	-1.8661043557765573
0.12456888958938177	0.0	-1.8629157375036463
0.12606971958443455	0.0	-1.8596920692831045
0.12757054957948735	0.0	-1.856433442262075
0.12907137957454015	0.0	-1.853139957322134
0.13057220956959295	0.0	-1.8498117315855032
0.13207303956464572	0.0	-1.8464488697414194
0.13357386955969852	0.0	-1.8430514733861305
0.13507469955475132	0.0	-1.8396196544911914
0.1365755295498041	0.0	-1.836153529377954
0.1380763595448569	0.0	-1.832653221822586
0.1395771895399097	0.0	-1.8291188354914956
0.1410780195349625	0.0	-1.8255504674957805
0.14257884953001526	0.0	-1.8219482325671295
0.1440796795250681	0.0	-1.818312246866648
0.14558050952012086	0.0	-1.8146426306710746
0.14708133951517366	0.0	-1.8109395061300562
0.14858216951022643	0.0	-1.8072029899468907
0.15008299950527926	0.0	-1.803433193193647
0.15158382950033203	0.0	-1.7996302271765026
0.15308465949538483	0.0	-1.7957942102991573
0.1545854894904376	0.0	-1.7919252678288347
0.15608631948549043	0.0	-1.788023520399585
0.1575871494805432	0.0	-1.7840890805621052
0.159087979475596	0.0	-1.7801220760234087
0.16058880947064877	0.0	-1.7761226358089275
0.1620896394657016	0.0	-1.7720908748228947
0.16359046946075437	0.0	-1.7680269180737729
0.16509129945580717	0.0	-1.7639308801453955
0.16659212945085994	0.0	-1.7598028817088003
0.16809295944591277	0.0	-1.7556430602301598
0.16959378944096554	0.0	-1.7514515385737837
0.17109461943601834	0.0	-1.747228443621099
0.17259544943107114	0.0	-1.7429739076875657
0.17409627942612393	0.0	-1.7386880539826
0.1755971094211767	0.0	-1.7343709957839333
0.1770979394162295	0.0	-1.7300228626344822
0.1785987694112823	0.0	-1.725643797188064
0.1800995994063351	0.0	-1.721233923664523
0.18160042940138788	0.0	-1.7167933630182362
0.18310125939644067	0.0	-1.7123222557342705
0.18460208939149347	0.0	-1.7078207399688465
0.18610291938654627	0.0	-1.7032889349143367
0.18760374938159904	0.0	-1.6987269679203494
0.18910457937665184	0.0	-1.69413497456772
0.19060540937170464	0.0	-1.689513086580469
0.19210623936675744	0.0	-1.684861443420974
0.1936070693618102	0.0	-1.6801801730672705
0.195107899356863	0.0	-1.675469400749539
0.1966087293519158	0.0	-1.6707292671747318
0.1981095593469686	0.0	-1.6659599010479003
0.19961038934202138	0.0	-1.661161443260728
0.20111121933707418	0.0	-1.6563340445010453
0.20261204933212695	0.0	-1.6514778290009953
0.20411287932717975	0.0	-1.6465929192306614
0.20561370932223258	0.0	-1.6416794552068381
0.20711453931728535	0.0	-1.6367375726582352
0.20861536931233815	0.0	-1.631767413203589
0.21011619930739095	0.0	-1.6267691134095312
0.21161702930244372	0.0	-1.6217428099166107
0.21311785929749652	0.0	-1.6166886472515356
0.2146186892925493	0.0	-1.611606745296744
0.2161195192876021	0.0	-1.606497244943957
0.21762034928265492	0.0	-1.6013602992714724
0.21912117927770766	0.0	-1.5961960412724996
0.2206220092727605	0.0	-1.5910046095098562
0.2221228392678133	0.0	-1.5857861413757226
0.22362366926286606	0.0	-1.5805407692472158
0.22512449925791886	0.0	-1.5752686371705273
0.22662532925297169	0.0	-1.5699698852856734
0.22812615924802443	0.0	-1.5646446524881694
0.22962698924307726	0.0	-1.559293082368287
0.23112781923813	0.0	-1.5539153060586055
0.23262864923318283	0.0	-1.5485114658185501
0.23412947922823563	0.0	-1.543081713284741
0.2356303092232884	0.0	-1.5376261818570587
0.2371311392183412	0.0	-1.5321450079419068
0.238631969213394	0.0	-1.5266383453446177
0.24013279920844677	0.0	-1.521106325813863
0.2416336292034996	0.0	-1.5155490717703861
0.2431344591985524	0.0	-1.5099667408024726
0.24463528919360517	0.0	-1.5043594848794584
0.24613611918865796	0.0	-1.4987274331499791
0.24763694918371074	0.0	-1.4930707293152121
0.24913777917876354	0.0	-1.4873895247407365
0.25063860917381636	0.0	-1.481683960811106
0.2521394391688691	0.0	-1.4759541693982143
0.2536402691639219	0.0	-1.470200297000341
0.2551410991589747	0.0	-1.4644224890437716
0.2566419291540275	0.0	-1.458620875995654
0.2581427591490803	0.0	-1.4527956061532763
0.25964358914413305	0.0	-1.4469468331248858
0.2611444191391859	0.0	-1.4410746945860569
0.2626452491342387	0.0	-1.4351793239119817
0.26414607912929144	0.0	-1.4292608671696903
0.26564690912434424	0.0	-1.423319469255556
0.26714773911939704	0.0	-1.4173552794527366
0.26864856911444984	0.0	-1.4113684398974353
0.27014939910950264	0.0	-1.4053590782227092
0.27165022910455544	0.0	-1.3993273496632894
0.2731510590996082	0.0	-1.3932733999657876
0.27465188909466104	0.0	-1.3871973632816965
0.2761527190897138	0.0	-1.3810993854808873
0.2776535490847666	0.0	-1.374979608169743
0.2791543790798194	0.0	-1.3688381853630527
0.2806552090748722	0.0	-1.362675255512803
0.282156039069925	0.0	-1.3564909473240079
0.2836568690649778	0.0	-1.3502854063831071
0.2851576990600305	0.0	-1.3440587849675198
0.2866585290550834	0.0	-1.337811233333845
0.2881593590501362	0.0	-1.3315428864221566
0.2896601890451889	0.0	-1.3252538801459144
0.2911610190402417	0.0	-1.318944365538074
0.2926618490352945	0.0	-1.3126144872486016
0.2941626790303473	0.0	-1.3062643755597285
0.2956635090254001	0.0	-1.2998941802105324
0.29716433902045286	0.0	-1.29350405686703
0.2986651690155057	0.0	-1.287094136144187
0.3001659990105585	0.0	-1.280664561767851
0.30166682900561126	0.0	-1.2742154814438515
0.30316765900066406	0.0	-1.267747026341663
0.30466848899571686	0.0	-1.261259351708388
0.30616931899076966	0.0	-1.2547526001485403
0.30767014898582246	0.0	-1.2482269059367237
0.3091709789808752	0.0	-1.2416824174689078
0.31067180897592805	0.0	-1.2351192651999052
0.31217263897098085	0.0	-1.2285376044137313
0.3136734689660336	0.0	-1.2219375869195133
0.3151742989610864	0.0	-1.2153193344109603
0.3166751289561392	0.0	-1.2086829979333813
0.318175958951192	0.0	-1.202028729283513
0.3196767889462448	0.0	-1.1953566597171204
0.32117761894129754	0.0	-1.18866692990415
0.3226784489363504	0.0	-1.1819596860347799
0.3241792789314032	0.0	-1.1752350687050201
0.32568010892645594	0.0	-1.168493219656848
0.32718093892150873	0.0	-1.1617342927941101
0.32868176891656153	0.0	-1.1549584214303787
0.33018259891161433	0.0	-1.1481657359096529
0.33168342890666713	0.0	-1.1413563960258064
0.3331842589017199	0.0	-1.134530543853403
0.3346850888967727	0.0	-1.127688308836956
0.33618591889182553	0.0	-1.1208298375856316
0.3376867488868783	0.0	-1.1139552759076063
0.3391875788819311	0.0	-1.1070647599506893
0.3406884088769839	0.0	-1.1001584317277873
0.34218923887203667	0.0	-1.093236438920134
0.34369006886708947	0.0	-1.0862989162953696
0.34519089886214227	0.0	-1.079346009513834
0.346691728857195	0.0	-1.0723778665032049
0.34819255885224787	0.0	-1.0653946128264347
0.3496933888473006	0.0	-1.0583963947353217
0.3511942188423534	0.0	-1.0513833677110225
0.3526950488374062	0.0	-1.044355663169566
0.354195878832459	0.0	-1.0373134159770525
0.3556967088275118	0.0	-1.0302567725331908
0.3571975388225646	0.0	-1.0231858813448007
0.35869836881761735	0.0	-1.0161008816524308
0.3601991988126702	0.0	-1.009001905241721
0.361700028807723	0.0	-1.0018890958753945
0.36320085880277575	0.0	-0.9947625992631318
0.36470168879782855	0.0	-0.9876225475972445
0.36620251879288135	0.0	-0.9804690848868631
0.36770334878793415	0.0	-0.9733023667117513
0.36920417878298695	0.0	-0.9661225249191694
0.3707050087780397	0.0	-0.9589296912084669
0.37220583877309255	0.0	-0.9517240159717264
0.37370666876814534	0.0	-0.9445056353442924
0.3752074987631981	0.0	-0.9372746897866547
0.3767083287582509	0.0	-0.930031327694635
0.3782091587533037	0.0	-0.9227756797202228
0.3797099887483565	0.0	-0.9155078937295497
0.3812108187434093	0.0	-0.9082281137194292
0.38271164873846203	0.0	-0.9009364706869025
0.3842124787335149	0.0	-0.8936331056592476
0.3857133087285677	0.0	-0.8863181674881875
0.3872141387236204	0.0	-0.8789917948228861
0.38871496871867317	0.0	-0.8716541211371059
0.390215798713726	0.0	-0.8643052882220166
0.3917166287087788	0.0	-0.8569454334698541
0.3932174587038316	0.0	-0.8495747152574474
0.3947182886988844	0.0	-0.8421932712850967
0.3962191186939372	0.0	-0.8348012159395135
0.39771994868898997	0.0	-0.8273987054904903
0.39922077868404277	0.0	-0.8199858856599869
0.40072160867909556	0.0	-0.8125628870630429
0.40222243867414836	0.0	-0.8051298611144676
0.4037232686692012	0.0	-0.7976869429638657
0.4052240986642539	0.0	-0.7902342700774098
0.4067249286593067	0.0	-0.7827719878442883
0.4082257586543595	0.0	-0.7753002292330954
0.40972658864941236	0.0	-0.7678191305271236
0.41122741864446516	0.0	-0.7603288445335934
0.41272824863951796	0.0	-0.7528295144483287
0.4142290786345707	0.0	-0.7453212700485773
0.4157299086296235	0.0	-0.7378042531748128
0.4172307386246763	0.0	-0.7302786042627804
0.4187315686197291	0.0	-0.7227444663359818
0.4202323986147819	0.0	-0.7152019821713266
0.42173322860983464	0.0	-0.7076512882616014
0.42323405860488744	0.0	-0.70009251954688
0.42473488859994024	0.0	-0.692525820566205
0.42623571859499304	0.0	-0.6849513407751859
0.42773654859004584	0.0	-0.6773692110722194
0.4292373785850986	0.0	-0.6697795668780248
0.4307382085801514	0.0	-0.6621825560586595
0.4322390385752042	0.0	-0.654578320713395
0.43373986857025704	0.0	-0.6469669990107124
0.43524069856530984	0.0	-0.639348732692515
0.43674152856036264	0.0	-0.6317236554790462
0.4382423585554153	0.0	-0.624091910061073
0.4397431885504682	0.0	-0.6164536429491914
0.441244018545521	0.0	-0.6088089872474789
0.4427448485405738	0.0	-0.6011580913148443
0.4442456785356266	0.0	-0.5935010892781661
0.4457465085306793	0.0	-0.585838118381806
0.4472473385257321	0.0	-0.5781693342547571
0.4487481685207849	0.0	-0.5704948684115454
0.4502489985158377	0.0	-0.5628148495079736
0.4517498285108905	0.0	-0.5551294279238445
0.45325065850594337	0.0	-0.5474387527819956
0.45475148850099606	0.0	-0.5397429552519755
0.45625231849604886	0.0	-0.5320421759051603
0.45775314849110166	0.0	-0.5243365584919201
0.4592539784861545	0.0	-0.5166262400964998
0.4607548084812073	0.0	-0.5089113652702218
0.46225563847626	0.0	-0.5011920796734628
0.46375646847131285	0.0	-0.49346851414311005
0.46525729846636565	0.0	-0.48574080193104124
0.46675812846141845	0.0	-0.47800909856775337
0.46825895845647125	0.0	-0.470273543540202
0.46975978845152405	0.0	-0.46253426888043464
0.4712606184465768	0.0	-0.4547914227379397
0.4727614484416296	0.0	-0.4470451497257339
0.4742622784366824	0.0	-0.43929558525214596
0.4757631084317352	0.0	-0.431542859698014
0.477263938426788	0.0	-0.42378712129911716
0.47876476842184074	0.0	-0.4160285238854396
0.48026559841689354	0.0	-0.4082671973079811
0.48176642841194633	0.0	-0.40050327766517335
0.4832672584069992	0.0	-0.3927369087443727
0.484768088402052	0.0	-0.38496823152359066
0.4862689183971048	0.0	-0.3771973934376166
0.4877697483921575	0.0	-0.3694245311885463
0.48927057838721033	0.0	-0.3616497867154976
0.49077140838226313	0.0	-0.3538732978789612
0.49227223837731593	0.0	-0.34609519818961254
0.49377306837236873	0.0	-0.3383156419210574
0.4952738983674215	0.0	-0.33053476947216515
0.49677472836247427	0.0	-0.3227527103365305
0.49827555835752707	0.0	-0.31496960970634913
0.49977638835257987	0.0	-0.30718561378418946
0.5012772183476327	0.0	-0.2994008630920875
0.5027780483426855	0.0	-0.2916154946032537
0.5042788783377382	0.0	-0.2838296451924021
0.5057797083327911	0.0	-0.27604346250385325
0.5072805383278438	0.0	-0.26825708943772036
0.5087813683228967	0.0	-0.2604706628317305
0.5102821983179494	0.0	-0.25268431988097884
0.5117830283130022	0.0	-0.2448981988648336
0.513283858308055	0.0	-0.23711244737831175
0.5147846883031078	0.0	-0.2293272044401139
0.5162855182981606	0.0	-0.22154261133624192
0.5177863482932135	0.0	-0.21375881133660465
0.5192871782882661	0.0	-0.2059759390608947
0.520788008283319	0.0	-0.19819413573353062
0.5222888382783718	0.0	-0.19041354180264838
0.5237896682734245	0.0	-0.18263429896084765
0.5252904982684774	0.0	-0.1748565462391827
0.5267913282635301	0.0	-0.1670804273389044
0.5282921582585829	0.0	-0.1593060844207934
0.5297929882536357	0.0	-0.15153364665817418
0.5312938182486885	0.0	-0.14376325898448153
0.5327946482437413	0.0	-0.13599506841555345
0.5342954782387941	0.0	-0.12822921335396167
0.5357963082338468	0.0	-0.12046583039095217
0.5372971382288997	0.0	-0.11270505387525105
0.5387979682239524	0.0	-0.10494702902357621
0.5402987982190053	0.0	-0.09719189669066142
0.5417996282140581	0.0	-0.08943978832944906
0.5433004582091109	0.0	-0.08169085190456685
0.5448012882041636	0.0	-0.07394523720435893
0.5463021181992164	0.0	-0.06620306795570784
0.5478029481942692	0.0	-0.05846447518025094
0.5493037781893221	0.0	-0.05072961174686598
0.5508046081843748	0.0	-0.04299861672359427
0.5523054381794276	0.0	-0.03527162466850813
0.5538062681744804	0.0	-0.02754877869132584
0.5553070981695332	0.0	-0.01983021668945115
0.556807928164586	0.0	-0.012116074502480863
0.5583087581596388	0.0	-0.004406490360553503
0.5598095881546916	0.0	0.0032983970133040703
0.5613104181497444	0.0	0.010998448920735301
0.5628112481447971	0.0	0.01869352692218145
0.56431207813985	0.0	0.026383489830210962
0.5658129081349027	0.0	0.034068202938840615
0.5673137381299556	0.0	0.04174753813442249
0.5688145681250083	0.0	0.04942134985515026
0.570315398120061	0.0	0.05708949163976853
0.5718162281151139	0.0	0.06475183527602212
0.5733170581101668	0.0	0.07240824562665975
0.5748178881052195	0.0	0.0800585837222474
0.5763187181002724	0.0	0.08770271808520935
0.5778195480953251	0.0	0.09534050490355579
0.5793203780903778	0.0	0.10297180301441448
0.5808212080854307	0.0	0.11059648859229564
0.5823220380804834	0.0	0.118214423973923
0.5838228680755363	0.0	0.12582546835382943
0.585323698070589	0.0	0.13342948950279004
0.5868245280656418	0.0	0.14102634891966284
0.5883253580606946	0.0	0.14861591273633035
0.5898261880557474	0.0	0.15619805154534055
0.5913270180508002	0.0	0.1637726251697088
0.592827848045853	0.0	0.17133949487405467
0.5943286780409057	0.0	0.17889854099784283
0.5958295080359586	0.0	0.18644962247684532
0.5973303380310114	0.0	0.1939925900525563
0.5988311680260642	0.0	0.20152732980651938
0.600331998021117	0.0	0.20905371230668618
0.6018328280161698	0.0	0.21657158920639052
0.6033336580112225	0.0	0.2240808300261871
0.6048344880062754	0.0	0.23158130930176746
0.6063353180013281	0.0	0.2390728957896095
0.607836147996381	0.0	0.24655545010132776
0.6093369779914337	0.0	0.2540288426446833
0.6108378079864865	0.0	0.26149294870701684
0.6123386379815393	0.0	0.2689476295282776
0.6138394679765921	0.0	0.2763927538650174
0.6153402979716449	0.0	0.2838281972510582
0.6168411279666978	0.0	0.2912538265822483
0.6183419579617504	0.0	0.29866951306730166
0.6198427879568033	0.0	0.30607513053949026
0.6213436179518561	0.0	0.31347054392314627
0.6228444479469089	0.0	0.32085562121085553
0.6243452779419617	0.0	0.3282302434567451
0.6258461079370145	0.0	0.33559427950358334
0.6273469379320672	0.0	0.34294759138002956
0.62884776792712	0.0	0.35029006398467316
0.6303485979221728	0.0	0.3576215703005668
0.6318494279172256	0.0	0.36494197305882625
0.6333502579122784	0.0	0.37225115261101105
0.6348510879073311	0.0	0.3795489824085027
0.636351917902384	0.0	0.3868353337215985
0.6378527478974367	0.0	0.394110088195773
0.6393535778924896	0.0	0.40137311526540104
0.6408544078875424	0.0	0.40862428836939985
0.6423552378825951	0.0	0.4158634895230026
0.6438560678776479	0.0	0.4230905914381476
0.6453568978727008	0.0	0.43030546727039465
0.6468577278677535	0.0	0.4375079904957587
0.6483585578628064	0.0	0.44469804317870276
0.6498593878578591	0.0	0.45187551141308707
0.6513602178529119	0.0	0.4590402683790678
0.6528610478479647	0.0	0.4661921885877403
0.6543618778430175	0.0	0.4733311516268462
0.6558627078380703	0.0	0.4804570324755137
0.6573635378331231	0.0	0.4875697130628336
0.6588643678281758	0.0	0.49466907997548043
0.6603651978232287	0.0	0.5017550157462093
0.6618660278182814	0.0	0.5088273914974801
0.6633668578133343	0.0	0.5158860846605466
0.6648676878083871	0.0	0.5229309872563196
0.6663685178034398	0.0	0.5299619812630084
0.6678693477984926	0.0	0.536978948202921
0.6693701777935454	0.0	0.5439817698571632
0.6708710077885982	0.0	0.5509703250618644
0.6723718377836511	0.0	0.5579445036814104
0.6738726677787038	0.0	0.5649041906759737
0.6753734977737565	0.0	0.5718492628732177
0.6768743277688094	0.0	0.5787796136000629
0.6783751577638621	0.0	0.5856951307987195
0.679875987758915	0.0	0.5925956923194661
0.6813768177539677	0.0	0.5994811891233892
0.6828776477490205	0.0	0.6063515102124123
0.6843784777440733	0.0	0.6132065431960108
0.6858793077391261	0.0	0.6200461729111906
0.6873801377341789	0.0	0.6268702873740248
0.6888809677292317	0.0	0.6336787781124251
0.6903817977242845	0.0	0.6404715335368564
0.6918826277193373	0.0	0.6472484467277954
0.69338345771439	0.0	0.6540094018568895
0.6948842877094429	0.0	0.6607542927932146
0.6963851177044957	0.0	0.6674830225120381
0.6978859476995485	0.0	0.674195472991606
0.6993867776946012	0.0	0.6808915261608243
0.7008876076896541	0.0	0.6875710901702877
0.7023884376847068	0.0	0.6942340606142183
0.7038892676797597	0.0	0.7008803184974023
0.7053900976748124	0.0	0.7075097638624104
0.7068909276698653	0.0	0.7141222930921005
0.708391757664918	0.0	0.7207178056990942
0.7098925876599708	0.0	0.7272961960948069
0.7113934176550236	0.0	0.7338573500773141
0.7128942476500764	0.0	0.7404011757478703
0.7143950776451292	0.0	0.7469275752314493
0.715895907640182	0.0	0.7534364374560376
0.7173967376352347	0.0	0.7599276597162962
0.7188975676302876	0.0	0.7664011437922215
0.7203983976253404	0.0	0.7728567971320258
0.7218992276203932	0.0	0.7792945143194471
0.723400057615446	0.0	0.7857141877326905
0.7249008876104988	0.0	0.79211573132605
0.7264017176055515	0.0	0.7984990414331169
0.7279025476006044	0.0	0.8048640166916229
0.7294033775956571	0.0	0.8112105690473587
0.73090420759071	0.0	0.8175385947354193
0.7324050375857627	0.0	0.8238480028920655
0.7339058675808154	0.0	0.8301386990061618
0.7354066975758683	0.0	0.8364105763800697
0.736907527570921	0.0	0.8426635469226669
0.7384083575659739	0.0	0.8488975249824914
0.7399091875610266	0.0	0.8551124129802281
0.7414100175560794	0.0	0.8613081142361216
0.7429108475511322	0.0	0.8674845319349707
0.7444116775461851	0.0	0.8736415786509003
0.7459125075412378	0.0	0.8797791727371757
0.7474133375362907	0.0	0.8858972180685872
0.7489141675313434	0.0	0.8919956164743981
0.7504149975263962	0.0	0.8980742830055288
0.751915827521449	0.0	0.9041331304703433
0.7534166575165018	0.0	0.9101720667975514
0.7549174875115546	0.0	0.9161910080608004
0.7564183175066074	0.0	0.9221898676229999
0.7579191475016601	0.0	0.9281685561729383
0.759419977496713	0.0	0.9341269804811898
0.7609208074917657	0.0	0.9400650582109534
0.7624216374868186	0.0	0.9459827181893162
0.7639224674818714	0.0	0.9518798657451372
0.7654232974769241	0.0	0.9577564020052598
0.7669241274719769	0.0	0.9636122552792493
0.7684249574670298	0.0	0.9694473513137698
0.7699257874620825	0.0	0.9752615988261674
0.7714266174571354	0.0	0.98105491202946
0.772927447452188	0.0	0.9868272118153655
0.7744282774472409	0.0	0.9925784191986938
0.7759291074422937	0.0	0.9983084535062074
0.7774299374373463	0.0	1.004017231329149
0.7789307674323993	0.0	1.0097046697147003
0.780431597427452	0.0	1.0153706965041709
0.7819324274225049	0.0	1.0210152357436382
0.7834332574175576	0.0	1.0266382013136073
0.7849340874126104	0.0	1.0322395170506242
0.7864349174076632	0.0	1.0378191079003636
0.787935747402716	0.0	1.0433768945450488
0.7894365773977688	0.0	1.0489128021643708
0.7909374073928216	0.0	1.0544267584272802
0.7924382373878744	0.0	1.0599186859258969
0.7939390673829272	0.0	1.0653885085090833
0.7954398973779799	0.0	1.0708361521576686
0.7969407273730328	0.0	1.0762615435177656
0.7984415573680855	0.0	1.081664609469541
0.7999423873631384	0.0	1.087045275155884
0.8014432173581911	0.0	1.0924034734332044
0.8029440473532439	0.0	1.0977391295306451
0.8044448773482967	0.0	1.1030521675435867
0.8059457073433495	0.0	1.108342523877302
0.8074465373384024	0.0	1.1136101314869191
0.8089473673334551	0.0	1.118854910438385
0.8104481973285078	0.0	1.124076789756112
0.8119490273235607	0.0	1.1292757105770783
0.8134498573186134	0.0	1.1344516000032248
0.8149506873136664	0.0	1.13960438993004
0.816451517308719	0.0	1.144734013300188
0.8179523473037718	0.0	1.1498404000251392
0.8194531772988247	0.0	1.15492348540126
0.8209540072938774	0.0	1.1599832048972762
0.8224548372889303	0.0	1.1650194987013398
0.8239556672839831	0.0	1.1700322878161293
0.8254564972790359	0.0	1.1750215091027447
0.8269573272740887	0.0	1.1799871094772307
0.8284581572691414	0.0	1.1849290100778227
0.8299589872641943	0.0	1.1898471590896993
0.831459817259247	0.0	1.1947415012725646
0.8329606472542999	0.0	1.1996119547703004
0.8344614772493526	0.0	1.2044584571464632
0.8359623072444053	0.0	1.209280957978643
0.8374631372394582	0.0	1.2140793973564579
0.8389639672345109	0.0	1.2188537048094885
0.8404647972295638	0.0	1.2236038195400731
0.8419656272246165	0.0	1.2283296937752146
0.8434664572196693	0.0	1.2330312578822853
0.8449672872147221	0.0	1.237708447169894
0.8464681172097749	0.0	1.2423612177218235
0.8479689472048277	0.0	1.2469895014949972
0.8494697771998805	0.0	1.2515932330710828
0.8509706071949332	0.0	1.256172365256133
0.8524714371899861	0.0	1.260726842735933
0.8539722671850388	0.0	1.2652566031356416
0.8554730971800917	0.0	1.2697615898595016
0.8569739271751444	0.0	1.2742417488009044
0.8584747571701972	0.0	1.27869701754804
0.85997558716525	0.0	1.2831273447297642
0.8614764171603028	0.0	1.2875326814147403
0.8629772471553557	0.0	1.2919129649570493
0.8644780771504084	0.0	1.2962681414102368
0.8659789071454613	0.0	1.3005981637159123
0.8674797371405141	0.0	1.3049029701646486
0.8689805671355667	0.0	1.3091825015484282
0.8704813971306197	0.0	1.3134367145424917
0.8719822271256723	0.0	1.3176655597102798
0.8734830571207253	0.0	1.3218689845223637
0.874983887115778	0.0	1.3260469331593427
0.8764847171108306	0.0	1.3301993474235911
0.8779855471058836	0.0	1.334326181612143
0.8794863771009364	0.0	1.3384273866088754
0.8809872070959892	0.0	1.3425029070748853
0.882488037091042	0.0	1.3465526986626866
0.8839888670860947	0.0	1.3505767125764818
0.8854896970811476	0.0	1.3545748911238504
0.8869905270762003	0.0	1.3585471843877164
0.8884913570712532	0.0	1.3624935500660287
0.8899921870663059	0.0	1.366413944353475
0.8914930170613586	0.0	1.3703083073766424
0.8929938470564115	0.0	1.3741765903273984
0.8944946770514642	0.0	1.3780187563994375
0.8959955070465171	0.0	1.3818347529400723
0.8974963370415698	0.0	1.3856245309440665
0.8989971670366227	0.0	1.3893880434146872
0.9004979970316754	0.0	1.3931252411371118
0.9019988270267282	0.0	1.3968360865410874
0.903499657021781	0.0	1.4005205331966881
0.9050004870168338	0.0	1.4041785256294537
0.9065013170118867	0.0	1.4078100233980362
0.9080021470069394	0.0	1.4114149867141488
0.9095029770019921	0.0	1.4149933676075799
0.911003806997045	0.0	1.4185451143128855
0.9125046369920977	0.0	1.4220701862408445
0.9140054669871507	0.0	1.4255685474476685
0.9155062969822033	0.0	1.4290401534749666
0.9170071269772561	0.0	1.4324849550833754
0.918507956972309	0.0	1.4359029018628378
0.9200087869673617	0.0	1.4392939611842457
0.9215096169624146	0.0	1.442658095489682
0.9230104469574674	0.0	1.4459952551330923
0.92451127695252	0.0	1.4493053978493946
0.926012106947573	0.0	1.4525884838503385
0.9275129369426257	0.0	1.4558444708462082
0.9290137669376786	0.0	1.4590733154260094
0.9305145969327313	0.0	1.4622749796497676
0.932015426927784	0.0	1.4654494275367456
0.9335162569228369	0.0	1.46859661696979
0.9350170869178897	0.0	1.4717165009890623
0.9365179169129425	0.0	1.4748090396584201
0.9380187469079952	0.0	1.477874199498536
0.9395195769030481	0.0	1.4809119433334013
0.9410204068981008	0.0	1.4839222269018022
0.9425212368931536	0.0	1.486905010415452
0.9440220668882064	0.0	1.489860259951364
0.9455228968832592	0.0	1.492787937015111
0.947023726878312	0.0	1.495688002089483
0.9485245568733648	0.0	1.4985604128971182
0.9500253868684175	0.0	1.501405137979546
0.9515262168634704	0.0	1.5042221463464398
0.9530270468585231	0.0	1.50701139300957
0.954527876853576	0.0	1.5097728382299533
0.9560287068486287	0.0	1.5125064485282436
0.9575295368436815	0.0	1.5152121899568767
0.9590303668387343	0.0	1.517890029948328
0.9605311968337871	0.0	1.5205399307105156
0.96203202682884	0.0	1.5231618465281755
0.9635328568238927	0.0	1.525755753089644
0.9650336868189454	0.0	1.5283216253070306
0.9665345168139984	0.0	1.5308594129920894
0.968035346809051	0.0	1.5333690809157317
0.969536176804104	0.0	1.5358506067625548
0.9710370067991567	0.0	1.5383039499925668
0.9725378367942096	0.0	1.5407290717909408
0.9740386667892623	0.0	1.5431259513085847
0.975539496784315	0.0	1.545494552121121
0.9770403267793679	0.0	1.547834835894294
0.9785411567744207	0.0	1.5501467785752565
0.9800419867694735	0.0	1.552430343949088
0.9815428167645263	0.0	1.5546854972303399
0.983043646759579	0.0	1.5569122123945933
0.9845444767546319	0.0	1.5591104533994529
0.9860453067496846	0.0	1.561280193629078
0.9875461367447375	0.0	1.5634214054448092
0.9890469667397902	0.0	1.565534050783468
0.990547796734843	0.0	1.567618102696479
0.9920486267298958	0.0	1.5696735350608157
0.9935494567249485	0.0	1.5717003215316965
0.9950502867200014	0.0	1.5736984234051812
0.9965511167150541	0.0	1.5756678100483112
0.9980519467101069	0.0	1.577608462521965
0.9995527767051597	0.0	1.5795203479259388
1.0010536067002125	0.0	1.581403440124852
1.0025544366952654	0.0	1.583257716063988
1.0040552666903182	0.0	1.5850831421653937
1.005556096685371	0.0	1.5868796879563563
1.0070569266804237	0.0	1.588647334645573
1.0085577566754764	0.0	1.590386059227519
1.0100585866705294	0.0	1.5920958246247936
1.0115594166655821	0.0	1.5937766064518328
1.0130602466606349	0.0	1.5954283917334051
1.0145610766556876	0.0	1.5970511500706608
1.0160619066507404	0.0	1.598644849844939
1.0175627366457933	0.0	1.6002094696033542
1.019063566640846	0.0	1.6017449896057765
1.0205643966358988	0.0	1.603251381622106
1.0220652266309516	0.0	1.6047286210203258
1.0235660566260043	0.0	1.606176695687749
1.0250668866210573	0.0	1.6075955771354968
1.02656771661611	0.0	1.6089852371827724
1.0280685466111628	0.0	1.6103456605809032
1.0295693766062155	0.0	1.6116768255258032
1.0310702066012682	0.0	1.6129787101887254
1.0325710365963212	0.0	1.6142512941826566
1.034071866591374	0.0	1.6154945534115948
1.035572696586427	0.0	1.6167084693737799
1.0370735265814794	0.0	1.6178930289276314
1.0385743565765322	0.0	1.619048206898959
1.0400751865715852	0.0	1.6201739836338767
1.041576016566638	0.0	1.621270347327772
1.0430768465616909	0.0	1.6223372747964646
1.0445776765567436	0.0	1.6233747468851243
1.0460785065517963	0.0	1.6243827492076517
1.047579336546849	0.0	1.6253612657575296
1.0490801665419018	0.0	1.626310281606438
1.0505809965369548	0.0	1.6272297790412722
1.0520818265320075	0.0	1.62811973644277
1.0535826565270603	0.0	1.6289801436020104
1.055083486522113	0.0	1.6298109922878024
1.0565843165171658	0.0	1.6306122610657172
1.0580851465122187	0.0	1.6313839352415536
1.0595859765072715	0.0	1.6321260060357798
1.0610868065023242	0.0	1.6328384601650994
1.062587636497377	0.0	1.6335212810500206
1.0640884664924297	0.0	1.6341744584508215
1.0655892964874827	0.0	1.6347979840500393
1.0670901264825354	0.0	1.6353918434184105
1.0685909564775882	0.0	1.6359560261868233
1.070091786472641	0.0	1.6364905239330862
1.0715926164676937	0.0	1.6369953270951803
1.0730934464627466	0.0	1.6374704261973494
1.0745942764577994	0.0	1.6379158100880598
1.0760951064528521	0.0	1.6383314708010024
1.0775959364479049	0.0	1.6387174052494766
1.0790967664429576	0.0	1.6390736042349894
1.0805975964380106	0.0	1.6394000597419562
1.0820984264330633	0.0	1.6396967663424753
1.0835992564281163	0.0	1.639963715035194
1.0851000864231688	0.0	1.6402009063807703
1.0866009164182218	0.0	1.6404083380071837
1.0881017464132745	0.0	1.640585998861452
1.0896025764083273	0.0	1.6407338849142243
1.0911034064033802	0.0	1.640851995931373
1.0926042363984327	0.0	1.6409403310996378
1.0941050663934857	0.0	1.6409988874493813
1.0956058963885384	0.0	1.6410276641427006
1.0971067263835912	0.0	1.6410266593928666
1.0986075563786442	0.0	1.6409958723126772
1.100108386373697	0.0	1.6409353077940567
1.1016092163687496	0.0	1.6408449602796993
1.1031100463638024	0.0	1.6407248312728986
1.1046108763588551	0.0	1.6405749279081956
1.106111706353908	0.0	1.6403952459898998
1.1076125363489608	0.0	1.6401857948951784
1.1091133663440136	0.0	1.63994658510403
1.1106141963390663	0.0	1.6396776092786147
1.112115026334119	0.0	1.6393788684847952
1.113615856329172	0.0	1.6390503778233931
1.1151166863242248	0.0	1.6386921434862958
1.1166175163192775	0.0	1.638304165898617
1.1181183463143303	0.0	1.6378864593417604
1.1196191763093832	0.0	1.6374390332853055
1.121120006304436	0.0	1.6369618873842422
1.1226208362994887	0.0	1.6364550351251796
1.1241216662945415	0.0	1.6359184873023394
1.1256224962895942	0.0	1.635352251888174
1.1271233262846472	0.0	1.634756344359317
1.1286241562797	0.0	1.6341307775431626
1.1301249862747527	0.0	1.633475558315473
1.1316258162698054	0.0	1.6327906993187915
1.1331266462648582	0.0	1.6320762203795107
1.1346274762599111	0.0	1.6313321305605706
1.1361283062549639	0.0	1.6305584430651792
1.1376291362500166	0.0	1.629755179611171
1.1391299662450696	0.0	1.6289223560633337
1.140630796240122	0.0	1.6280599879968938
1.142131626235175	0.0	1.6271680920283023
1.1436324562302278	0.0	1.6262466875156896
1.1451332862252805	0.0	1.6252957954313878
1.1466341162203335	0.0	1.6243154323980067
1.1481349462153863	0.0	1.6233056165291366
1.149635776210439	0.0	1.6222663700478153
1.1511366062054917	0.0	1.6211977194405491
1.1526374362005447	0.0	1.6200996888095076
1.1541382661955975	0.0	1.6189722960156767
1.1556390961906502	0.0	1.6178155622531847
1.157139926185703	0.0	1.6166295168857714
1.1586407561807557	0.0	1.6154141883283646
1.1601415861758086	0.0	1.614169594682229
1.1616424161708614	0.0	1.6128957624461973
1.1631432461659141	0.0	1.6115927255863336
1.1646440761609669	0.0	1.6102605131829608
1.1661449061560196	0.0	1.6088991513837254
1.1676457361510726	0.0	1.6075086629045523
1.1691465661461253	0.0	1.6060890822968081
1.170647396141178	0.0	1.6046404476914513
1.1721482261362308	0.0	1.6031627849280754
1.1736490561312836	0.0	1.6016561223415127
1.1751498861263365	0.0	1.6001204966703164
1.1766507161213893	0.0	1.5985559440554147
1.178151546116442	0.0	1.5969624949818586
1.1796523761114948	0.0	1.5953401878208895
1.1811532061065475	0.0	1.5936890621821271
1.1826540361016005	0.0	1.5920091463942418
1.1841548660966532	0.0	1.5903004815393524
1.185655696091706	0.0	1.5885631111516911
1.187156526086759	0.0	1.5867970641267475
1.1886573560818114	0.0	1.58500237950116
1.1901581860768644	0.0	1.5831791078697646
1.1916590160719172	0.0	1.5813272907089875
1.1931598460669701	0.0	1.5794469622251783
1.1946606760620229	0.0	1.577538164227461
1.1961615060570754	0.0	1.5756009447723056
1.1976623360521284	0.0	1.573635346469779
1.199163166047181	0.0	1.5716414147394013
1.200663996042234	0.0	1.569619196386946
1.2021648260372868	0.0	1.5675687351561158
1.2036656560323395	0.0	1.5654900787891626
1.2051664860273923	0.0	1.5633832749975345
1.206667316022445	0.0	1.5612483701002753
1.208168146017498	0.0	1.5590854157765686
1.2096689760125507	0.0	1.5568944644818943
1.2111698060076035	0.0	1.5546755629111233
1.2126706360026562	0.0	1.5524287623244875
1.214171465997709	0.0	1.5501541164281698
1.215672295992762	0.0	1.5478516800003788
1.2171731259878147	0.0	1.5455215065316628
1.2186739559828674	0.0	1.5431636419344357
1.2201747859779202	0.0	1.5407781462115022
1.221675615972973	0.0	1.538365083487447
1.2231764459680259	0.0	1.5359245022992967
1.2246772759630786	0.0	1.5334564582570092
1.2261781059581316	0.0	1.5309610139079286
1.2276789359531841	0.0	1.5284382228226945
1.2291797659482369	0.0	1.5258881461500855
1.2306805959432898	0.0	1.523310852099476
1.2321814259383426	0.0	1.5207063900458007
1.2336822559333955	0.0	1.5180748226719472
1.235183085928448	0.0	1.5154162237199524
1.2366839159235008	0.0	1.5127306476476488
1.2381847459185538	0.0	1.510018153737004
1.2396855759136065	0.0	1.5072788107149282
1.2411864059086595	0.0	1.5045126842277827
1.2426872359037122	0.0	1.5017198406612626
1.2441880658987647	0.0	1.4989003491181156
1.2456888958938177	0.0	1.4960542717513725
1.2471897258888704	0.0	1.4931816727040832
1.2486905558839234	0.0	1.4902826268396003
1.2501913858789762	0.0	1.4873572072961811
1.251692215874029	0.0	1.4844054747789972
1.2531930458690816	0.0	1.481427498175139
1.2546938758641344	0.0	1.4784233574123817
1.2561947058591874	0.0	1.4753931245138112
1.25769553585424	0.0	1.47233686707885
1.2591963658492928	0.0	1.4692546610428854
1.2606971958443456	0.0	1.4661465821441504
1.2621980258393983	0.0	1.4630126974337307
1.2636988558344513	0.0	1.4598530837465138
1.265199685829504	0.0	1.4566678211273385
1.2667005158245568	0.0	1.4534569851973738
1.2682013458196095	0.0	1.4502206517379521
1.2697021758146623	0.0	1.4469588982801944
1.2712030058097152	0.0	1.4436718031376534
1.272703835804768	0.0	1.44035944668167
1.2742046657998207	0.0	1.437021910127711
1.2757054957948735	0.0	1.4336592722144295
1.2772063257899262	0.0	1.4302716090497065
1.2787071557849792	0.0	1.4268590018058727
1.280207985780032	0.0	1.4234215414390055
1.2817088157750849	0.0	1.4199593087764026
1.2832096457701374	0.0	1.4164723803079373
1.2847104757651902	0.0	1.4129608417404689
1.2862113057602431	0.0	1.4094247810851075
1.2877121357552959	0.0	1.4058642829273966
1.2892129657503488	0.0	1.4022794296410594
1.2907137957454016	0.0	1.398670308713489
1.292214625740454	0.0	1.3950370057098571
1.293715455735507	0.0	1.39137960679911
1.2952162857305598	0.0	1.3876982046316426
1.2967171157256128	0.0	1.3839928856536556
1.2982179457206655	0.0	1.3802637371677373
1.2997187757157183	0.0	1.3765108483370956
1.301219605710771	0.0	1.3727343089102666
1.3027204357058237	0.0	1.3689342143964234
1.3042212657008767	0.0	1.3651106528497936
1.3057220956959295	0.0	1.3612637117454542
1.3072229256909822	0.0	1.357393485890196
1.308723755686035	0.0	1.3535000669424875
1.3102245856810877	0.0	1.349583548057966
1.3117254156761406	0.0	1.3456440262860254
1.3132262456711934	0.0	1.3416815901121706
1.3147270756662461	0.0	1.3376963328275955
1.3162279056612989	0.0	1.3336883592508162
1.3177287356563516	0.0	1.329657760183924
1.3192295656514046	0.0	1.325604623810536
1.3207303956464573	0.0	1.3215290524231524
1.32223122564151	0.0	1.3174311462195163
1.3237320556365628	0.0	1.313310999113044
1.3252328856316156	0.0	1.3091687055778287
1.3267337156266685	0.0	1.3050043622936345
1.3282345456217213	0.0	1.3008180729576713
1.3297353756167742	0.0	1.2966099394866233
1.3312362056118268	0.0	1.2923800563792447
1.3327370356068795	0.0	1.2881285201057873
1.3342378656019325	0.0	1.283855434566796
1.3357386955969852	0.0	1.279560904821119
1.3372395255920382	0.0	1.2752450241167772
1.3387403555870907	0.0	1.2709078903534208
1.3402411855821437	0.0	1.2665496134448253
1.3417420155771964	0.0	1.2621702978583524
1.3432428455722492	0.0	1.2577700377353784
1.3447436755673021	0.0	1.253348933403036
1.3462445055623549	0.0	1.2489070973504204
1.3477453355574076	0.0	1.24444463376148
1.3492461655524604	0.0	1.2399616353359229
1.350746995547513	0.0	1.235458209461481
1.352247825542566	0.0	1.2309344670376514
1.3537486555376188	0.0	1.2263905069868664
1.3552494855326715	0.0	1.2218264371774017
1.3567503155277243	0.0	1.2172423622614246
1.358251145522777	0.0	1.2126383854002123
1.35975197551783	0.0	1.2080146136733863
1.3612528055128827	0.0	1.2033711521398038
1.3627536355079355	0.0	1.1987081065975986
1.3642544655029882	0.0	1.1940255866524911
1.365755295498041	0.0	1.189323701306445
1.367256125493094	0.0	1.1846025495310761
1.3687569554881467	0.0	1.1798622424970606
1.3702577854831994	0.0	1.1751028923484788
1.3717586154782522	0.0	1.1703246017166404
1.3732594454733051	0.0	1.1655274783097054
1.3747602754683579	0.0	1.1607116336432899
1.3762611054634106	0.0	1.1558771772491774
1.3777619354584634	0.0	1.1510242117587703
1.3792627654535161	0.0	1.146152848589078
1.380763595448569	0.0	1.1412632027306238
1.3822644254436218	0.0	1.1363553772337431
1.3837652554386746	0.0	1.1314294787221744
1.3852660854337275	0.0	1.1264856212375962
1.38676691542878	0.0	1.1215239161231736
1.388267745423833	0.0	1.1165444747096986
1.3897685754188858	0.0	1.1115474056910524
1.3912694054139385	0.0	1.1065328153952627
1.3927702354089915	0.0	1.1015008131815687
1.3942710654040442	0.0	1.0964515143115716
1.395771895399097	0.0	1.0913850349094456
1.3972727253941497	0.0	1.0863014777543931
1.3987735553892024	0.0	1.0812009524890471
1.4002743853842554	0.0	1.0760835754594302
1.4017752153793082	0.0	1.0709494526854686
1.403276045374361	0.0	1.065798698751014
1.4047768753694136	0.0	1.060631428523368
1.4062777053644664	0.0	1.055447751558948
1.4077785353595194	0.0	1.0502477796568195
1.409279365354572	0.0	1.0450316238643627
1.4107801953496248	0.0	1.0397993917048578
1.4122810253446776	0.0	1.0345511928949491
1.4137818553397306	0.0	1.0292871502373628
1.4152826853347833	0.0	1.0240073758022241
1.416783515329836	0.0	1.0187119757450906
1.4182843453248888	0.0	1.0134010642801292
1.4197851753199415	0.0	1.0080747463429383
1.4212860053149945	0.0	1.002733139992295
1.4227868353100472	0.0	0.9973763653446733
1.4242876653051	0.0	0.992004526916738
1.4257884953001527	0.0	0.9866177357559062
1.4272893252952055	0.0	0.981216107283951
1.4287901552902584	0.0	0.9757997550620164
1.4302909852853112	0.0	0.9703687893981497
1.431791815280364	0.0	0.9649233207113409
1.4332926452754169	0.0	0.9594634640783487
1.4347934752704694	0.0	0.9539893342678861
1.4362943052655224	0.0	0.9485010439415367
1.4377951352605751	0.0	0.9429987035922274
1.4392959652556279	0.0	0.9374824222958218
1.4407967952506808	0.0	0.9319523172731208
1.4422976252457334	0.0	0.9264084989061273
1.4437984552407863	0.0	0.9208510785872913
1.445299285235839	0.0	0.915280174350683
1.446800115230892	0.0	0.9096958982417943
1.4483009452259448	0.0	0.9040983561450499
1.4498017752209975	0.0	0.8984876588490872
1.4513026052160503	0.0	0.8928639315964779
1.452803435211103	0.0	0.8872272815284452
1.454304265206156	0.0	0.8815778128905952
1.4558050952012087	0.0	0.8759156440497143
1.4573059251962615	0.0	0.8702408904398927
1.4588067551913142	0.0	0.8645536607180054
1.460307585186367	0.0	0.8588540660670266
1.46180841518142	0.0	0.8531422208244198
1.4633092451764727	0.0	0.8474182338072137
1.4648100751715254	0.0	0.8416822205234721
1.4663109051665781	0.0	0.8359342923656079
1.4678117351616309	0.0	0.8301745593213431
1.4693125651566838	0.0	0.8244031383773694
1.4708133951517366	0.0	0.8186201376730405
1.4723142251467893	0.0	0.8128256608624668
1.473815055141842	0.0	0.8070198320052656
1.4753158851368948	0.0	0.8012027687165743
1.4768167151319478	0.0	0.7953745635728693
1.4783175451270005	0.0	0.7895353348053615
1.4798183751220533	0.0	0.7836851967391423
1.481319205117106	0.0	0.7778242503174914
1.4828200351121588	0.0	0.7719526199450036
1.4843208651072117	0.0	0.7660704198112315
1.4858216951022645	0.0	0.7601777538783867
1.4873225250973174	0.0	0.7542747301132788
1.4888233550923702	0.0	0.748361464295049
1.4903241850874227	0.0	0.7424380640455662
1.4918250150824757	0.0	0.7365046356434993
1.4933258450775284	0.0	0.7305612999570633
1.4948266750725814	0.0	0.7246081588782911
1.4963275050676341	0.0	0.718645324378756
1.4978283350626869	0.0	0.712672915515255
1.4993291650577396	0.0	0.70669103594188
1.5008299950527924	0.0	0.7006997934283924
1.5023308250478453	0.0	0.6946992979131733
1.503831655042898	0.0	0.6886896623165674
1.5053324850379508	0.0	0.6826709975628065
1.5068333150330036	0.0	0.6766434113846466
1.5083341450280563	0.0	0.670607013400069
1.5098349750231093	0.0	0.6645619129930022
1.511335805018162	0.0	0.6585082221103858
1.5128366350132147	0.0	0.6524460475114976
1.5143374650082675	0.0	0.6463754950931155
1.5158382950033202	0.0	0.6402966843556029
1.5173391249983732	0.0	0.6342097161066456
1.518839954993426	0.0	0.628114692410839
1.5203407849884787	0.0	0.6220117404082969
1.5218416149835314	0.0	0.6159009620280206
1.5233424449785842	0.0	0.609782454849307
1.5248432749736371	0.0	0.6036563372758742
1.5263441049686899	0.0	0.5975227173731942
1.5278449349637429	0.0	0.5913817025413066
1.5293457649587954	0.0	0.5852334019915585
1.5308465949538481	0.0	0.5790779237648068
1.532347424948901	0.0	0.5729153759141888
1.5338482549439538	0.0	0.5667458631411194
1.5353490849390068	0.0	0.5605694957537014
1.5368499149340595	0.0	0.5543863835548328
1.538350744929112	0.0	0.5481966329341249
1.539851574924165	0.0	0.5420003523266788
1.5413524049192178	0.0	0.5357976486396459
1.5428532349142707	0.0	0.5295886250095965
1.5443540649093235	0.0	0.523373393075406
1.545854894904376	0.0	0.5171520610996687
1.547355724899429	0.0	0.5109247316028815
1.5488565548944817	0.0	0.5046915209309369
1.5503573848895347	0.0	0.4984525376668103
1.5518582148845874	0.0	0.49220787326569965
1.5533590448796402	0.0	0.48595763819584303
1.5548598748746927	0.0	0.47970195177279823
1.5563607048697456	0.0	0.473440912660209
1.5578615348647986	0.0	0.46717462180133684
1.5593623648598514	0.0	0.46090319556672626
1.560863194854904	0.0	0.45462674372226974
1.5623640248499568	0.0	0.44834536304632977
1.5638648548450098	0.0	0.4420591596081548
1.5653656848400623	0.0	0.4357682393660694
1.5668665148351153	0.0	0.4294727151542015
1.568367344830168	0.0	0.42317270112513505
1.5698681748252208	0.0	0.4168682914079854
1.5713690048202735	0.0	0.41055958646538704
1.5728698348153265	0.0	0.4042466972584478
1.5743706648103795	0.0	0.39792973538913023
1.575871494805432	0.0	0.3916088076536802
1.5773723248004847	0.0	0.3852840190985641
1.5788731547955377	0.0	0.3789554680177963
1.5803739847905902	0.0	0.37262326151566855
1.5818748147856432	0.0	0.36628751386798697
1.5833756447806961	0.0	0.35994832598102605
1.584876474775749	0.0	0.35360580149654264
1.5863773047708014	0.0	0.3472600445861872
1.5878781347658544	0.0	0.3409111661495213
1.5893789647609073	0.0	0.33455927743108405
1.5908797947559599	0.0	0.3282044692945594
1.5923806247510128	0.0	0.32184685197409474
1.5938814547460656	0.0	0.31548654615302607
1.595382284741118	0.0	0.30912364010742904
1.596883114736171	0.0	0.3027582370477738
1.598383944731224	0.0	0.2963904581626199
1.5998847747262768	0.0	0.29002039935542134
1.6013856047213293	0.0	0.2836481567267731
1.6028864347163823	0.0	0.2772738503069876
1.6043872647114352	0.0	0.2708975910325579
1.6058880947064877	0.0	0.2645194677216776
1.6073889247015407	0.0	0.25813959150799887
1.6088897546965935	0.0	0.25175807596501915
1.6103905846916464	0.0	0.24537501588717536
1.611891414686699	0.0	0.23899051786121922
1.613392244681752	0.0	0.2326046897431656
1.6148930746768049	0.0	0.22621763534727848
1.6163939046718574	0.0	0.21982946213521778
1.6178947346669101	0.0	0.21344027952786154
1.619395564661963	0.0	0.20705018834519373
1.6208963946570156	0.0	0.2006592904176823
1.6223972246520686	0.0	0.19426769381074388
1.6238980546471213	0.0	0.18787550716893708
1.6253988846421743	0.0	0.18148283843453042
1.6268997146372268	0.0	0.17508978633273248
1.6284005446322798	0.0	0.16869645100583347
1.6299013746273328	0.0	0.16230294834384318
1.6314022046223853	0.0	0.15590938616575256
1.632903034617438	0.0	0.14951586306128686
1.634403864612491	0.0	0.1431224856048811
1.6359046946075435	0.0	0.13672936124586
1.6374055246025965	0.0	0.13033659851793217
1.6389063545976494	0.0	0.12394429838895551
1.6404071845927022	0.0	0.1175525611120887
1.6419080145877547	0.0	0.11116149968168725
1.6434088445828077	0.0	0.1047712250342442
1.6449096745778606	0.0	0.09838183663428213
1.6464105045729132	0.0	0.09199343919566204
1.6479113345679661	0.0	0.08560613490616449
1.6494121645630189	0.0	0.079220038817841
1.6509129945580718	0.0	0.07283526216295089
1.6524138245531244	0.0	0.06645189380902843
1.6539146545481773	0.0	0.060070046811975426
1.65541548454323	0.0	0.0536898318618223
1.6569163145382828	0.0	0.047311347203261384
1.6584171445333356	0.0	0.04093470643440496
1.6599179745283885	0.0	0.034560018175178286
1.661418804523441	0.0	0.028187378587796456
1.662919634518494	0.0	0.021816898226806596
1.6644204645135467	0.0	0.015448692464678313
1.6659212945085997	0.0	0.009082857475943344
1.6674221245036522	0.0	0.002719495682509745
1.6689229544987052	0.0	-0.003641279453067441
1.6704237844937582	0.0	-0.009999359224609334
1.6719246144888107	0.0	-0.016354635997967333
1.6734254444838634	0.0	-0.022707009643130865
1.6749262744789164	0.0	-0.029056371872872435
1.676427104473969	0.0	-0.03540260810335857
1.6779279344690219	0.0	-0.041745618820726096
1.6794287644640746	0.0	-0.04808530023528888
1.6809295944591276	0.0	-0.054421539488285646
1.6824304244541801	0.0	-0.06075422719586227
1.683931254449233	0.0	-0.06708326372089653
1.685432084444286	0.0	-0.07340853860743003
1.6869329144393386	0.0	-0.07972993925549933
1.6884337444343913	0.0	-0.08604736430290999
1.6899345744294443	0.0	-0.09236070567191021
1.6914354044244972	0.0	-0.09866985769986775
1.6929362344195498	0.0	-0.10497470720764021
1.6944370644146027	0.0	-0.11127514811366247
1.6959378944096555	0.0	-0.11757107697329981
1.697438724404708	0.0	-0.12386238241877263
1.698939554399761	0.0	-0.13014896372866724
1.700440384394814	0.0	-0.13643070721861772
1.7019412143898665	0.0	-0.14270749683840528
1.7034420443849194	0.0	-0.1489792367708478
1.7049428743799722	0.0	-0.15524582348507537
1.7064437043750251	0.0	-0.16150713627308189
1.7079445343700776	0.0	-0.16776306780874614
1.7094453643651306	0.0	-0.17401351682846253
1.7109461943601834	0.0	-0.1802583734677867
1.712447024355236	0.0	-0.18649753111525977
1.7139478543502888	0.0	-0.19273088248174755
1.7154486843453418	0.0	-0.1989583163719962
1.7169495143403943	0.0	-0.20517971923716002
1.7184503443354473	0.0	-0.21139498575967675
1.7199511743305	0.0	-0.21760401303708513
1.721452004325553	0.0	-0.22380668930728745
1.7229528343206055	0.0	-0.230002909178766
1.7244536643156585	0.0	-0.23619256314437062
1.7259544943107115	0.0	-0.24237554078514834
1.727455324305764	0.0	-0.24855173871804778
1.7289561543008167	0.0	-0.2547210393032982
1.7304569842958697	0.0	-0.26088333039687445
1.7319578142909227	0.0	-0.2670385147398424
1.7334586442859752	0.0	-0.2731864871378249
1.7349594742810281	0.0	-0.2793271346211736
1.736460304276081	0.0	-0.2854603417311284
1.7379611342711334	0.0	-0.2915860064770677
1.7394619642661864	0.0	-0.2977040235660811
1.7409627942612393	0.0	-0.3038142771081218
1.7424636242562919	0.0	-0.3099166582737334
1.7439644542513446	0.0	-0.31601105851700145
1.7454652842463976	0.0	-0.3220973753790125
1.7469661142414505	0.0	-0.328175500683426
1.748466944236503	0.0	-0.33424531945209035
1.749967774231556	0.0	-0.3403067254185611
1.7514686042266088	0.0	-0.34635961396764
1.7529694342216613	0.0	-0.35240387196946965
1.7544702642167143	0.0	-0.35843938885720494
1.7559710942117672	0.0	-0.3644660617530363
1.75747192420682	0.0	-0.37048378245597147
1.7589727542018727	0.0	-0.37649243640677316
1.7604735841969255	0.0	-0.38249191648885156
1.7619744141919784	0.0	-0.388482122030041
1.763475244187031	0.0	-0.39446294116965513
1.764976074182084	0.0	-0.4004342615295413
1.7664769041771367	0.0	-0.40639597838352187
1.7679777341721894	0.0	-0.4123479813742272
1.7694785641672421	0.0	-0.41829016304005284
1.770979394162295	0.0	-0.42422241520462134
1.772480224157348	0.0	-0.43014463343752124
1.7739810541524006	0.0	-0.43605671122593787
1.7754818841474533	0.0	-0.44195853357936604
1.7769827141425063	0.0	-0.4478499996284812
1.7784835441375588	0.0	-0.45373099518373095
1.7799843741326118	0.0	-0.45960141266027027
1.7814852041276648	0.0	-0.4654611543555988
1.7829860341227173	0.0	-0.471310106104779
1.78448686411777	0.0	-0.4771481597068185
1.785987694112823	0.0	-0.4829752082669012
1.787488524107876	0.0	-0.48879114528451056
1.7889893541029285	0.0	-0.4945958627188263
1.7904901840979814	0.0	-0.5003892602673861
1.7919910140930342	0.0	-0.5061712309491202
1.7934918440880867	0.0	-0.5119416572227912
1.7949926740831397	0.0	-0.5177004392172417
1.7964935040781926	0.0	-0.5234474736603629
1.7979943340732454	0.0	-0.5291826491596677
1.7994951640682981	0.0	-0.534905863823179
1.8009959940633509	0.0	-0.5406170143048508
1.8024968240584038	0.0	-0.5463159866984877
1.8039976540534564	0.0	-0.5520026764258601
1.8054984840485093	0.0	-0.5576769874356213
1.806999314043562	0.0	-0.5633388074358353
1.8085001440386146	0.0	-0.5689880259952326
1.8100009740336676	0.0	-0.574624550956251
1.8115018040287205	0.0	-0.5802482812031587
1.8130026340237735	0.0	-0.585859093760704
1.814503464018826	0.0	-0.5914568858249959
1.8160042940138788	0.0	-0.5970415699456189
1.8175051240089317	0.0	-0.6026130337320479
1.8190059540039842	0.0	-0.6081711676401277
1.8205067839990372	0.0	-0.6137158753721227
1.82200761399409	0.0	-0.619247055602844
1.8235084439891427	0.0	-0.6247646052819565
1.8250092739841954	0.0	-0.6302684147667528
1.8265101039792484	0.0	-0.6357583792202237
1.8280109339743014	0.0	-0.6412344075938798
1.8295117639693539	0.0	-0.6466963971454137
1.8310125939644066	0.0	-0.6521442388852151
1.8325134239594596	0.0	-0.6575778286786577
1.8340142539545121	0.0	-0.6629970736781502
1.835515083949565	0.0	-0.66840188194796
1.837015913944618	0.0	-0.6737921324720906
1.8385167439396708	0.0	-0.6791677208570989
1.8400175739347233	0.0	-0.6845285740817589
1.8415184039297763	0.0	-0.6898745795584056
1.8430192339248292	0.0	-0.6952056238122039
1.8445200639198818	0.0	-0.7005216285849987
1.8460208939149347	0.0	-0.7058224900625258
1.8475217239099875	0.0	-0.7111080972097037
1.84902255390504	0.0	-0.7163783649542123
1.850523383900093	0.0	-0.7216331956429102
1.852024213895146	0.0	-0.7268724810008498
1.8535250438901987	0.0	-0.7320961261103534
1.8550258738852514	0.0	-0.7373040365342965
1.8565267038803042	0.0	-0.7424961161227625
1.8580275338753571	0.0	-0.7476722723485969
1.8595283638704097	0.0	-0.7528324115140077
1.8610291938654626	0.0	-0.7579764307904523
1.8625300238605154	0.0	-0.7631042328697484
1.864030853855568	0.0	-0.7682157291678482
1.8655316838506208	0.0	-0.7733108188523772
1.8670325138456738	0.0	-0.7783894079544659
1.8685333438407268	0.0	-0.7834514081241759
1.8700341738357793	0.0	-0.7884967252200935
1.871535003830832	0.0	-0.7935252708060079
1.873035833825885	0.0	-0.7985369436182951
1.8745366638209375	0.0	-0.803531652522212
1.8760374938159905	0.0	-0.8085093108436072
1.8775383238110435	0.0	-0.813469822962365
1.8790391538060962	0.0	-0.8184130964992421
1.8805399838011487	0.0	-0.8233390382986199
1.8820408137962017	0.0	-0.8282475668985875
1.8835416437912547	0.0	-0.8331385955634099
1.8850424737863072	0.0	-0.8380120271327418
1.88654330378136	0.0	-0.8428677717779797
1.888044133776413	0.0	-0.8477057448211585
1.8895449637714654	0.0	-0.8525258561502249
1.8910457937665184	0.0	-0.8573280154313521
1.8925466237615713	0.0	-0.8621121403524462
1.894047453756624	0.0	-0.8668781505113471
1.8955482837516766	0.0	-0.8716259502510262
1.8970491137467296	0.0	-0.8763554461570855
1.8985499437417825	0.0	-0.8810665691637597
1.900050773736835	0.0	-0.8857592373656084
1.901551603731888	0.0	-0.8904333528136871
1.9030524337269408	0.0	-0.8950888289693828
1.9045532637219937	0.0	-0.8997255924418035
1.9060540937170463	0.0	-0.9043435650591399
1.9075549237120992	0.0	-0.9089426561056004
1.909055753707152	0.0	-0.9135227787221171
1.9105565837022047	0.0	-0.9180838608609796
1.9120574136972575	0.0	-0.9226258260015506
1.9135582436923104	0.0	-0.9271485839085551
1.915059073687363	0.0	-0.9316520535267168
1.916559903682416	0.0	-0.9361361558093179
1.9180607336774687	0.0	-0.9406008150489726
1.9195615636725216	0.0	-0.9450459633628139
1.9210623936675741	0.0	-0.9494715158387494
1.922563223662627	0.0	-0.9538773862832177
1.92406405365768	0.0	-0.958263505531846
1.9255648836527326	0.0	-0.9626297958563913
1.9270657136477853	0.0	-0.9669761809210402
1.9285665436428383	0.0	-0.9713025862628519
1.9300673736378908	0.0	-0.9756089382199122
1.9315682036329438	0.0	-0.9798951657179336
1.9330690336279968	0.0	-0.9841611940476047
1.9345698636230495	0.0	-0.9884069488939141
1.936070693618102	0.0	-0.992632352158897
1.937571523613155	0.0	-0.9968373343825435
1.939072353608208	0.0	-1.001021828852569
1.9405731836032605	0.0	-1.005185768782807
1.9420740135983134	0.0	-1.009329079414698
1.9435748435933662	0.0	-1.0134516826872093
1.9450756735884192	0.0	-1.0175535188008829
1.9465765035834717	0.0	-1.0216345216473017
1.9480773335785246	0.0	-1.0256946166033343
1.9495781635735774	0.0	-1.029733737043042
1.95107899356863	0.0	-1.0337518177205436
1.9525798235636829	0.0	-1.0377487934022191
1.9540806535587358	0.0	-1.041724598718966
1.9555814835537884	0.0	-1.0456791675007278
1.9570823135488413	0.0	-1.0496124323698983
1.958583143543894	0.0	-1.053524332824582
1.960083973538947	0.0	-1.0574148072909086
1.9615848035339996	0.0	-1.061283788576077
1.9630856335290525	0.0	-1.0651312164493065
1.9645864635241053	0.0	-1.068957029965135
1.966087293519158	0.0	-1.072761167537357
1.9675881235142108	0.0	-1.0765435725949044
1.9690889535092637	0.0	-1.080304178462479
1.9705897835043162	0.0	-1.0840429220505772
1.9720906134993692	0.0	-1.087759755401304
1.973591443494422	0.0	-1.0914546156346319
1.975092273489475	0.0	-1.0951274432344784
1.9765931034845274	0.0	-1.0987781881111869
1.9780939334795804	0.0	-1.1024067883705058
1.9795947634746334	0.0	-1.1060131875769053
1.981095593469686	0.0	-1.1095973318824826
1.9825964234647386	0.0	-1.1131591682033373
1.9840972534597916	0.0	-1.116698642198697
1.9855980834548446	0.0	-1.120215696595092
1.987098913449897	0.0	-1.1237102832497854
1.98859974344495	0.0	-1.1271823484258348
1.9901005734400028	0.0	-1.1306318378563862
1.9916014034350553	0.0	-1.1340587035588745
1.9931022334301083	0.0	-1.137462891155577
1.9946030634251612	0.0	-1.1408443502981127
1.9961038934202138	0.0	-1.1442030418389197
1.9976047234152667	0.0	-1.1475389131623528
1.9991055534103195	0.0	-1.1508519024850383
2.0006063834053722	0.0	-1.1541419724461441
2.002107213400425	0.0	-1.1574090804356099
2.0036080433954777	0.0	-1.1606531733695171
2.005108873390531	0.0	-1.163874207553459
2.006609703385583	0.0	-1.1670721357072436
2.0081105333806364	0.0	-1.1702469121402774
2.009611363375689	0.0	-1.1733985000832055
2.011112193370742	0.0	-1.1765268501857122
2.0126130233657946	0.0	-1.1796319137752314
2.0141138533608474	0.0	-1.1827136583828546
2.0156146833559005	0.0	-1.1857720398828702
2.017115513350953	0.0	-1.1888070145685454
2.0186163433460056	0.0	-1.1918185404459214
2.020117173341059	0.0	-1.1948065750774268
2.021618003336111	0.0	-1.1977710873619132
2.0231188333311643	0.0	-1.200712039642837
2.024619663326217	0.0	-1.2036293835679766
2.0261204933212698	0.0	-1.2065230796817514
2.0276213233163225	0.0	-1.2093930975976939
2.0291221533113752	0.0	-1.2122394024070688
2.0306229833064284	0.0	-1.2150619516846677
2.0321238133014807	0.0	-1.217860706554034
2.0336246432965335	0.0	-1.2206356372694431
2.0351254732915867	0.0	-1.2233867145780504
2.036626303286639	0.0	-1.226113900256487
2.038127133281692	0.0	-1.2288171526927956
2.039627963276745	0.0	-1.2314964449753416
2.0411287932717976	0.0	-1.2341517500076662
2.0426296232668504	0.0	-1.2367830252536463
2.044130453261903	0.0	-1.239390243678434
2.0456312832569563	0.0	-1.241973380834837
2.0471321132520086	0.0	-1.2445323961089814
2.048632943247062	0.0	-1.2470672641172011
2.0501337732421145	0.0	-1.249577955298605
2.0516346032371673	0.0	-1.252064434880006
2.05313543323222	0.0	-1.2545266846492615
2.0546362632272728	0.0	-1.2569646793336016
2.0561370932223255	0.0	-1.2593783798347582
2.0576379232173783	0.0	-1.2617677599927648
2.059138753212431	0.0	-1.2641328024580052
2.060639583207484	0.0	-1.2664734703502278
2.0621404132025365	0.0	-1.2687897376080455
2.0636412431975897	0.0	-1.2710815981812589
2.0651420731926424	0.0	-1.2733490255525517
2.066642903187695	0.0	-1.2755919768161343
2.068143733182748	0.0	-1.2778104275741176
2.0696445631778007	0.0	-1.280004365331804
2.071145393172854	0.0	-1.2821737768798254
2.072646223167906	0.0	-1.2843186355407017
2.074147053162959	0.0	-1.2864389055185008
2.075647883158012	0.0	-1.2885345738502985
2.0771487131530644	0.0	-1.2906056254537799
2.0786495431481176	0.0	-1.2926520376561368
2.0801503731431703	0.0	-1.2946737915181925
2.081651203138223	0.0	-1.2966708702694636
2.083152033133276	0.0	-1.2986432425993255
2.0846528631283285	0.0	-1.3005908920207268
2.0861536931233817	0.0	-1.3025138215156027
2.087654523118434	0.0	-1.3044119968159986
2.089155353113487	0.0	-1.306285400560001
2.09065618310854	0.0	-1.3081340238509862
2.0921570131035927	0.0	-1.3099578412929436
2.0936578430986454	0.0	-1.311756846675521
2.095158673093698	0.0	-1.3135310251135348
2.096659503088751	0.0	-1.3152803553882086
2.0981603330838037	0.0	-1.317004827284445
2.0996611630788564	0.0	-1.3187044247587807
2.1011619930739096	0.0	-1.320379128182015
2.102662823068962	0.0	-1.3220289344982379
2.104163653064015	0.0	-1.323653837423137
2.105664483059068	0.0	-1.3252538157502574
2.1071653130541206	0.0	-1.326828852795388
2.1086661430491733	0.0	-1.328378936285647
2.110166973044226	0.0	-1.3299040611196442
2.111667803039279	0.0	-1.3314042267428798
2.1131686330343316	0.0	-1.3328794165450844
2.1146694630293843	0.0	-1.334329610083769
2.1161702930244375	0.0	-1.3357548037731712
2.11767112301949	0.0	-1.3371549920313575
2.119171953014543	0.0	-1.338530163041365
2.1206727830095957	0.0	-1.339880315349172
2.1221736130046485	0.0	-1.341205442559579
2.123674442999701	0.0	-1.3425055241315262
2.125175272994754	0.0	-1.343780558253651
2.126676102989807	0.0	-1.3450305448273787
2.1281769329848594	0.0	-1.346255471173188
2.129677762979912	0.0	-1.3474553351100589
2.1311785929749654	0.0	-1.3486301264105913
2.132679422970018	0.0	-1.3497798401212773
2.134180252965071	0.0	-1.3509044784970645
2.1356810829601236	0.0	-1.3520040308669539
2.1371819129551763	0.0	-1.3530784956044248
2.138682742950229	0.0	-1.3541278709104358
2.140183572945282	0.0	-1.3551521493054361
2.141684402940335	0.0	-1.3561513325268375
2.1431852329353873	0.0	-1.3571254170012181
2.1446860629304405	0.0	-1.3580743949163292
2.1461868929254933	0.0	-1.3589982671593563
2.147687722920546	0.0	-1.3598970310563914
2.1491885529155987	0.0	-1.3607706843771226
2.1506893829106515	0.0	-1.3616192338124877
2.1521902129057042	0.0	-1.3624426772553948
2.153691042900757	0.0	-1.3632410099987782
2.1551918728958097	0.0	-1.3640142309336414
2.156692702890863	0.0	-1.3647623405282232
2.158193532885915	0.0	-1.365485345042189
2.1596943628809684	0.0	-1.366183243046166
2.161195192876021	0.0	-1.3668560308188604
2.162696022871074	0.0	-1.3675037158028616
2.1641968528661266	0.0	-1.3681263009924587
2.1656976828611794	0.0	-1.368723786868217
2.1671985128562326	0.0	-1.3692961764244227
2.168699342851285	0.0	-1.3698434675786282
2.1702001728463376	0.0	-1.3703656669848046
2.171701002841391	0.0	-1.3708627844390837
2.1732018328364435	0.0	-1.371334818696922
2.1747026628314963	0.0	-1.371781768427524
2.176203492826549	0.0	-1.372203642059257
2.1777043228216018	0.0	-1.3726004472318665
2.1792051528166545	0.0	-1.372972187789871
2.1807059828117072	0.0	-1.3733188719891236
2.1822068128067604	0.0	-1.3736405093916293
2.1837076428018127	0.0	-1.3739370992827025
2.1852084727968655	0.0	-1.3742086360680776
2.1867093027919187	0.0	-1.374455136086954
2.1882101327869714	0.0	-1.3746766207182977
2.189710962782024	0.0	-1.374873084330877
2.191211792777077	0.0	-1.375044529968268
2.1927126227721296	0.0	-1.3751909728976408
2.1942134527671824	0.0	-1.3753124187502277
2.195714282762235	0.0	-1.3754088785420497
2.1972151127572883	0.0	-1.3754803595678322
2.198715942752341	0.0	-1.3755268694673208
2.200216772747394	0.0	-1.3755484163854719
2.2017176027424465	0.0	-1.3755450082824066
2.2032184327374993	0.0	-1.3755166627295417
2.204719262732552	0.0	-1.3754633931210773
2.2062200927276048	0.0	-1.3753852013669494
2.2077209227226575	0.0	-1.3752820949467164
2.2092217527177103	0.0	-1.3751540911607067
2.210722582712763	0.0	-1.3750012019491042
2.212223412707816	0.0	-1.37482343265973
2.213724242702869	0.0	-1.3746208008023912
2.2152250726979217	0.0	-1.3743933246015765
2.2167259026929744	0.0	-1.3741410072117644
2.218226732688027	0.0	-1.3738638633579487
2.21972756268308	0.0	-1.3735619061139528
2.2212283926781327	0.0	-1.3732351471981585
2.222729222673186	0.0	-1.3728836103923592
2.224230052668238	0.0	-1.3725073010320588
2.225730882663291	0.0	-1.3721062286422872
2.227231712658344	0.0	-1.3716804128645899
2.228732542653397	0.0	-1.3712298734883752
2.2302333726484496	0.0	-1.3707546313381103
2.2317342026435023	0.0	-1.3702546898393575
2.233235032638555	0.0	-1.369730064764497
2.234735862633608	0.0	-1.3691807728347178
2.2362366926286605	0.0	-1.3686068288119742
2.2377375226237137	0.0	-1.3680082597434398
2.2392383526187665	0.0	-1.3673850779512837
2.2407391826138188	0.0	-1.36673730094531
2.242240012608872	0.0	-1.3660649481329348
2.2437408426039247	0.0	-1.365368027461959
2.2452416725989774	0.0	-1.364646562024138
2.24674250259403	0.0	-1.3639005770799153
2.248243332589083	0.0	-1.3631300890547506
2.2497441625841357	0.0	-1.3623351204982206
2.2512449925791884	0.0	-1.3615156770785135
2.2527458225742416	0.0	-1.3606717781784048
2.2542466525692944	0.0	-1.3598034674183876
2.255747482564347	0.0	-1.3589107518467405
2.2572483125594	0.0	-1.3579936468415392
2.2587491425544526	0.0	-1.3570521789693768
2.2602499725495053	0.0	-1.3560863654443258
2.261750802544558	0.0	-1.3550962360367573
2.263251632539611	0.0	-1.3540818143313011
2.2647524625346636	0.0	-1.3530431120217057
2.2662532925297163	0.0	-1.3519801430566634
2.2677541225247695	0.0	-1.3508929522888737
2.2692549525198222	0.0	-1.3497815658167023
2.270755782514875	0.0	-1.3486459871396435
2.2722566125099277	0.0	-1.3474862488375154
2.2737574425049805	0.0	-1.3463023792759572
2.275258272500033	0.0	-1.345094395656724
2.276759102495086	0.0	-1.3438623329994202
2.278259932490139	0.0	-1.3426062169834498
2.279760762485192	0.0	-1.3413260551006994
2.281261592480244	0.0	-1.3400218824816776
2.2827624224752974	0.0	-1.3386937402454582
2.28426325247035	0.0	-1.337341650066756
2.285764082465403	0.0	-1.3359656298743336
2.2872649124604556	0.0	-1.3345657041276773
2.2887657424555083	0.0	-1.3331419085611038
2.290266572450561	0.0	-1.3316942717250666
2.291767402445614	0.0	-1.330222817623174
2.293268232440667	0.0	-1.3287275856494045
2.2947690624357198	0.0	-1.3272086012366908
2.2962698924307725	0.0	-1.3256658787157631
2.2977707224258253	0.0	-1.3240994570616207
2.299271552420878	0.0	-1.3225093797222356
2.3007723824159307	0.0	-1.3208956724756102
2.3022732124109835	0.0	-1.31925835472914
2.3037740424060362	0.0	-1.317597468957374
2.3052748724010894	0.0	-1.3159130476538625
2.3067757023961417	0.0	-1.314205108266792
2.308276532391195	0.0	-1.3124736950451057
2.3097773623862476	0.0	-1.3107188464462811
2.3112781923813004	0.0	-1.3089405893449662
2.312779022376353	0.0	-1.3071389573930232
2.314279852371406	0.0	-1.305313980939961
2.3157806823664586	0.0	-1.303465705060272
2.3172815123615114	0.0	-1.301594167730899
2.318782342356564	0.0	-1.2996993878786933
2.3202831723516173	0.0	-1.2977814090378712
2.3217840023466696	0.0	-1.295840269407186
2.323284832341723	0.0	-1.2938760006669288
2.3247856623367755	0.0	-1.2918886498754711
2.3262864923318283	0.0	-1.2898782528410433
2.327787322326881	0.0	-1.2878448385946704
2.3292881523219338	0.0	-1.2857884489085374
2.3307889823169865	0.0	-1.2837091259121234
2.3322898123120392	0.0	-1.2816069032572814
2.3337906423070924	0.0	-1.2794818286924492
2.335291472302145	0.0	-1.2773339409215392
2.3367923022971975	0.0	-1.2751632731774436
2.3382931322922507	0.0	-1.2729698788767887
2.3397939622873034	0.0	-1.270753791055326
2.341294792282356	0.0	-1.268515040111831
2.342795622277409	0.0	-1.2662536825681059
2.3442964522724616	0.0	-1.2639697679716155
2.345797282267515	0.0	-1.2616633333627927
2.347298112262567	0.0	-1.2593344170019745
2.3487989422576203	0.0	-1.2569830592689253
2.350299772252673	0.0	-1.254609312200185
2.351800602247726	0.0	-1.2522132273393776
2.3533014322427785	0.0	-1.2497948346047256
2.3548022622378313	0.0	-1.2473541827181172
2.356303092232884	0.0	-1.2448913335368443
2.3578039222279368	0.0	-1.2424063199241338
2.3593047522229895	0.0	-1.239899187977232
2.3608055822180427	0.0	-1.2373699957089135
2.362306412213095	0.0	-1.2348187837330697
2.363807242208148	0.0	-1.2322456025459372
2.365308072203201	0.0	-1.2296505033831124
2.3668089021982537	0.0	-1.2270335304935205
2.3683097321933064	0.0	-1.2243947341269623
2.369810562188359	0.0	-1.221734167946508
2.371311392183412	0.0	-1.2190518864531117
2.3728122221784647	0.0	-1.2163479359534772
2.374313052173518	0.0	-1.2136223689154404
2.3758138821685706	0.0	-1.2108752417005944
2.377314712163623	0.0	-1.2081066003076062
2.378815542158676	0.0	-1.2053164995331684
2.380316372153729	0.0	-1.2025049982033342
2.3818172021487816	0.0	-1.1996721486380284
2.3833180321438343	0.0	-1.196818002417862
2.384818862138887	0.0	-1.1939426204390489
2.3863196921339402	0.0	-1.1910460582252234
2.3878205221289925	0.0	-1.1881283609001907
2.3893213521240457	0.0	-1.185189594165807
2.3908221821190985	0.0	-1.182229820704942
2.3923230121141508	0.0	-1.1792490852470636
2.393823842109204	0.0	-1.1762474471850506
2.3953246721042567	0.0	-1.1732249774083294
2.3968255020993094	0.0	-1.1701817372566612
2.398326332094362	0.0	-1.1671177731970148
2.399827162089415	0.0	-1.164033141578629
2.401327992084468	0.0	-1.160927910814209
2.4028288220795204	0.0	-1.157802148885174
2.4043296520745736	0.0	-1.1546559153199218
2.4058304820696264	0.0	-1.1514892544906274
2.407331312064679	0.0	-1.1483022384572994
2.408832142059732	0.0	-1.1450949462913256
2.4103329720547846	0.0	-1.1418674294254707
2.4118338020498373	0.0	-1.138619746242166
2.41333463204489	0.0	-1.135351967778731
2.414835462039943	0.0	-1.1320641622753258
2.416336292034996	0.0	-1.1287563873997388
2.4178371220300483	0.0	-1.125428705995066
2.4193379520251015	0.0	-1.1220811988084458
2.4208387820201542	0.0	-1.1187139281284473
2.422339612015207	0.0	-1.1153269499347545
2.4238404420102597	0.0	-1.1119203442721595
2.4253412720053125	0.0	-1.1084941800092507
2.4268421020003657	0.0	-1.1050485188924608
2.428342931995418	0.0	-1.1015834336965165
2.429843761990471	0.0	-1.0980989940663435
2.431344591985524	0.0	-1.0945952671577561
2.432845421980576	0.0	-1.0910723324610936
2.4343462519756294	0.0	-1.0875302571198902
2.435847081970682	0.0	-1.083969101192364
2.437347911965735	0.0	-1.0803889580066413
2.4388487419607876	0.0	-1.0767898934740534
2.4403495719558403	0.0	-1.0731719631922092
2.4418504019508935	0.0	-1.0695352608712172
2.443351231945946	0.0	-1.065879862354076
2.444852061940999	0.0	-1.062205830114142
2.4463528919360518	0.0	-1.0585132341290393
2.447853721931104	0.0	-1.0548021662112967
2.4493545519261573	0.0	-1.0510727060114073
2.45085538192121	0.0	-1.0473249101004578
2.452356211916263	0.0	-1.0435588643146785
2.4538570419113155	0.0	-1.0397746494136166
2.4553578719063682	0.0	-1.0359723429776408
2.4568587019014214	0.0	-1.0321520237084363
2.4583595318964737	0.0	-1.028313761977963
2.459860361891527	0.0	-1.0244576444850058
2.4613611918865796	0.0	-1.0205837500544532
2.4628620218816324	0.0	-1.016692155268636
2.464362851876685	0.0	-1.0127829465429639
2.465863681871738	0.0	-1.0088562043904654
2.467364511866791	0.0	-1.0049120068967519
2.4688653418618434	0.0	-1.000950438505642
2.470366171856896	0.0	-0.9969715808145856
2.4718670018519493	0.0	-0.992975511650396
2.4733678318470016	0.0	-0.9889623171327161
2.474868661842055	0.0	-0.9849320857840659
2.4763694918371075	0.0	-0.9808848993127263
2.4778703218321603	0.0	-0.9768208371350998
2.479371151827213	0.0	-0.9727399866400185
2.4808719818222658	0.0	-0.9686424382598984
2.482372811817319	0.0	-0.9645282756869461
2.4838736418123712	0.0	-0.9603975805678596
2.4853744718074244	0.0	-0.9562504398725012
2.486875301802477	0.0	-0.9520869399300081
2.4883761317975295	0.0	-0.9479071752760935
2.4898769617925827	0.0	-0.9437112332256525
2.4913777917876354	0.0	-0.9394991868984446
2.492878621782688	0.0	-0.9352711358083328
2.494379451777741	0.0	-0.9310271788161014
2.4958802817727936	0.0	-0.9267673938225007
2.497381111767847	0.0	-0.9224918616116925
2.498881941762899	0.0	-0.918200678235005
2.5003827717579523	0.0	-0.9138939475067205
2.501883601753005	0.0	-0.9095717492375593
2.503384431748058	0.0	-0.9052341697812737
2.5048852617431105	0.0	-0.9008813080479328
2.5063860917381633	0.0	-0.8965132546671486
2.5078869217332165	0.0	-0.8921301021783735
2.509387751728269	0.0	-0.8877319398803729
2.5108885817233215	0.0	-0.8833188602141401
2.5123894117183747	0.0	-0.8788909562366676
2.513890241713427	0.0	-0.8744483261063571
2.51539107170848	0.0	-0.8699910580869679
2.516891901703533	0.0	-0.8655192439170363
2.5183927316985857	0.0	-0.8610329874601487
2.5198935616936384	0.0	-0.8565323792472725
2.521394391688691	0.0	-0.8520175151325956
2.5228952216837444	0.0	-0.8474884893068164
2.5243960516787967	0.0	-0.8429453920667754
2.5258968816738494	0.0	-0.8383883213737335
2.5273977116689026	0.0	-0.8338173781586173
2.528898541663955	0.0	-0.8292326566244236
2.530399371659008	0.0	-0.8246342526252846
2.531900201654061	0.0	-0.8200222679423643
2.5334010316491136	0.0	-0.815396793747393
2.5349018616441663	0.0	-0.8107579219637866
2.536402691639219	0.0	-0.8061057557897355
2.5379035216342722	0.0	-0.801440401220533
2.5394043516293245	0.0	-0.7967619513132086
2.5409051816243777	0.0	-0.7920704968205777
2.5424060116194305	0.0	-0.7873661436763317
2.5439068416144828	0.0	-0.78264899479523
2.545407671609536	0.0	-0.7779191464873985
2.5469085016045887	0.0	-0.7731766916989429
2.5484093315996414	0.0	-0.7684217271958906
2.549910161594694	0.0	-0.7636543647403392
2.551410991589747	0.0	-0.7588747005068205
2.5529118215848	0.0	-0.7540828339352422
2.5544126515798524	0.0	-0.7492788716000762
2.5559134815749056	0.0	-0.7444629008409067
2.5574143115699584	0.0	-0.7396350239070606
2.558915141565011	0.0	-0.7347953488639914
2.560415971560064	0.0	-0.7299439764824165
2.5619168015551166	0.0	-0.7250810071017851
2.5634176315501698	0.0	-0.7202065433165127
2.564918461545222	0.0	-0.7153206864394345
2.566419291540275	0.0	-0.7104235324233267
2.567920121535328	0.0	-0.7055151827905746
2.5694209515303803	0.0	-0.7005957444606458
2.5709217815254335	0.0	-0.6956653236506444
2.5724226115204862	0.0	-0.6907240223635085
2.573923441515539	0.0	-0.6857719358619486
2.5754242715105917	0.0	-0.6808091656067294
2.5769251015056445	0.0	-0.6758358253561167
2.5784259315006977	0.0	-0.6708520068486659
2.57992676149575	0.0	-0.6658578076020902
2.581427591490803	0.0	-0.6608533488295455
2.582928421485856	0.0	-0.6558387286894335
2.584429251480908	0.0	-0.6508140450321469
2.5859300814759614	0.0	-0.6457794047894889
2.587430911471014	0.0	-0.6407349046535313
2.588931741466067	0.0	-0.6356806509522649
2.5904325714611196	0.0	-0.6306167553615338
2.5919334014561723	0.0	-0.6255433162862208
2.5934342314512255	0.0	-0.6204604348790264
2.594935061446278	0.0	-0.6153682115902865
2.596435891441331	0.0	-0.6102667504807094
2.5979367214363838	0.0	-0.6051561676375009
2.5994375514314365	0.0	-0.6000365619953637
2.6009383814264893	0.0	-0.5949080330558074
2.602439211421542	0.0	-0.5897706830189475
2.6039400414165947	0.0	-0.5846246145161494
2.6054408714116475	0.0	-0.5794699447928658
2.6069417014067002	0.0	-0.5743067712435327
2.6084425314017534	0.0	-0.5691351903137961
2.6099433613968057	0.0	-0.5639553110794827
2.611444191391859	0.0	-0.5587672381928148
2.6129450213869116	0.0	-0.5535710819249084
2.6144458513819644	0.0	-0.5483669376123925
2.615946681377017	0.0	-0.543154903438339
2.61744751137207	0.0	-0.5379350975107554
2.618948341367123	0.0	-0.5327076233112077
2.6204491713621754	0.0	-0.5274725825962084
2.621950001357228	0.0	-0.5222300741033198
2.6234508313522813	0.0	-0.5169801976544326
2.6249516613473336	0.0	-0.5117230662438651
2.626452491342387	0.0	-0.5064587788802757
2.6279533213374395	0.0	-0.5011874447504148
2.6294541513324923	0.0	-0.4959091702562101
2.630954981327545	0.0	-0.4906240512765012
2.6324558113225978	0.0	-0.48533219539617
2.633956641317651	0.0	-0.4800337051849429
2.6354574713127032	0.0	-0.47472868263344153
2.6369583013077564	0.0	-0.4694172344886265
2.638459131302809	0.0	-0.46409946328329277
2.639959961297862	0.0	-0.4587754687777662
2.6414607912929147	0.0	-0.45344535609243164
2.6429616212879674	0.0	-0.448109232849158
2.64446245128302	0.0	-0.44276720276369436
2.645963281278073	0.0	-0.43741936478302323
2.6474641112731256	0.0	-0.4320658199736097
2.648964941268179	0.0	-0.42670667186636063
2.650465771263231	0.0	-0.42134202725748476
2.6519666012582843	0.0	-0.41597199346080516
2.653467431253337	0.0	-0.4105966657883359
2.65496826124839	0.0	-0.4052161442467545
2.6564690912434425	0.0	-0.3998305365072336
2.6579699212384953	0.0	-0.39443994113484654
2.6594707512335485	0.0	-0.389044463976994
2.660971581228601	0.0	-0.38364421195316245
2.6624724112236535	0.0	-0.378239277467321
2.6639732412187067	0.0	-0.3728297605631897
2.665474071213759	0.0	-0.367415772904296
2.666974901208812	0.0	-0.36199741533525714
2.668475731203865	0.0	-0.35657478733294934
2.6699765611989177	0.0	-0.35114798901504796
2.6714773911939704	0.0	-0.3457171196366369
2.672978221189023	0.0	-0.34028227982054116
2.6744790511840764	0.0	-0.33484357196403536
2.6759798811791287	0.0	-0.3294011045391894
2.6774807111741814	0.0	-0.3239549730674192
2.6789815411692346	0.0	-0.3185052717394604
2.6804823711642873	0.0	-0.3130521070065629
2.68198320115934	0.0	-0.3075955829293978
2.683484031154393	0.0	-0.30213579817162745
2.6849848611494456	0.0	-0.29667285101489405
2.6864856911444983	0.0	-0.2912068352925282
2.687986521139551	0.0	-0.2857378543382409
2.6894873511346042	0.0	-0.28026601374070875
2.6909881811296565	0.0	-0.27479140649539663
2.6924890111247097	0.0	-0.2693141347900482
2.6939898411197625	0.0	-0.2638343033015003
2.695490671114815	0.0	-0.258352004088708
2.696991501109868	0.0	-0.2528673313300162
2.6984923311049207	0.0	-0.2473803876321384
2.6999931610999734	0.0	-0.2418912802595939
2.701493991095026	0.0	-0.23640010256516017
2.702994821090079	0.0	-0.23090694188832883
2.704495651085132	0.0	-0.2254119096462016
2.7059964810801844	0.0	-0.21991510610432785
2.7074973110752376	0.0	-0.21441662068467643
2.7089981410702904	0.0	-0.20891654832953976
2.710498971065343	0.0	-0.20341498762862462
2.711999801060396	0.0	-0.19791203938965382
2.7135006310554486	0.0	-0.1924078019065678
2.7150014610505018	0.0	-0.18690237613488936
2.716502291045554	0.0	-0.18139585237149558
2.718003121040607	0.0	-0.17588832788761882
2.71950395103566	0.0	-0.17037989590049776
2.7210047810307127	0.0	-0.16487065199318704
2.7225056110257655	0.0	-0.15936070396004431
2.7240064410208182	0.0	-0.15385014092736465
2.725507271015871	0.0	-0.14833905618624976
2.7270081010109237	0.0	-0.14282754423548125
2.7285089310059765	0.0	-0.13731569957374834
2.7300097610010297	0.0	-0.13180362748170038
2.731510590996082	0.0	-0.12629141983348674
2.7330114209911347	0.0	-0.12077916632213533
2.734512250986188	0.0	-0.11526696147102418
2.7360130809812406	0.0	-0.10975490338926987
2.7375139109762934	0.0	-0.10424308945904714
2.739014740971346	0.0	-0.09873160359435507
2.740515570966399	0.0	-0.09322054537054765
2.7420164009614516	0.0	-0.08771001791191547
2.7435172309565043	0.0	-0.08220010516951853
2.7450180609515575	0.0	-0.07669089843817938
2.7465188909466103	0.0	-0.07118249702235944
2.748019720941663	0.0	-0.06567499517432225
2.7495205509367158	0.0	-0.06016848091132714
2.7510213809317685	0.0	-0.05466304788189936
2.7525222109268213	0.0	-0.049158792925947686
2.754023040921874	0.0	-0.04365580629111963
2.7555238709169267	0.0	-0.038154186111091136
2.7570247009119795	0.0	-0.0326540223130916
2.7585255309070322	0.0	-0.027155393512662912
2.7600263609020854	0.0	-0.02165839996290829
2.761527190897138	0.0	-0.01616314594632823
2.763028020892191	0.0	-0.010669716190265235
2.7645288508872436	0.0	-0.005178192624811366
2.7660296808822964	0.0	0.0003113235480664905
2.767530510877349	0.0	0.005798738236295372
2.769031340872402	0.0	0.011283971382729305
2.770532170867455	0.0	0.016766923017511287
2.7720330008625074	0.0	0.02224750395278142
2.77353383085756	0.0	0.0277256304841458
2.7750346608526133	0.0	0.03320119995549488
2.776535490847666	0.0	0.038674125741943725
2.778036320842719	0.0	0.044144328685980415
2.7795371508377715	0.0	0.04961170605755844
2.7810379808328243	0.0	0.05507616001863869
2.782538810827877	0.0	0.06053761551496948
2.7840396408229298	0.0	0.06599598733867364
2.785540470817983	0.0	0.0714511749038392
2.7870413008130357	0.0	0.0769030838596324
2.7885421308080884	0.0	0.08235162909685728
2.790042960803141	0.0	0.08779672811855949
2.791543790798194	0.0	0.09323829183537544
2.7930446207932467	0.0	0.09867622117708214
2.7945454507882994	0.0	0.1041104276951892
2.796046280783352	0.0	0.10954082959508782
2.797547110778405	0.0	0.11496734062157782
2.7990479407734576	0.0	0.12038986445223508
2.800548770768511	0.0	0.12580830957031527
2.8020496007635636	0.0	0.13122259753285764
2.8035504307586163	0.0	0.136632631697057
2.805051260753669	0.0	0.14203832490826404
2.806552090748722	0.0	0.1474395974666269
2.8080529207437745	0.0	0.1528363535426283
2.8095537507388273	0.0	0.1582285051929274
2.81105458073388	0.0	0.16361596393202826
2.812555410728933	0.0	0.1689986420630342
2.8140562407239855	0.0	0.17437645490794337
2.8155570707190387	0.0	0.17974931579267814
2.8170579007140915	0.0	0.18511713581273578
2.818558730709144	0.0	0.19047982269968586
2.820059560704197	0.0	0.19583729156610621
2.8215603906992497	0.0	0.20118945735204907
2.8230612206943024	0.0	0.20653623500990176
2.824562050689355	0.0	0.2118775383213956
2.8260628806844084	0.0	0.21721326832721308
2.827563710679461	0.0	0.2225433422962723
2.8290645406745134	0.0	0.22786768503869037
2.8305653706695666	0.0	0.23318619992403422
2.8320662006646193	0.0	0.23849879438808855
2.833567030659672	0.0	0.24380539296991147
2.835067860654725	0.0	0.24910591255649372
2.8365686906497776	0.0	0.2544002549893596
2.8380695206448303	0.0	0.25968833568915145
2.839570350639883	0.0	0.2649700733049191
2.8410711806349362	0.0	0.27024537349809
2.842572010629989	0.0	0.27551415578023164
2.8440728406250417	0.0	0.28077633679189057
2.8455736706200945	0.0	0.28603182236701985
2.847074500615147	0.0	0.2912805323622014
2.8485753306102	0.0	0.2965223828758084
2.8500761606052527	0.0	0.301757281306694
2.8515769906003055	0.0	0.30698514033994434
2.853077820595358	0.0	0.3122058785999761
2.854578650590411	0.0	0.3174194141813305
2.856079480585464	0.0	0.32262565439657015
2.857580310580517	0.0	0.32782451263318224
2.8590811405755696	0.0	0.3330159094625034
2.8605819705706224	0.0	0.3381997530349991
2.862082800565675	0.0	0.3433759595352775
2.863583630560728	0.0	0.34854444610909
2.8650844605557806	0.0	0.3537051246282536
2.8665852905508338	0.0	0.3588579115977204
2.8680861205458865	0.0	0.3640027201708318
2.869586950540939	0.0	0.3691394626876779
2.871087780535992	0.0	0.3742680543593884
2.8725886105310448	0.0	0.37938840942367014
2.8740894405260975	0.0	0.384500448020499
2.8755902705211502	0.0	0.3896040826378392
2.877091100516203	0.0	0.39469922175892785
2.8785919305112557	0.0	0.39978578682991744
2.8800927605063085	0.0	0.40486368828092806
2.8815935905013617	0.0	0.40993284193921836
2.8830944204964144	0.0	0.41499316761212207
2.8845952504914667	0.0	0.4200445734871101
2.88609608048652	0.0	0.4250869766483323
2.8875969104815726	0.0	0.4301202979504452
2.8890977404766254	0.0	0.4351444428454192
2.890598570471678	0.0	0.44015932388285717
2.892099400466731	0.0	0.44516486779508896
2.893600230461784	0.0	0.4501609903847213
2.8951010604568364	0.0	0.45514759773218855
2.8966018904518895	0.0	0.4601246022391642
2.8981027204469423	0.0	0.4650919272124485
2.899603550441995	0.0	0.470049485435735
2.9011043804370478	0.0	0.47499718993910583
2.9026052104321005	0.0	0.47993496285876064
2.9041060404271533	0.0	0.4848627135405468
2.905606870422206	0.0	0.4897803543121453
2.9071077004172587	0.0	0.4946878053382396
2.908608530412312	0.0	0.49958498121388595
2.9101093604073642	0.0	0.5044717975567932
2.9116101904024174	0.0	0.5093481715127315
2.91311102039747	0.0	0.5142140160132496
2.914611850392523	0.0	0.5190692453206506
2.9161126803875757	0.0	0.5239137768517449
2.9176135103826284	0.0	0.5287475240432865
2.919114340377681	0.0	0.5335704032030872
2.920615170372734	0.0	0.5383823376256305
2.922116000367787	0.0	0.5431832386898634
2.92361683036284	0.0	0.5479730119956484
2.925117660357892	0.0	0.5527515821435901
2.9266184903529453	0.0	0.5575188667846448
2.928119320347998	0.0	0.5622747762996477
2.929620150343051	0.0	0.5670192305205475
2.9311209803381035	0.0	0.5717521466916844
2.9326218103331563	0.0	0.5764734365739141
2.9341226403282095	0.0	0.5811830178182305
2.9356234703232618	0.0	0.5858808106508814
2.937124300318315	0.0	0.5905667220025023
2.9386251303133677	0.0	0.5952406707069667
2.94012596030842	0.0	0.5999025800833547
2.941626790303473	0.0	0.604552364997837
2.943127620298526	0.0	0.6091899399715146
2.9446284502935787	0.0	0.6138152167776151
2.9461292802886314	0.0	0.6184281169239114
2.947630110283684	0.0	0.6230285612774324
2.9491309402787373	0.0	0.6276164555489276
2.9506317702737896	0.0	0.6321917134708431
2.952132600268843	0.0	0.6367542674314636
2.9536334302638956	0.0	0.641304036769849
2.9551342602589483	0.0	0.6458409253114311
2.956635090254001	0.0	0.6503648483413133
2.958135920249054	0.0	0.6548757291170105
2.9596367502441066	0.0	0.6593734853510443
2.9611375802391593	0.0	0.6638580362469363
2.962638410234212	0.0	0.6683292970774549
2.9641392402292652	0.0	0.6727871823328906
2.9656400702243175	0.0	0.6772316124920943
2.9671409002193707	0.0	0.6816625064197497
2.9686417302144235	0.0	0.6860797810213227
2.970142560209476	0.0	0.6904833518713953
2.971643390204529	0.0	0.6948731394611903
2.9731442201995817	0.0	0.6992490624458976
2.974645050194635	0.0	0.7036110386735956
2.976145880189687	0.0	0.7079589905823718
2.9776467101847404	0.0	0.712292830863489
2.979147540179793	0.0	0.7166124709328814
2.9806483701748454	0.0	0.7209178422546029
2.9821492001698986	0.0	0.7252088671989624
2.9836500301649513	0.0	0.729485453134077
2.985150860160004	0.0	0.7337475218511134
2.986651690155057	0.0	0.7379949962563769
2.9881525201501096	0.0	0.7422277953562857
2.9896533501451628	0.0	0.7464458358960778
2.991154180140215	0.0	0.750649041274947
2.9926550101352682	0.0	0.7548373334134776
2.994155840130321	0.0	0.7590106250645342
2.9956566701253737	0.0	0.7631688432870232
2.9971575001204265	0.0	0.7673119042039326
2.998658330115479	0.0	0.770411589494186
3.000159160110532	0.0	0.7714435467108091
