0.0	0.0	-1.999924555099547
0.0015008299950527925	0.0	-1.9999018598810856
0.003001659990105585	0.0	-1.9998246426286823
0.004502489985158378	0.0	-1.999697236196886
0.00600331998021117	0.0	-1.9995329239013446
0.0075041499752639615	0.0	-1.9993313970963145
0.009004979970316756	0.0	-1.999092325941919
0.010505809965369548	0.0	-1.9988150885628235
0.01200663996042234	0.0	-1.998498866840797
0.01350746995547513	0.0	-1.998143022832392
0.015008299950527923	0.0	-1.9977470732004488
0.016509129945580715	0.0	-1.997310179396572
0.01800995994063351	0.0	-1.996830914747465
0.019510789935686303	0.0	-1.99630743225825
0.021011619930739096	0.0	-1.9957383437870515
0.022512449925791888	0.0	-1.9951247298404213
0.02401327992084468	0.0	-1.9944694816433062
0.02551410991589747	0.0	-1.9937742546424366
0.02701493991095026	0.0	-1.9930392749496535
0.028515769906003054	0.0	-1.9922645940223453
0.030016599901055846	0.0	-1.9914502335968176
0.03151742989610864	0.0	-1.9905961597624535
0.03301825989116143	0.0	-1.9897023940707366
0.03451908988621422	0.0	-1.988769010282186
0.03601991988126702	0.0	-1.9877960205710994
0.037520749876319814	0.0	-1.9867833988144732
0.03902157987137261	0.0	-1.9857311920337157
0.0405224098664254	0.0	-1.9846394437137715
0.04202323986147819	0.0	-1.9835081630346583
0.043524069856530984	0.0	-1.9823373784359426
0.045024899851583776	0.0	-1.9811271138842506
0.04652572984663657	0.0	-1.97987738740691
0.04802655984168936	0.0	-1.978588236401722
0.04952738983674215	0.0	-1.9772596976380463
0.05102821983179494	0.0	-1.9758917905109663
0.05252904982684774	0.0	-1.9744845415378076
0.05402987982190052	0.0	-1.9730379821031365
0.05553070981695332	0.0	-1.9715521389583786
0.05703153981200611	0.0	-1.9700270587799318
0.05853236980705891	0.0	-1.9684627810726705
0.06003319980211169	0.0	-1.9668593057873007
0.06153402979716449	0.0	-1.9652166623615004
0.06303485979221728	0.0	-1.9635349231264114
0.06453568978727008	0.0	-1.9618141161272817
0.06603651978232286	0.0	-1.9600542515299062
0.06753734977737566	0.0	-1.9582553863982781
0.06903817977242845	0.0	-1.9564175596088451
0.07053900976748124	0.0	-1.9545407870325395
0.07203983976253404	0.0	-1.9526251231949856
0.07354066975758683	0.0	-1.950670621130817
0.07504149975263963	0.0	-1.948677298177305
0.07654232974769241	0.0	-1.9466451945416976
0.07804315974274521	0.0	-1.9445743626178844
0.079543989737798	0.0	-1.9424648509921874
0.0810448197328508	0.0	-1.9403167046898042
0.08254564972790358	0.0	-1.9381299457550976
0.08404647972295638	0.0	-1.9359046353799825
0.08554730971800917	0.0	-1.9336408399686331
0.08704813971306197	0.0	-1.9313385840051929
0.08854896970811475	0.0	-1.9289979094713219
0.09004979970316755	0.0	-1.9266188703997287
0.09155062969822034	0.0	-1.9242015161899952
0.09305145969327314	0.0	-1.9217459030558683
0.09455228968832592	0.0	-1.9192520836006945
0.09605311968337872	0.0	-1.9167201083330552
0.0975539496784315	0.0	-1.9141500169303405
0.0990547796734843	0.0	-1.9115418533950317
0.10055560966853709	0.0	-1.9088957004335307
0.10205643966358988	0.0	-1.9062116337039663
0.10355726965864268	0.0	-1.9034896760639797
0.10505809965369547	0.0	-1.9007298694582353
0.10655892964874826	0.0	-1.8979322887685606
0.10805975964380105	0.0	-1.895096983591706
0.10956058963885383	0.0	-1.8922240271952955
0.11106141963390664	0.0	-1.8893134983919373
0.11256224962895943	0.0	-1.8863654312154587
0.11406307962401221	0.0	-1.8833798815099396
0.115563909619065	0.0	-1.8803569265600573
0.11706473961411781	0.0	-1.8772966155066233
0.1185655696091706	0.0	-1.8741990144210956
0.12006639960422338	0.0	-1.8710642131937447
0.1215672295992762	0.0	-1.8678922689624637
0.12306805959432898	0.0	-1.864683234589361
0.12456888958938177	0.0	-1.8614371832311825
0.12606971958443455	0.0	-1.8581541797271837
0.12757054957948735	0.0	-1.8548342936113762
0.12907137957454015	0.0	-1.8514775984717649
0.13057220956959295	0.0	-1.8480841678347346
0.13207303956464572	0.0	-1.8446540838768586
0.13357386955969852	0.0	-1.8411874123492595
0.13507469955475132	0.0	-1.8376842098230064
0.1365755295498041	0.0	-1.8341445541125956
0.1380763595448569	0.0	-1.8305685351082879
0.1395771895399097	0.0	-1.8269562182038384
0.1410780195349625	0.0	-1.8233076734507707
0.14257884953001526	0.0	-1.8196229981942729
0.1440796795250681	0.0	-1.8159022708403
0.14558050952012086	0.0	-1.8121455600110332
0.14708133951517366	0.0	-1.808352945677346
0.14858216951022643	0.0	-1.8045245105579852
0.15008299950527926	0.0	-1.8006603353138908
0.15158382950033203	0.0	-1.7967604956647836
0.15308465949538483	0.0	-1.7928250840639368
0.1545854894904376	0.0	-1.7888541872101167
0.15608631948549043	0.0	-1.7848478765103268
0.1575871494805432	0.0	-1.7808062508130535
0.159087979475596	0.0	-1.7767294074880438
0.16058880947064877	0.0	-1.772617416192522
0.1620896394657016	0.0	-1.7684703542728037
0.16359046946075437	0.0	-1.7642883259005024
0.16509129945580717	0.0	-1.7600714294065456
0.16659212945085994	0.0	-1.755819743714447
0.16809295944591277	0.0	-1.7515333585788921
0.16959378944096554	0.0	-1.7472123766558794
0.17109461943601834	0.0	-1.7428568952782428
0.17259544943107114	0.0	-1.7384669925439102
0.17409627942612393	0.0	-1.7340427612265175
0.1755971094211767	0.0	-1.729584312336494
0.1770979394162295	0.0	-1.7250917277300137
0.1785987694112823	0.0	-1.7205650994906831
0.1800995994063351	0.0	-1.7160045493738503
0.18160042940138788	0.0	-1.7114101692536456
0.18310125939644067	0.0	-1.7067820480222184
0.18460208939149347	0.0	-1.7021203063135824
0.18610291938654627	0.0	-1.6974250323668263
0.18760374938159904	0.0	-1.692696313533851
0.18910457937665184	0.0	-1.6879342661852192
0.19060540937170464	0.0	-1.6831389931124685
0.19210623936675744	0.0	-1.6783106010502427
0.1936070693618102	0.0	-1.6734491910280571
0.195107899356863	0.0	-1.6685548699653794
0.1966087293519158	0.0	-1.663627754590104
0.1981095593469686	0.0	-1.6586679368256463
0.19961038934202138	0.0	-1.6536755260066685
0.20111121933707418	0.0	-1.6486506505547902
0.20261204933212695	0.0	-1.6435934052152001
0.20411287932717975	0.0	-1.638503894886565
0.20561370932223258	0.0	-1.633382248434089
0.20711453931728535	0.0	-1.6282285699062562
0.20861536931233815	0.0	-1.6230429575600391
0.21011619930739095	0.0	-1.617825536120413
0.21161702930244372	0.0	-1.6125764277124477
0.21311785929749652	0.0	-1.6072957353741615
0.2146186892925493	0.0	-1.6019835799367457
0.2161195192876021	0.0	-1.59664008133185
0.21762034928265492	0.0	-1.5912653478960612
0.21912117927770766	0.0	-1.5858595043174235
0.2206220092727605	0.0	-1.580422675283963
0.2221228392678133	0.0	-1.574954970980542
0.22362366926286606	0.0	-1.5694565130269877
0.22512449925791886	0.0	-1.563927427183375
0.22662532925297169	0.0	-1.558367825199485
0.22812615924802443	0.0	-1.5527778321700152
0.22962698924307726	0.0	-1.5471575824558788
0.23112781923813	0.0	-1.5415071959764646
0.23262864923318283	0.0	-1.535826794758253
0.23412947922823563	0.0	-1.5301165115110222
0.2356303092232884	0.0	-1.5243764633939343
0.2371311392183412	0.0	-1.5186067740107236
0.238631969213394	0.0	-1.5128075850663805
0.24013279920844677	0.0	-1.5069790174413442
0.2416336292034996	0.0	-1.5011211872351375
0.2431344591985524	0.0	-1.4952342408105377
0.24463528919360517	0.0	-1.489318319305673
0.24613611918865796	0.0	-1.4833735325850057
0.24763694918371074	0.0	-1.4774000112265888
0.24913777917876354	0.0	-1.471397895690875
0.25063860917381636	0.0	-1.4653673235795572
0.2521394391688691	0.0	-1.459308431644035
0.2536402691639219	0.0	-1.4532213387440018
0.2551410991589747	0.0	-1.447106186498194
0.2566419291540275	0.0	-1.44096311715372
0.2581427591490803	0.0	-1.4347922674250664
0.25964358914413305	0.0	-1.4285937716239536
0.2611444191391859	0.0	-1.4223677530213445
0.2626452491342387	0.0	-1.4161143605922397
0.26414607912929144	0.0	-1.4098337362018754
0.26564690912434424	0.0	-1.403526019965653
0.26714773911939704	0.0	-1.3971913594784786
0.26864856911444984	0.0	-1.3908298780606736
0.27014939910950264	0.0	-1.3844417185755309
0.27165022910455544	0.0	-1.3780270411742368
0.2731510590996082	0.0	-1.371585981942888
0.27465188909466104	0.0	-1.3651186734680587
0.2761527190897138	0.0	-1.3586252709474556
0.2776535490847666	0.0	-1.3521059176633414
0.2791543790798194	0.0	-1.345560744033504
0.2806552090748722	0.0	-1.3389898998339895
0.282156039069925	0.0	-1.332393542776287
0.2836568690649778	0.0	-1.3257718230798605
0.2851576990600305	0.0	-1.3191248755247598
0.2866585290550834	0.0	-1.3124528485315141
0.2881593590501362	0.0	-1.3057559020048468
0.2896601890451889	0.0	-1.2990341735711586
0.2911610190402417	0.0	-1.2922878097903119
0.2926618490352945	0.0	-1.2855169743993982
0.2941626790303473	0.0	-1.2787218183080216
0.2956635090254001	0.0	-1.271902486449469
0.29716433902045286	0.0	-1.2650591223031802
0.2986651690155057	0.0	-1.2581918825824956
0.3001659990105585	0.0	-1.2513009220539464
0.30166682900561126	0.0	-1.244386385909617
0.30316765900066406	0.0	-1.2374484460807655
0.30466848899571686	0.0	-1.2304872572476333
0.30616931899076966	0.0	-1.2235029534507704
0.30767014898582246	0.0	-1.2164956970964034
0.3091709789808752	0.0	-1.209465649604982
0.31067180897592805	0.0	-1.2024129631183682
0.31217263897098085	0.0	-1.1953377930067206
0.3136734689660336	0.0	-1.1882403026375195
0.3151742989610864	0.0	-1.1811206497468323
0.3166751289561392	0.0	-1.1739789829646448
0.318175958951192	0.0	-1.166815464216649
0.3196767889462448	0.0	-1.1596302521631052
0.32117761894129754	0.0	-1.1524235075960176
0.3226784489363504	0.0	-1.1451953922192668
0.3241792789314032	0.0	-1.1379460574723324
0.32568010892645594	0.0	-1.13067566675946
0.32718093892150873	0.0	-1.1233843876992278
0.32868176891656153	0.0	-1.1160723806154216
0.33018259891161433	0.0	-1.1087398002620712
0.33168342890666713	0.0	-1.101386805607575
0.3331842589017199	0.0	-1.0940135665993589
0.3346850888967727	0.0	-1.0866202482558907
0.33618591889182553	0.0	-1.079207006144617
0.3376867488868783	0.0	-1.07177400951047
0.3391875788819311	0.0	-1.0643214224601891
0.3406884088769839	0.0	-1.0568493976285613
0.34218923887203667	0.0	-1.049358115067075
0.34369006886708947	0.0	-1.0418477414084575
0.34519089886214227	0.0	-1.0343184189368408
0.346691728857195	0.0	-1.026770314198699
0.34819255885224787	0.0	-1.0192036135914482
0.3496933888473006	0.0	-1.0116184819735137
0.3511942188423534	0.0	-1.0040150709691622
0.3526950488374062	0.0	-0.9963935508214925
0.354195878832459	0.0	-0.9887540981811893
0.3556967088275118	0.0	-0.9810968767852333
0.3571975388225646	0.0	-0.9734220397489463
0.35869836881761735	0.0	-0.9657297604822147
0.3601991988126702	0.0	-0.958020215130518
0.361700028807723	0.0	-0.9502935670857857
0.36320085880277575	0.0	-0.9425499887228975
0.36470168879782855	0.0	-0.9347896456395745
0.36620251879288135	0.0	-0.9270127021395854
0.36770334878793415	0.0	-0.9192193310043714
0.36920417878298695	0.0	-0.9114097070856075
0.3707050087780397	0.0	-0.9035839917174531
0.37220583877309255	0.0	-0.8957423444967154
0.37370666876814534	0.0	-0.8878849520796087
0.3752074987631981	0.0	-0.880011987493981
0.3767083287582509	0.0	-0.8721236063812902
0.3782091587533037	0.0	-0.8642199835931748
0.3797099887483565	0.0	-0.8563012927858542
0.3812108187434093	0.0	-0.8483676992490222
0.38271164873846203	0.0	-0.8404193774030121
0.3842124787335149	0.0	-0.8324564967391997
0.3857133087285677	0.0	-0.824479232355779
0.3872141387236204	0.0	-0.816487752438005
0.38871496871867317	0.0	-0.8084822236677977
0.390215798713726	0.0	-0.80046282397744
0.3917166287087788	0.0	-0.792429717485877
0.3932174587038316	0.0	-0.7843830852180571
0.3947182886988844	0.0	-0.7763230987480184
0.3962191186939372	0.0	-0.7682499194961737
0.39771994868898997	0.0	-0.7601637280192165
0.39922077868404277	0.0	-0.7520646921820948
0.40072160867909556	0.0	-0.7439529833863026
0.40222243867414836	0.0	-0.7358287817203153
0.4037232686692012	0.0	-0.7276922496273093
0.4052240986642539	0.0	-0.7195435579788293
0.4067249286593067	0.0	-0.7113828884652932
0.4082257586543595	0.0	-0.7032104090748897
0.40972658864941236	0.0	-0.6950262890772582
0.41122741864446516	0.0	-0.6868307085362404
0.41272824863951796	0.0	-0.6786238409850374
0.4142290786345707	0.0	-0.670405842718112
0.4157299086296235	0.0	-0.6621768902874305
0.4172307386246763	0.0	-0.6539371705833719
0.4187315686197291	0.0	-0.6456868518775557
0.4202323986147819	0.0	-0.6374261030823272
0.42173322860983464	0.0	-0.629155092617069
0.42323405860488744	0.0	-0.6208739995598466
0.42473488859994024	0.0	-0.6125829947946322
0.42623571859499304	0.0	-0.6042822451143067
0.42773654859004584	0.0	-0.5959719322708346
0.4292373785850986	0.0	-0.5876522196439389
0.4307382085801514	0.0	-0.579323272892924
0.4322390385752042	0.0	-0.5709852857099241
0.43373986857025704	0.0	-0.5626384310489244
0.43524069856530984	0.0	-0.5542828565912323
0.43674152856036264	0.0	-0.5459187494859136
0.4382423585554153	0.0	-0.5375462873693924
0.4397431885504682	0.0	-0.5291656266840054
0.441244018545521	0.0	-0.5207769509191796
0.4427448485405738	0.0	-0.51238043206772
0.4442456785356266	0.0	-0.5039762353946494
0.4457465085306793	0.0	-0.4955645315250687
0.4472473385257321	0.0	-0.4871455039730381
0.4487481685207849	0.0	-0.4787193272328279
0.4502489985158377	0.0	-0.47028615336008356
0.4517498285108905	0.0	-0.46184615631923703
0.45325065850594337	0.0	-0.45339951447358046
0.45475148850099606	0.0	-0.4449464008141599
0.45625231849604886	0.0	-0.4364869886276952
0.45775314849110166	0.0	-0.42802144712220513
0.4592539784861545	0.0	-0.41954994512374433
0.4607548084812073	0.0	-0.41107264803281907
0.46225563847626	0.0	-0.4025897283598668
0.46375646847131285	0.0	-0.39410136287873865
0.46525729846636565	0.0	-0.38560771846856906
0.46675812846141845	0.0	-0.3771089665307411
0.46825895845647125	0.0	-0.3686052801671878
0.46975978845152405	0.0	-0.3600968169784557
0.4712606184465768	0.0	-0.35158375473648934
0.4727614484416296	0.0	-0.34306626607489266
0.4742622784366824	0.0	-0.3345445137818935
0.4757631084317352	0.0	-0.32601867609769136
0.477263938426788	0.0	-0.317488917905271
0.47876476842184074	0.0	-0.30895540196815297
0.48026559841689354	0.0	-0.3004182988745249
0.48176642841194633	0.0	-0.29187778956311855
0.4832672584069992	0.0	-0.2833340377093311
0.484768088402052	0.0	-0.27478719746352775
0.4862689183971048	0.0	-0.26623744961660345
0.4877697483921575	0.0	-0.25768496019754716
0.48927057838721033	0.0	-0.24912988887691814
0.49077140838226313	0.0	-0.24057242114047805
0.49227223837731593	0.0	-0.23201271662198417
0.49377306837236873	0.0	-0.22345092950860374
0.4952738983674215	0.0	-0.21488723537906507
0.49677472836247427	0.0	-0.20632180855516827
0.49827555835752707	0.0	-0.19775481389515384
0.49977638835257987	0.0	-0.1891864014830397
0.5012772183476327	0.0	-0.1806167498671639
0.5027780483426855	0.0	-0.1720460379285251
0.5042788783377382	0.0	-0.16347440854256617
0.5057797083327911	0.0	-0.1549020371401045
0.5072805383278438	0.0	-0.146329099854266
0.5087813683228967	0.0	-0.13775573704689612
0.5102821983179494	0.0	-0.12918212655155967
0.5117830283130022	0.0	-0.12060844151941923
0.513283858308055	0.0	-0.11203483373496863
0.5147846883031078	0.0	-0.10346147733511014
0.5162855182981606	0.0	-0.09488853853365666
0.5177863482932135	0.0	-0.08631616793214777
0.5192871782882661	0.0	-0.07774452989604662
0.520788008283319	0.0	-0.06917379480400962
0.5222888382783718	0.0	-0.06060412737879398
0.5237896682734245	0.0	-0.05203568907783644
0.5252904982684774	0.0	-0.04346863789600167
0.5267913282635301	0.0	-0.034903146516197255
0.5282921582585829	0.0	-0.026339375668881032
0.5297929882536357	0.0	-0.017777476904345356
0.5312938182486885	0.0	-0.00921761161836966
0.5327946482437413	0.0	-0.0006599457537632903
0.5342954782387941	0.0	0.007895350236954339
0.5357963082338468	0.0	0.016448121045134077
0.5372971382288997	0.0	0.024998212002889018
0.5387979682239524	0.0	0.033545456292705
0.5402987982190053	0.0	0.042089694120597224
0.5417996282140581	0.0	0.05063076433726741
0.5433004582091109	0.0	0.059168506507968524
0.5448012882041636	0.0	0.06770276676580343
0.5463021181992164	0.0	0.07623338232258131
0.5478029481942692	0.0	0.08476019020525045
0.5493037781893221	0.0	0.09328303245593313
0.5508046081843748	0.0	0.10180175533082483
0.5523054381794276	0.0	0.11031619938106617
0.5538062681744804	0.0	0.11882620260706546
0.5553070981695332	0.0	0.12733160622535886
0.556807928164586	0.0	0.13583224983822326
0.5583087581596388	0.0	0.1443279837805921
0.5598095881546916	0.0	0.1528186489115595
0.5613104181497444	0.0	0.16130408498135018
0.5628112481447971	0.0	0.16978413503014284
0.56431207813985	0.0	0.17825864203645875
0.5658129081349027	0.0	0.18672745690209364
0.5673137381299556	0.0	0.19519041229190073
0.5688145681250083	0.0	0.20364735138165285
0.570315398120061	0.0	0.21209813203512876
0.5718162281151139	0.0	0.2205425941626328
0.5733170581101668	0.0	0.22898057336171496
0.5748178881052195	0.0	0.23741191988112897
0.5763187181002724	0.0	0.24583648108612458
0.5778195480953251	0.0	0.254254097182717
0.5793203780903778	0.0	0.2626646177295572
0.5808212080854307	0.0	0.27106789212506843
0.5823220380804834	0.0	0.2794637643089525
0.5838228680755363	0.0	0.28785207387124356
0.585323698070589	0.0	0.29623266781978635
0.5868245280656418	0.0	0.3046053993728334
0.5883253580606946	0.0	0.31297011352991083
0.5898261880557474	0.0	0.3213266584202344
0.5913270180508002	0.0	0.3296748794620967
0.592827848045853	0.0	0.3380146239715549
0.5943286780409057	0.0	0.3463457429735342
0.5958295080359586	0.0	0.35466807968064656
0.5973303380310114	0.0	0.36298148653500995
0.5988311680260642	0.0	0.37128581270092015
0.600331998021117	0.0	0.37958090273413386
0.6018328280161698	0.0	0.3878666084112625
0.6033336580112225	0.0	0.3961427792046665
0.6048344880062754	0.0	0.4044092596701394
0.6063353180013281	0.0	0.412665907055368
0.607836147996381	0.0	0.42091257377772595
0.6093369779914337	0.0	0.42914909526221906
0.6108378079864865	0.0	0.43737533155367353
0.6123386379815393	0.0	0.445591137743362
0.6138394679765921	0.0	0.45379635353216863
0.6153402979716449	0.0	0.46199083836103344
0.6168411279666978	0.0	0.47017444733358266
0.6183419579617504	0.0	0.4783470170948371
0.6198427879568033	0.0	0.48650840181180216
0.6213436179518561	0.0	0.4946584668894554
0.6228444479469089	0.0	0.5027970578324541
0.6243452779419617	0.0	0.5109240286969537
0.6258461079370145	0.0	0.5190392287951238
0.6273469379320672	0.0	0.5271425014752076
0.62884776792712	0.0	0.5352337137070273
0.6303485979221728	0.0	0.5433127218387839
0.6318494279172256	0.0	0.5513793643636997
0.6333502579122784	0.0	0.5594335012896142
0.6348510879073311	0.0	0.567474995248999
0.636351917902384	0.0	0.5755036892819958
0.6378527478974367	0.0	0.5835194381841291
0.6393535778924896	0.0	0.5915221037992345
0.6408544078875424	0.0	0.5995115370044374
0.6423552378825951	0.0	0.6074875877402791
0.6438560678776479	0.0	0.6154501179737986
0.6453568978727008	0.0	0.6233989840901096
0.6468577278677535	0.0	0.6313340315692363
0.6483585578628064	0.0	0.6392551240416323
0.6498593878578591	0.0	0.6471621247065577
0.6513602178529119	0.0	0.6550548753474107
0.6528610478479647	0.0	0.6629332324477645
0.6543618778430175	0.0	0.6707970688551883
0.6558627078380703	0.0	0.6786462304686578
0.6573635378331231	0.0	0.686480565281757
0.6588643678281758	0.0	0.6942999495183371
0.6603651978232287	0.0	0.7021042374934248
0.6618660278182814	0.0	0.7098932778413669
0.6633668578133343	0.0	0.7176669288448935
0.6648676878083871	0.0	0.7254250512635669
0.6663685178034398	0.0	0.7331675077790145
0.6678693477984926	0.0	0.7408941485535885
0.6693701777935454	0.0	0.748604841210338
0.6708710077885982	0.0	0.7562994443030336
0.6723718377836511	0.0	0.7639778082774219
0.6738726677787038	0.0	0.7716398033687194
0.6753734977737565	0.0	0.7792852843108679
0.6768743277688094	0.0	0.786914108634985
0.6783751577638621	0.0	0.7945261445307236
0.679875987758915	0.0	0.8021212456230077
0.6813768177539677	0.0	0.8096992736818098
0.6828776477490205	0.0	0.8172600913764775
0.6843784777440733	0.0	0.8248035565953858
0.6858793077391261	0.0	0.8323295354705282
0.6873801377341789	0.0	0.8398378821443138
0.6888809677292317	0.0	0.8473284683182706
0.6903817977242845	0.0	0.8548011572533157
0.6918826277193373	0.0	0.8622557966597875
0.69338345771439	0.0	0.8696922631310733
0.6948842877094429	0.0	0.8771104178948428
0.6963851177044957	0.0	0.8845101150689825
0.6978859476995485	0.0	0.8918912239891492
0.6993867776946012	0.0	0.8992536110830471
0.7008876076896541	0.0	0.9065971386380596
0.7023884376847068	0.0	0.9139216692496711
0.7038892676797597	0.0	0.9212270670166645
0.7053900976748124	0.0	0.9285131961486727
0.7068909276698653	0.0	0.9357799240591768
0.708391757664918	0.0	0.9430271172620606
0.7098925876599708	0.0	0.9502546377983002
0.7113934176550236	0.0	0.9574623505676683
0.7128942476500764	0.0	0.9646501257437244
0.7143950776451292	0.0	0.9718178284356613
0.715895907640182	0.0	0.9789653231365433
0.7173967376352347	0.0	0.9860924762494041
0.7188975676302876	0.0	0.9931991535365527
0.7203983976253404	0.0	1.0002852310492218
0.7218992276203932	0.0	1.0073505726890535
0.723400057615446	0.0	1.014395041716928
0.7249008876104988	0.0	1.0214185131859848
0.7264017176055515	0.0	1.0284208480158659
0.7279025476006044	0.0	1.0354019183271617
0.7294033775956571	0.0	1.0423615968318103
0.73090420759071	0.0	1.0492997496493779
0.7324050375857627	0.0	1.0562162503297423
0.7339058675808154	0.0	1.0631109638836
0.7354066975758683	0.0	1.0699837601641669
0.736907527570921	0.0	1.0768345174282818
0.7384083575659739	0.0	1.0836631075870415
0.7399091875610266	0.0	1.0904693919421633
0.7414100175560794	0.0	1.0972532424169124
0.7429108475511322	0.0	1.104014540126999
0.7444116775461851	0.0	1.1107531544697369
0.7459125075412378	0.0	1.1174689566290958
0.7474133375362907	0.0	1.1241618226810899
0.7489141675313434	0.0	1.1308316256457214
0.7504149975263962	0.0	1.1374782371259113
0.751915827521449	0.0	1.1441015323474173
0.7534166575165018	0.0	1.1507013856733868
0.7549174875115546	0.0	1.1572776686574366
0.7564183175066074	0.0	1.1638302603944577
0.7579191475016601	0.0	1.17035904286277
0.759419977496713	0.0	1.1768638849420179
0.7609208074917657	0.0	1.1833446612541836
0.7624216374868186	0.0	1.1898012520401249
0.7639224674818714	0.0	1.1962335336344312
0.7654232974769241	0.0	1.2026413873500272
0.7669241274719769	0.0	1.209024687759518
0.7684249574670298	0.0	1.2153833149312165
0.7699257874620825	0.0	1.221717145951399
0.7714266174571354	0.0	1.2280260578448685
0.772927447452188	0.0	1.234309937444818
0.7744282774472409	0.0	1.2405686620716514
0.7759291074422937	0.0	1.2468021131861298
0.7774299374373463	0.0	1.2530101700432603
0.7789307674323993	0.0	1.2591927106289529
0.780431597427452	0.0	1.2653496211848676
0.7819324274225049	0.0	1.2714807865973143
0.7834332574175576	0.0	1.2775860915800583
0.7849340874126104	0.0	1.2836654109890986
0.7864349174076632	0.0	1.2897186291069695
0.787935747402716	0.0	1.2957456362416784
0.7894365773977688	0.0	1.3017463146549213
0.7909374073928216	0.0	1.3077205542850026
0.7924382373878744	0.0	1.3136682361367453
0.7939390673829272	0.0	1.319589240463287
0.7954398973779799	0.0	1.325483463585865
0.7969407273730328	0.0	1.3313507966258118
0.7984415573680855	0.0	1.3371911179263132
0.7999423873631384	0.0	1.343004310500677
0.8014432173581911	0.0	1.3487902749705607
0.8029440473532439	0.0	1.3545489045151033
0.8044448773482967	0.0	1.3602800767258785
0.8059457073433495	0.0	1.3659836838700747
0.8074465373384024	0.0	1.3716596224784612
0.8089473673334551	0.0	1.3773077851879665
0.8104481973285078	0.0	1.3829280571559226
0.8119490273235607	0.0	1.388520328788981
0.8134498573186134	0.0	1.3940845033087792
0.8149506873136664	0.0	1.3996204752128942
0.816451517308719	0.0	1.4051281336264532
0.8179523473037718	0.0	1.410607369584461
0.8194531772988247	0.0	1.4160580836346932
0.8209540072938774	0.0	1.4214801730225624
0.8224548372889303	0.0	1.426873529584063
0.8239556672839831	0.0	1.4322380536081547
0.8254564972790359	0.0	1.437573646850182
0.8269573272740887	0.0	1.44288020277266
0.8284581572691414	0.0	1.4481576212086649
0.8299589872641943	0.0	1.4534058051087753
0.831459817259247	0.0	1.4586246522975088
0.8329606472542999	0.0	1.4638140635691037
0.8344614772493526	0.0	1.4689739409992675
0.8359623072444053	0.0	1.474104189966033
0.8374631372394582	0.0	1.4792047135432196
0.8389639672345109	0.0	1.484275410146822
0.8404647972295638	0.0	1.4893161836515936
0.8419656272246165	0.0	1.4943269487511792
0.8434664572196693	0.0	1.4993076015573041
0.8449672872147221	0.0	1.5042580452916243
0.8464681172097749	0.0	1.5091782041728352
0.8479689472048277	0.0	1.5140679763212395
0.8494697771998805	0.0	1.5189272634304871
0.8509706071949332	0.0	1.5237559834103143
0.8524714371899861	0.0	1.5285540449657502
0.8539722671850388	0.0	1.5333213547686695
0.8554730971800917	0.0	1.538057825245416
0.8569739271751444	0.0	1.542763370645976
0.8584747571701972	0.0	1.5474379090156056
0.85997558716525	0.0	1.5520813505133475
0.8614764171603028	0.0	1.5566936001845557
0.8629772471553557	0.0	1.5612745802270502
0.8644780771504084	0.0	1.565824208439606
0.8659789071454613	0.0	1.5703423980617994
0.8674797371405141	0.0	1.5748290676934322
0.8689805671355667	0.0	1.579284134837513
0.8704813971306197	0.0	1.5837075200037396
0.8719822271256723	0.0	1.5880991419643655
0.8734830571207253	0.0	1.5924589195039238
0.874983887115778	0.0	1.5967867746477458
0.8764847171108306	0.0	1.6010826348428793
0.8779855471058836	0.0	1.6053464146720633
0.8794863771009364	0.0	1.6095780331662572
0.8809872070959892	0.0	1.6137774287392739
0.882488037091042	0.0	1.6179445223937177
0.8839888670860947	0.0	1.6220792359576504
0.8854896970811476	0.0	1.6261814973833797
0.8869905270762003	0.0	1.6302512323189624
0.8884913570712532	0.0	1.634288375198081
0.8899921870663059	0.0	1.6382928558090029
0.8914930170613586	0.0	1.6422645957580706
0.8929938470564115	0.0	1.6462035281975163
0.8944946770514642	0.0	1.6501095937961188
0.8959955070465171	0.0	1.653982718325083
0.8974963370415698	0.0	1.6578228313262322
0.8989971670366227	0.0	1.6616298712133795
0.9004979970316754	0.0	1.6654037742808547
0.9019988270267282	0.0	1.6691444801500588
0.903499657021781	0.0	1.6728519200509737
0.9050004870168338	0.0	1.676526026938617
0.9065013170118867	0.0	1.6801667541612517
0.9080021470069394	0.0	1.6837740303858666
0.9095029770019921	0.0	1.6873477872367062
0.911003806997045	0.0	1.6908879871065126
0.9125046369920977	0.0	1.694394566486812
0.9140054669871507	0.0	1.6978674592814855
0.9155062969822033	0.0	1.7013066123573295
0.9170071269772561	0.0	1.7047119657176717
0.918507956972309	0.0	1.7080834740169517
0.9200087869673617	0.0	1.711421090504844
0.9215096169624146	0.0	1.7147247477297862
0.9230104469574674	0.0	1.7179943964770115
0.92451127695252	0.0	1.7212299956027892
0.926012106947573	0.0	1.7244314859114378
0.9275129369426257	0.0	1.7275988179047583
0.9290137669376786	0.0	1.7307319515726898
0.9305145969327313	0.0	1.7338308338559656
0.932015426927784	0.0	1.7368954174374163
0.9335162569228369	0.0	1.7399256618510608
0.9350170869178897	0.0	1.7429215168963552
0.9365179169129425	0.0	1.745882943721504
0.9380187469079952	0.0	1.7488099072329757
0.9395195769030481	0.0	1.7517023503791116
0.9410204068981008	0.0	1.7545602314370214
0.9425212368931536	0.0	1.7573835246780154
0.9440220668882064	0.0	1.7601721889090967
0.9455228968832592	0.0	1.7629261835040566
0.947023726878312	0.0	1.7656454647561535
0.9485245568733648	0.0	1.768329996031552
0.9500253868684175	0.0	1.770979754743744
0.9515262168634704	0.0	1.7735947065138606
0.9530270468585231	0.0	1.7761748074626433
0.954527876853576	0.0	1.7787200241970271
0.9560287068486287	0.0	1.7812303330460924
0.9575295368436815	0.0	1.78370570326604
0.9590303668387343	0.0	1.7861461008353594
0.9605311968337871	0.0	1.7885514972035792
0.96203202682884	0.0	1.7909218656438977
0.9635328568238927	0.0	1.7932571817953842
0.9650336868189454	0.0	1.7955574177976144
0.9665345168139984	0.0	1.7978225475275897
0.968035346809051	0.0	1.8000525481892984
0.969536176804104	0.0	1.802247394263508
0.9710370067991567	0.0	1.8044070705077038
0.9725378367942096	0.0	1.806531555074673
0.9740386667892623	0.0	1.8086208166537638
0.975539496784315	0.0	1.8106748402242816
0.9770403267793679	0.0	1.8126936142526542
0.9785411567744207	0.0	1.8146771157333847
0.9800419867694735	0.0	1.816625326466638
0.9815428167645263	0.0	1.8185382363112537
0.983043646759579	0.0	1.8204158266854127
0.9845444767546319	0.0	1.8222580824574788
0.9860453067496846	0.0	1.8240649946445933
0.9875461367447375	0.0	1.8258365478933363
0.9890469667397902	0.0	1.8275727269981337
0.990547796734843	0.0	1.8292735273135245
0.9920486267298958	0.0	1.8309389458945415
0.9935494567249485	0.0	1.83256896396217
0.9950502867200014	0.0	1.8341635703401973
0.9965511167150541	0.0	1.8357227669016059
0.9980519467101069	0.0	1.8372465499250998
0.9995527767051597	0.0	1.8387349118694991
1.0010536067002125	0.0	1.8401878416818307
1.0025544366952654	0.0	1.84160534022464
1.0040552666903182	0.0	1.8429874111576021
1.005556096685371	0.0	1.844334048344293
1.0070569266804237	0.0	1.8456452491723965
1.0085577566754764	0.0	1.8469210175603865
1.0100585866705294	0.0	1.848161355368883
1.0115594166655821	0.0	1.8493662622405547
1.0130602466606349	0.0	1.850535740750749
1.0145610766556876	0.0	1.8516697955572161
1.0160619066507404	0.0	1.8527684314902693
1.0175627366457933	0.0	1.8538316533185968
1.019063566640846	0.0	1.8548594662790998
1.0205643966358988	0.0	1.85585188030345
1.0220652266309516	0.0	1.8568089051508208
1.0235660566260043	0.0	1.8577305452695099
1.0250668866210573	0.0	1.8586168175162494
1.02656771661611	0.0	1.8594677296663242
1.0280685466111628	0.0	1.8602832807832475
1.0295693766062155	0.0	1.8610634952279588
1.0310702066012682	0.0	1.8618083947983761
1.0325710365963212	0.0	1.862517975933399
1.034071866591374	0.0	1.863192254738092
1.035572696586427	0.0	1.8638312594671929
1.0370735265814794	0.0	1.8644349950372638
1.0385743565765322	0.0	1.8650034795988553
1.0400751865715852	0.0	1.8655367433043117
1.041576016566638	0.0	1.8660347954692038
1.0430768465616909	0.0	1.8664976486621472
1.0445776765567436	0.0	1.866925332961559
1.0460785065517963	0.0	1.867317866739791
1.047579336546849	0.0	1.8676752690838896
1.0490801665419018	0.0	1.8679975704665859
1.0505809965369548	0.0	1.8682847916260958
1.0520818265320075	0.0	1.8685369495546948
1.0535826565270603	0.0	1.8687540695251486
1.055083486522113	0.0	1.8689361829466746
1.0565843165171658	0.0	1.869083316299619
1.0580851465122187	0.0	1.8691954940434914
1.0595859765072715	0.0	1.8692727414757115
1.0610868065023242	0.0	1.8693150893770605
1.062587636497377	0.0	1.8693225743690292
1.0640884664924297	0.0	1.8692952205784321
1.0655892964874827	0.0	1.8692330530562418
1.0670901264825354	0.0	1.8691361055775293
1.0685909564775882	0.0	1.8690044145789568
1.070091786472641	0.0	1.8688380131085836
1.0715926164676937	0.0	1.8686369284969877
1.0730934464627466	0.0	1.8684011956035906
1.0745942764577994	0.0	1.8681308545493827
1.0760951064528521	0.0	1.8678259428184076
1.0775959364479049	0.0	1.8674864898483317
1.0790967664429576	0.0	1.867112528329877
1.0805975964380106	0.0	1.8667041033991543
1.0820984264330633	0.0	1.8662612548814217
1.0835992564281163	0.0	1.8657840149375464
1.0851000864231688	0.0	1.8652724225055886
1.0866009164182218	0.0	1.8647265200107839
1.0881017464132745	0.0	1.8641463540432615
1.0896025764083273	0.0	1.863531961766689
1.0911034064033802	0.0	1.8628833771656155
1.0926042363984327	0.0	1.8622006501448332
1.0941050663934857	0.0	1.8614838254584682
1.0956058963885384	0.0	1.860732940085356
1.0971067263835912	0.0	1.8599480365246654
1.0986075563786442	0.0	1.8591291732204536
1.100108386373697	0.0	1.8582763882359064
1.1016092163687496	0.0	1.8573897140522704
1.1031100463638024	0.0	1.8564692148434097
1.1046108763588551	0.0	1.8555149370762307
1.106111706353908	0.0	1.8545269176802848
1.1076125363489608	0.0	1.853505206166052
1.1091133663440136	0.0	1.8524498563198102
1.1106141963390663	0.0	1.8513609193525045
1.112115026334119	0.0	1.8502384381452905
1.113615856329172	0.0	1.849082466484442
1.1151166863242248	0.0	1.8478930568993757
1.1166175163192775	0.0	1.846670255240892
1.1181183463143303	0.0	1.8454141132251427
1.1196191763093832	0.0	1.844124685747405
1.121120006304436	0.0	1.8428020262119598
1.1226208362994887	0.0	1.8414461897235572
1.1241216662945415	0.0	1.8400572284296364
1.1256224962895942	0.0	1.8386351860615722
1.1271233262846472	0.0	1.837180129183734
1.1286241562797	0.0	1.835692115303696
1.1301249862747527	0.0	1.8341711916646672
1.1316258162698054	0.0	1.832617415244365
1.1331266462648582	0.0	1.8310308405930378
1.1346274762599111	0.0	1.8294115336219805
1.1361283062549639	0.0	1.8277595467620282
1.1376291362500166	0.0	1.8260749324933199
1.1391299662450696	0.0	1.8243577525745633
1.140630796240122	0.0	1.8226080664725552
1.142131626235175	0.0	1.8208259373137912
1.1436324562302278	0.0	1.819011417997352
1.1451332862252805	0.0	1.8171645645398158
1.1466341162203335	0.0	1.8152854430619583
1.1481349462153863	0.0	1.8133741184523338
1.149635776210439	0.0	1.8114306486990785
1.1511366062054917	0.0	1.8094550870093336
1.1526374362005447	0.0	1.8074474972119394
1.1541382661955975	0.0	1.8054079488162607
1.1556390961906502	0.0	1.8033365062795743
1.157139926185703	0.0	1.8012332229815329
1.1586407561807557	0.0	1.7990981597197333
1.1601415861758086	0.0	1.7969313874575488
1.1616424161708614	0.0	1.7947329696541585
1.1631432461659141	0.0	1.7925029685858334
1.1646440761609669	0.0	1.7902414487344707
1.1661449061560196	0.0	1.7879484797696386
1.1676457361510726	0.0	1.7856241185581627
1.1691465661461253	0.0	1.7832684310482882
1.170647396141178	0.0	1.7808814929844252
1.1721482261362308	0.0	1.778463357598329
1.1736490561312836	0.0	1.7760140978618943
1.1751498861263365	0.0	1.7735337796494661
1.1766507161213893	0.0	1.7710224658903764
1.178151546116442	0.0	1.7684802368142687
1.1796523761114948	0.0	1.7659071494727927
1.1811532061065475	0.0	1.7633032667090265
1.1826540361016005	0.0	1.7606686657213748
1.1841548660966532	0.0	1.7580034195926375
1.185655696091706	0.0	1.755307587654054
1.187156526086759	0.0	1.7525812323420773
1.1886573560818114	0.0	1.7498244336522513
1.1901581860768644	0.0	1.7470372653573958
1.1916590160719172	0.0	1.7442197908057937
1.1931598460669701	0.0	1.741372077757081
1.1946606760620229	0.0	1.7384941972978518
1.1961615060570754	0.0	1.7355862225232237
1.1976623360521284	0.0	1.7326482228070261
1.199163166047181	0.0	1.7296802683979609
1.200663996042234	0.0	1.7266824376403718
1.2021648260372868	0.0	1.7236547954721217
1.2036656560323395	0.0	1.7205974118831424
1.2051664860273923	0.0	1.7175103630614095
1.206667316022445	0.0	1.7143937191200764
1.208168146017498	0.0	1.7112475524888553
1.2096689760125507	0.0	1.7080719341434818
1.2111698060076035	0.0	1.7048669432169175
1.2126706360026562	0.0	1.7016326509806
1.214171465997709	0.0	1.6983691241098082
1.215672295992762	0.0	1.695076439950803
1.2171731259878147	0.0	1.6917546758005677
1.2186739559828674	0.0	1.688403904778853
1.2201747859779202	0.0	1.685024199389326
1.221675615972973	0.0	1.6816156343782942
1.2231764459680259	0.0	1.6781782844303983
1.2246772759630786	0.0	1.674712225819896
1.2261781059581316	0.0	1.6712175298305691
1.2276789359531841	0.0	1.6676942690523013
1.2291797659482369	0.0	1.6641425280521616
1.2306805959432898	0.0	1.6605623857782967
1.2321814259383426	0.0	1.6569539071931756
1.2336822559333955	0.0	1.6533171669938294
1.235183085928448	0.0	1.649652250006097
1.2366839159235008	0.0	1.6459592313582228
1.2381847459185538	0.0	1.6422381856609471
1.2396855759136065	0.0	1.6384891877345242
1.2411864059086595	0.0	1.6347123148882454
1.2426872359037122	0.0	1.6309076509991043
1.2441880658987647	0.0	1.627075272402988
1.2456888958938177	0.0	1.6232152483628213
1.2471897258888704	0.0	1.6193276574940163
1.2486905558839234	0.0	1.6154125865200473
1.2501913858789762	0.0	1.6114701133293474
1.251692215874029	0.0	1.6075003116577864
1.2531930458690816	0.0	1.603503258321786
1.2546938758641344	0.0	1.5994790368163758
1.2561947058591874	0.0	1.5954277244878339
1.25769553585424	0.0	1.59134939956959
1.2591963658492928	0.0	1.5872441447680927
1.2606971958443456	0.0	1.583112035926304
1.2621980258393983	0.0	1.5789531542226662
1.2636988558344513	0.0	1.5747675778906465
1.265199685829504	0.0	1.5705553912878467
1.2667005158245568	0.0	1.5663166752723656
1.2682013458196095	0.0	1.5620515043316854
1.2697021758146623	0.0	1.5577599619608535
1.2712030058097152	0.0	1.5534421328378347
1.272703835804768	0.0	1.54909809687192
1.2742046657998207	0.0	1.544727933664335
1.2757054957948735	0.0	1.5403317275110249
1.2772063257899262	0.0	1.535909559898534
1.2787071557849792	0.0	1.5314615093930082
1.280207985780032	0.0	1.5269876524905068
1.2817088157750849	0.0	1.5224880800300615
1.2832096457701374	0.0	1.5179628813597417
1.2847104757651902	0.0	1.5134121318665708
1.2862113057602431	0.0	1.5088359105479991
1.2877121357552959	0.0	1.504234305458292
1.2892129657503488	0.0	1.4996074058592275
1.2907137957454016	0.0	1.4949552854250552
1.292214625740454	0.0	1.4902780268991735
1.293715455735507	0.0	1.4855757198021586
1.2952162857305598	0.0	1.480848450487781
1.2967171157256128	0.0	1.4760963063941763
1.2982179457206655	0.0	1.471319364744346
1.2997187757157183	0.0	1.466517713346129
1.301219605710771	0.0	1.4616914384547437
1.3027204357058237	0.0	1.4568406196713612
1.3042212657008767	0.0	1.4519653469724774
1.3057220956959295	0.0	1.4470657103839286
1.3072229256909822	0.0	1.4421417957912122
1.308723755686035	0.0	1.437193683571818
1.3102245856810877	0.0	1.4322214601781607
1.3117254156761406	0.0	1.4272252211686431
1.3132262456711934	0.0	1.4222050501861687
1.3147270756662461	0.0	1.4171610304793405
1.3162279056612989	0.0	1.4120932517904903
1.3177287356563516	0.0	1.4070017991549695
1.3192295656514046	0.0	1.4018867690800074
1.3207303956464573	0.0	1.396748249595162
1.32223122564151	0.0	1.391586320461905
1.3237320556365628	0.0	1.386401076622529
1.3252328856316156	0.0	1.3811926069445126
1.3267337156266685	0.0	1.3759609983115388
1.3282345456217213	0.0	1.3707063413654434
1.3297353756167742	0.0	1.3654287294590413
1.3312362056118268	0.0	1.3601282521375415
1.3327370356068795	0.0	1.3548049954096633
1.3342378656019325	0.0	1.3494590606129675
1.3357386955969852	0.0	1.3440905353211292
1.3372395255920382	0.0	1.3386994973486632
1.3387403555870907	0.0	1.3332860468624745
1.3402411855821437	0.0	1.3278502852247578
1.3417420155771964	0.0	1.322392301241427
1.3432428455722492	0.0	1.3169121798491707
1.3447436755673021	0.0	1.3114100181220254
1.3462445055623549	0.0	1.305885915561593
1.3477453355574076	0.0	1.3003399542951244
1.3492461655524604	0.0	1.2947722317293724
1.350746995547513	0.0	1.2891828521098876
1.352247825542566	0.0	1.2835718964303073
1.3537486555376188	0.0	1.2779394650793847
1.3552494855326715	0.0	1.2722856651121262
1.3567503155277243	0.0	1.2666105769307106
1.358251145522777	0.0	1.260914293542864
1.35975197551783	0.0	1.2551969189107617
1.3612528055128827	0.0	1.249458548297095
1.3627536355079355	0.0	1.2436992817209327
1.3642544655029882	0.0	1.237919217771981
1.365755295498041	0.0	1.2321184474864317
1.367256125493094	0.0	1.2262970671374047
1.3687569554881467	0.0	1.2204551827694972
1.3702577854831994	0.0	1.2145928953012814
1.3717586154782522	0.0	1.2087102917273274
1.3732594454733051	0.0	1.202807473237285
1.3747602754683579	0.0	1.196884549350603
1.3762611054634106	0.0	1.1909416151204975
1.3777619354584634	0.0	1.1849787743119842
1.3792627654535161	0.0	1.1789961236171722
1.380763595448569	0.0	1.172993755107296
1.3822644254436218	0.0	1.166971782811717
1.3837652554386746	0.0	1.1609303133048892
1.3852660854337275	0.0	1.154869439680829
1.38676691542878	0.0	1.1487892637330173
1.388267745423833	0.0	1.1426898923069668
1.3897685754188858	0.0	1.1365714306956431
1.3912694054139385	0.0	1.1304339808896495
1.3927702354089915	0.0	1.1242776432777204
1.3942710654040442	0.0	1.1181025202817454
1.395771895399097	0.0	1.1119087236514682
1.3972727253941497	0.0	1.105696366048547
1.3987735553892024	0.0	1.0994655423660074
1.4002743853842554	0.0	1.093216359991535
1.4017752153793082	0.0	1.0869489296645012
1.403276045374361	0.0	1.0806633500239347
1.4047768753694136	0.0	1.0743597330289814
1.4062777053644664	0.0	1.0680381912550825
1.4077785353595194	0.0	1.0616988322994176
1.409279365354572	0.0	1.0553417611715037
1.4107801953496248	0.0	1.0489670862079454
1.4122810253446776	0.0	1.0425749182342383
1.4137818553397306	0.0	1.0361653669423745
1.4152826853347833	0.0	1.0297385480252974
1.416783515329836	0.0	1.0232945679711516
1.4182843453248888	0.0	1.0168335336747898
1.4197851753199415	0.0	1.0103555645503401
1.4212860053149945	0.0	1.003860769328652
1.4227868353100472	0.0	0.9973492555330612
1.4242876653051	0.0	0.9908211478145692
1.4257884953001527	0.0	0.9842765577381148
1.4272893252952055	0.0	0.9777155883417352
1.4287901552902584	0.0	0.9711383561068985
1.4302909852853112	0.0	0.9645449769729182
1.431791815280364	0.0	0.9579355746174102
1.4332926452754169	0.0	0.9513102646839401
1.4347934752704694	0.0	0.9446691519109838
1.4362943052655224	0.0	0.9380123556511228
1.4377951352605751	0.0	0.9313400004444725
1.4392959652556279	0.0	0.9246521984474669
1.4407967952506808	0.0	0.9179490629748243
1.4422976252457334	0.0	0.9112307222017386
1.4437984552407863	0.0	0.9044972886049886
1.445299285235839	0.0	0.8977488798612762
1.446800115230892	0.0	0.890985621718415
1.4483009452259448	0.0	0.884207626419019
1.4498017752209975	0.0	0.877415019008519
1.4513026052160503	0.0	0.8706079218706899
1.452803435211103	0.0	0.8637864540623655
1.454304265206156	0.0	0.8569507399389111
1.4558050952012087	0.0	0.8501008961173153
1.4573059251962615	0.0	0.8432370462136106
1.4588067551913142	0.0	0.8363593209907105
1.460307585186367	0.0	0.8294678410210271
1.46180841518142	0.0	0.8225627254722442
1.4633092451764727	0.0	0.8156440995007168
1.4648100751715254	0.0	0.8087120896181871
1.4663109051665781	0.0	0.8017668216216243
1.4678117351616309	0.0	0.7948084259535979
1.4693125651566838	0.0	0.7878370229647459
1.4708133951517366	0.0	0.7808527344350308
1.4723142251467893	0.0	0.7738556966723785
1.473815055141842	0.0	0.7668460354615154
1.4753158851368948	0.0	0.7598238770553121
1.4768167151319478	0.0	0.7527893473618096
1.4783175451270005	0.0	0.74574257881969
1.4798183751220533	0.0	0.738683706874195
1.481319205117106	0.0	0.7316128511243877
1.4828200351121588	0.0	0.7245301363568639
1.4843208651072117	0.0	0.717435699631125
1.4858216951022645	0.0	0.710329680557404
1.4873225250973174	0.0	0.7032122079023908
1.4888233550923702	0.0	0.6960834017825961
1.4903241850874227	0.0	0.6889434009702763
1.4918250150824757	0.0	0.6817923421429309
1.4933258450775284	0.0	0.6746303526010496
1.4948266750725814	0.0	0.6674575725461762
1.4963275050676341	0.0	0.6602741302767824
1.4978283350626869	0.0	0.6530801553481943
1.4993291650577396	0.0	0.6458757880852704
1.5008299950527924	0.0	0.6386611648205327
1.5023308250478453	0.0	0.6314364251148739
1.503831655042898	0.0	0.6242016950857553
1.5053324850379508	0.0	0.6169571096609339
1.5068333150330036	0.0	0.6097028169528744
1.5083341450280563	0.0	0.6024389488580669
1.5098349750231093	0.0	0.5951656426333009
1.511335805018162	0.0	0.5878830344507968
1.5128366350132147	0.0	0.5805912622818955
1.5143374650082675	0.0	0.5732904649113181
1.5158382950033202	0.0	0.565980777722612
1.5173391249983732	0.0	0.5586623462530244
1.518839954993426	0.0	0.5513353092625317
1.5203407849884787	0.0	0.5439998036380541
1.5218416149835314	0.0	0.5366559725756374
1.5233424449785842	0.0	0.5293039555499204
1.5248432749736371	0.0	0.5219438941056659
1.5263441049686899	0.0	0.5145759300587142
1.5278449349637429	0.0	0.5072001971046383
1.5293457649587954	0.0	0.4998168444896274
1.5308465949538481	0.0	0.49242602014124837
1.532347424948901	0.0	0.4850278582849867
1.5338482549439538	0.0	0.4776225047290928
1.5353490849390068	0.0	0.4702100996382346
1.5368499149340595	0.0	0.46279078233921433
1.538350744929112	0.0	0.4553647082761643
1.539851574924165	0.0	0.44793202185271797
1.5413524049192178	0.0	0.44049286207522226
1.5428532349142707	0.0	0.4330473705500602
1.5443540649093235	0.0	0.42559569398507935
1.545854894904376	0.0	0.4181379846575508
1.547355724899429	0.0	0.41067437849339905
1.5488565548944817	0.0	0.40320502191700347
1.5503573848895347	0.0	0.395730072516594
1.5518582148845874	0.0	0.38824966798015415
1.5533590448796402	0.0	0.3807639539063663
1.5548598748746927	0.0	0.3732730826958902
1.5563607048697456	0.0	0.36577719197508907
1.5578615348647986	0.0	0.3582764382971126
1.5593623648598514	0.0	0.3507709710806201
1.560863194854904	0.0	0.34326092754530324
1.5623640248499568	0.0	0.3357464644291725
1.5638648548450098	0.0	0.328227728600192
1.5653656848400623	0.0	0.32070486813387633
1.5668665148351153	0.0	0.3131780302432411
1.568367344830168	0.0	0.3056473598863173
1.5698681748252208	0.0	0.2981130138503451
1.5713690048202735	0.0	0.2905751391388459
1.5728698348153265	0.0	0.2830338860577225
1.5743706648103795	0.0	0.2754894053194014
1.575871494805432	0.0	0.2679418388875597
1.5773723248004847	0.0	0.26039133986531365
1.5788731547955377	0.0	0.2528380623783212
1.5803739847905902	0.0	0.24528215567262351
1.5818748147856432	0.0	0.2377237788768469
1.5833756447806961	0.0	0.23016307145331372
1.584876474775749	0.0	0.22260017232215437
1.5863773047708014	0.0	0.21503525102412252
1.5878781347658544	0.0	0.20746845967644678
1.5893789647609073	0.0	0.19989993982388982
1.5908797947559599	0.0	0.19232984315237517
1.5923806247510128	0.0	0.18475832573451784
1.5938814547460656	0.0	0.17718553994627026
1.595382284741118	0.0	0.16961163391252468
1.596883114736171	0.0	0.16203676386604965
1.598383944731224	0.0	0.15446107549178106
1.5998847747262768	0.0	0.14688471186259822
1.6013856047213293	0.0	0.13930784096661578
1.6028864347163823	0.0	0.1317306195294537
1.6043872647114352	0.0	0.12415318463532021
1.6058880947064877	0.0	0.11657568320148308
1.6073889247015407	0.0	0.10899828002467345
1.6088897546965935	0.0	0.10142113218787928
1.6103905846916464	0.0	0.09384437878377522
1.611891414686699	0.0	0.08626817694465289
1.613392244681752	0.0	0.0786926774939737
1.6148930746768049	0.0	0.07111803134130476
1.6163939046718574	0.0	0.06354439734412086
1.6178947346669101	0.0	0.05597192006609797
1.619395564661963	0.0	0.04840075004719243
1.6208963946570156	0.0	0.0408310470937057
1.6223972246520686	0.0	0.03326296746303964
1.6238980546471213	0.0	0.025696655731223896
1.6253988846421743	0.0	0.018132257928319795
1.6268997146372268	0.0	0.010569929190469262
1.6284005446322798	0.0	0.003009825775074169
1.6299013746273328	0.0	-0.004547903552211005
1.6314022046223853	0.0	-0.012103105811658549
1.632903034617438	0.0	-0.019655627974237127
1.634403864612491	0.0	-0.027205322703727608
1.6359046946075435	0.0	-0.034752031771174786
1.6374055246025965	0.0	-0.042295605449854785
1.6389063545976494	0.0	-0.049835894321108215
1.6404071845927022	0.0	-0.057372744899965376
1.6419080145877547	0.0	-0.06490601691087142
1.6434088445828077	0.0	-0.0724355507447024
1.6449096745778606	0.0	-0.07996119183210469
1.6464105045729132	0.0	-0.08748279804924768
1.6479113345679661	0.0	-0.09500020846853295
1.6494121645630189	0.0	-0.10251327866176779
1.6509129945580718	0.0	-0.11002186262363516
1.6524138245531244	0.0	-0.1175258026179202
1.6539146545481773	0.0	-0.1250249533539311
1.65541548454323	0.0	-0.13251916357704935
1.6569163145382828	0.0	-0.14000828275956126
1.6584171445333356	0.0	-0.147492159117047
1.6599179745283885	0.0	-0.1549706475436016
1.661418804523441	0.0	-0.16244360665461602
1.662919634518494	0.0	-0.16991087380973627
1.6644204645135467	0.0	-0.17737229866614662
1.6659212945085997	0.0	-0.1848277392478533
1.6674221245036522	0.0	-0.1922770516811353
1.6689229544987052	0.0	-0.19972008787808723
1.6704237844937582	0.0	-0.2071566923822971
1.6719246144888107	0.0	-0.21458671915142383
1.6734254444838634	0.0	-0.22201002151453297
1.6749262744789164	0.0	-0.22942645883873852
1.676427104473969	0.0	-0.23683587752818389
1.6779279344690219	0.0	-0.24423812816424662
1.6794287644640746	0.0	-0.2516330805755088
1.6809295944591276	0.0	-0.25902057408077933
1.6824304244541801	0.0	-0.26640045521983263
1.683931254449233	0.0	-0.27377259661835346
1.685432084444286	0.0	-0.2811368469723825
1.6869329144393386	0.0	-0.28849305805856834
1.6884337444343913	0.0	-0.29584109111689705
1.6899345744294443	0.0	-0.30318079345099813
1.6914354044244972	0.0	-0.31051202533986233
1.6929362344195498	0.0	-0.3178346455097305
1.6944370644146027	0.0	-0.325148510937138
1.6959378944096555	0.0	-0.33245348095228583
1.697438724404708	0.0	-0.33974939806544036
1.698939554399761	0.0	-0.34703612425592034
1.700440384394814	0.0	-0.3543135382859551
1.7019412143898665	0.0	-0.36158148839564713
1.7034420443849194	0.0	-0.36883981755123824
1.7049428743799722	0.0	-0.3760883986372477
1.7064437043750251	0.0	-0.38332708924630277
1.7079445343700776	0.0	-0.39055574189434744
1.7094453643651306	0.0	-0.39777422703844645
1.7109461943601834	0.0	-0.4049824028626485
1.712447024355236	0.0	-0.4121801261094726
1.7139478543502888	0.0	-0.419367259164872
1.7154486843453418	0.0	-0.4265436644517501
1.7169495143403943	0.0	-0.4337092047628431
1.7184503443354473	0.0	-0.44086374709256954
1.7199511743305	0.0	-0.44800714520141094
1.721452004325553	0.0	-0.455139261068723
1.7229528343206055	0.0	-0.46225997142348746
1.7244536643156585	0.0	-0.46936913284803267
1.7259544943107115	0.0	-0.476466603107493
1.727455324305764	0.0	-0.4835522540635503
1.7289561543008167	0.0	-0.4906259548671114
1.7304569842958697	0.0	-0.4976875653904584
1.7319578142909227	0.0	-0.5047369505826306
1.7334586442859752	0.0	-0.5117739804446803
1.7349594742810281	0.0	-0.5187985197900526
1.736460304276081	0.0	-0.5258104372644494
1.7379611342711334	0.0	-0.5328096029428232
1.7394619642661864	0.0	-0.5397958803694849
1.7409627942612393	0.0	-0.5467691455588284
1.7424636242562919	0.0	-0.5537292681545007
1.7439644542513446	0.0	-0.5606761000316838
1.7454652842463976	0.0	-0.5676095221706046
1.7469661142414505	0.0	-0.574529419987374
1.748466944236503	0.0	-0.581435652922895
1.749967774231556	0.0	-0.5883280861111051
1.7514686042266088	0.0	-0.5952065941739124
1.7529694342216613	0.0	-0.6020710504269933
1.7544702642167143	0.0	-0.6089213333614628
1.7559710942117672	0.0	-0.6157573216902097
1.75747192420682	0.0	-0.6225788729689484
1.7589727542018727	0.0	-0.6293858615853856
1.7604735841969255	0.0	-0.6361781835774387
1.7619744141919784	0.0	-0.6429557016144926
1.763475244187031	0.0	-0.6497182845393524
1.764976074182084	0.0	-0.6564658172875947
1.7664769041771367	0.0	-0.6631981728915016
1.7679777341721894	0.0	-0.6699152338222819
1.7694785641672421	0.0	-0.676616875416543
1.770979394162295	0.0	-0.6833029743662797
1.772480224157348	0.0	-0.6899734146089381
1.7739810541524006	0.0	-0.6966280665399256
1.7754818841474533	0.0	-0.7032668153043127
1.7769827141425063	0.0	-0.7098895511855104
1.7784835441375588	0.0	-0.7164961439874308
1.7799843741326118	0.0	-0.7230864732115616
1.7814852041276648	0.0	-0.7296604231773504
1.7829860341227173	0.0	-0.7362178772184678
1.78448686411777	0.0	-0.7427587294752152
1.785987694112823	0.0	-0.7492828514026394
1.787488524107876	0.0	-0.7557901207277788
1.7889893541029285	0.0	-0.7622804335625248
1.7904901840979814	0.0	-0.7687536747068967
1.7919910140930342	0.0	-0.775209731289687
1.7934918440880867	0.0	-0.7816484815309701
1.7949926740831397	0.0	-0.7880698152582558
1.7964935040781926	0.0	-0.7944736279548051
1.7979943340732454	0.0	-0.8008597969041086
1.7994951640682981	0.0	-0.8072282088777386
1.8009959940633509	0.0	-0.8135787606898953
1.8024968240584038	0.0	-0.8199113407263733
1.8039976540534564	0.0	-0.8262258397879946
1.8054984840485093	0.0	-0.8325221511400965
1.806999314043562	0.0	-0.8388001516103791
1.8085001440386146	0.0	-0.845059740920958
1.8100009740336676	0.0	-0.8513008228233091
1.8115018040287205	0.0	-0.8575232807744174
1.8130026340237735	0.0	-0.8637270028888896
1.814503464018826	0.0	-0.8699118787601076
1.8160042940138788	0.0	-0.8760778225518597
1.8175051240089317	0.0	-0.8822247273569392
1.8190059540039842	0.0	-0.8883524623138994
1.8205067839990372	0.0	-0.8944609415002377
1.82200761399409	0.0	-0.9005500685935302
1.8235084439891427	0.0	-0.9066197269398382
1.8250092739841954	0.0	-0.91266981994566
1.8265101039792484	0.0	-0.9187002511406607
1.8280109339743014	0.0	-0.9247109191503662
1.8295117639693539	0.0	-0.9307017113131372
1.8310125939644066	0.0	-0.9366725296800845
1.8325134239594596	0.0	-0.9426232905959332
1.8340142539545121	0.0	-0.9485538758171926
1.835515083949565	0.0	-0.9544641875057865
1.837015913944618	0.0	-0.9603541473912617
1.8385167439396708	0.0	-0.966223647161794
1.8400175739347233	0.0	-0.9720725872172483
1.8415184039297763	0.0	-0.9779008667006353
1.8430192339248292	0.0	-0.9837083976562416
1.8445200639198818	0.0	-0.9894950915493976
1.8460208939149347	0.0	-0.9952608357800471
1.8475217239099875	0.0	-1.0010055464588246
1.84902255390504	0.0	-1.0067291362215491
1.850523383900093	0.0	-1.0124314963497258
1.852024213895146	0.0	-1.0181125481539124
1.8535250438901987	0.0	-1.0237722009429877
1.8550258738852514	0.0	-1.029410345431631
1.8565267038803042	0.0	-1.0350269052222978
1.8580275338753571	0.0	-1.0406217968200144
1.8595283638704097	0.0	-1.0461949204768273
1.8610291938654626	0.0	-1.0517461813982252
1.8625300238605154	0.0	-1.0572754952512764
1.864030853855568	0.0	-1.0627827818925997
1.8655316838506208	0.0	-1.06826794920162
1.8670325138456738	0.0	-1.0737309032094864
1.8685333438407268	0.0	-1.0791715605074235
1.8700341738357793	0.0	-1.0845898427880092
1.871535003830832	0.0	-1.0899856614917738
1.873035833825885	0.0	-1.095358924929521
1.8745366638209375	0.0	-1.100709553031733
1.8760374938159905	0.0	-1.1060374708056673
1.8775383238110435	0.0	-1.111342589075799
1.8790391538060962	0.0	-1.1166248121850997
1.8805399838011487	0.0	-1.1218840702791861
1.8820408137962017	0.0	-1.127120292899863
1.8835416437912547	0.0	-1.1323333796337804
1.8850424737863072	0.0	-1.137523251200094
1.88654330378136	0.0	-1.1426898371406078
1.888044133776413	0.0	-1.1478330536645636
1.8895449637714654	0.0	-1.1529528236228603
1.8910457937665184	0.0	-1.158049068005749
1.8925466237615713	0.0	-1.1631217056593641
1.894047453756624	0.0	-1.1681706579682567
1.8955482837516766	0.0	-1.1731958566183656
1.8970491137467296	0.0	-1.178197227738264
1.8985499437417825	0.0	-1.1831746850726963
1.900050773736835	0.0	-1.188128144461256
1.901551603731888	0.0	-1.1930575480390704
1.9030524337269408	0.0	-1.1979628245223397
1.9045532637219937	0.0	-1.202843885659677
1.9060540937170463	0.0	-1.2077006728591753
1.9075549237120992	0.0	-1.212533103204929
1.909055753707152	0.0	-1.217341101494738
1.9105565837022047	0.0	-1.2221246074115684
1.9120574136972575	0.0	-1.226883539136196
1.9135582436923104	0.0	-1.2316178337516432
1.915059073687363	0.0	-1.2363274232394854
1.916559903682416	0.0	-1.2410122321880477
1.9180607336774687	0.0	-1.245672193564738
1.9195615636725216	0.0	-1.2503072311199597
1.9210623936675741	0.0	-1.2549172812466505
1.922563223662627	0.0	-1.2595023006693549
1.92406405365768	0.0	-1.2640622019622536
1.9255648836527326	0.0	-1.2685968945204418
1.9270657136477853	0.0	-1.2731063368305051
1.9285665436428383	0.0	-1.2775904725801357
1.9300673736378908	0.0	-1.2820492293149697
1.9315682036329438	0.0	-1.2864825402488225
1.9330690336279968	0.0	-1.2908903377329914
1.9345698636230495	0.0	-1.295272557421082
1.936070693618102	0.0	-1.2996291457363238
1.937571523613155	0.0	-1.3039600399465074
1.939072353608208	0.0	-1.3082651701726162
1.9405731836032605	0.0	-1.31254448037342
1.9420740135983134	0.0	-1.3167979052414174
1.9435748435933662	0.0	-1.3210253829192886
1.9450756735884192	0.0	-1.3252268629600823
1.9465765035834717	0.0	-1.3294022833339714
1.9480773335785246	0.0	-1.3335515785609473
1.9495781635735774	0.0	-1.3376746913922295
1.95107899356863	0.0	-1.341771574978885
1.9525798235636829	0.0	-1.3458421624977972
1.9540806535587358	0.0	-1.349886394211074
1.9555814835537884	0.0	-1.3539042212736137
1.9570823135488413	0.0	-1.3578955822963887
1.958583143543894	0.0	-1.3618604257111324
1.960083973538947	0.0	-1.3657987003807721
1.9615848035339996	0.0	-1.3697103426613138
1.9630856335290525	0.0	-1.3735952942073135
1.9645864635241053	0.0	-1.377453520183945
1.966087293519158	0.0	-1.3812849592021805
1.9675881235142108	0.0	-1.385089546472059
1.9690889535092637	0.0	-1.388867247528439
1.9705897835043162	0.0	-1.3926180091395466
1.9720906134993692	0.0	-1.3963417704461738
1.973591443494422	0.0	-1.4000384826402248
1.975092273489475	0.0	-1.403708102581746
1.9765931034845274	0.0	-1.4073505790598015
1.9780939334795804	0.0	-1.4109658603705866
1.9795947634746334	0.0	-1.414553900650963
1.981095593469686	0.0	-1.4181146503041806
1.9825964234647386	0.0	-1.4216480577619728
1.9840972534597916	0.0	-1.4251540746598101
1.9855980834548446	0.0	-1.4286326670993768
1.987098913449897	0.0	-1.4320837862479436
1.98859974344495	0.0	-1.4355073716775892
1.9901005734400028	0.0	-1.43890339312504
1.9916014034350553	0.0	-1.4422718105678622
1.9931022334301083	0.0	-1.4456125662643877
1.9946030634251612	0.0	-1.4489256168775588
1.9961038934202138	0.0	-1.4522109138086998
1.9976047234152667	0.0	-1.4554684233320396
1.9991055534103195	0.0	-1.4586981202980298
2.0006063834053722	0.0	-1.4618999534341148
2.002107213400425	0.0	-1.4650738609692653
2.0036080433954777	0.0	-1.4682198052345656
2.005108873390531	0.0	-1.4713377683998563
2.006609703385583	0.0	-1.4744277050949248
2.0081105333806364	0.0	-1.477489559524948
2.009611363375689	0.0	-1.4805233087337242
2.011112193370742	0.0	-1.4835289134258725
2.0126130233657946	0.0	-1.4865063210596294
2.0141138533608474	0.0	-1.4894555079025105
2.0156146833559005	0.0	-1.4923764334884975
2.017115513350953	0.0	-1.495269059877635
2.0186163433460056	0.0	-1.4981333599488214
2.020117173341059	0.0	-1.5009692860891581
2.021618003336111	0.0	-1.5037768075302218
2.0231188333311643	0.0	-1.506555892419187
2.024619663326217	0.0	-1.5093064984047546
2.0261204933212698	0.0	-1.5120286030482442
2.0276213233163225	0.0	-1.5147221760494503
2.0291221533113752	0.0	-1.5173871768314313
2.0306229833064284	0.0	-1.5200235653348413
2.0321238133014807	0.0	-1.5226313160897509
2.0336246432965335	0.0	-1.5252104129048005
2.0351254732915867	0.0	-1.5277608104344296
2.036626303286639	0.0	-1.5302824746940686
2.038127133281692	0.0	-1.5327753956288472
2.039627963276745	0.0	-1.5352395254287445
2.0411287932717976	0.0	-1.5376748305404409
2.0426296232668504	0.0	-1.5400813044209045
2.044130453261903	0.0	-1.542458907084689
2.0456312832569563	0.0	-1.5448076044856234
2.0471321132520086	0.0	-1.5471273837716977
2.048632943247062	0.0	-1.5494182173412296
2.0501337732421145	0.0	-1.5516800690533097
2.0516346032371673	0.0	-1.5539129177507447
2.05313543323222	0.0	-1.5561167435086087
2.0546362632272728	0.0	-1.5582915241100228
2.0561370932223255	0.0	-1.560437224079445
2.0576379232173783	0.0	-1.5625538221364879
2.059138753212431	0.0	-1.5646413133399701
2.060639583207484	0.0	-1.5666996599470853
2.0621404132025365	0.0	-1.5687288325694404
2.0636412431975897	0.0	-1.570728821879153
2.0651420731926424	0.0	-1.572699601814836
2.066642903187695	0.0	-1.574641153523575
2.068143733182748	0.0	-1.5765534672215582
2.0696445631778007	0.0	-1.5784365124853406
2.071145393172854	0.0	-1.5802902714601101
2.072646223167906	0.0	-1.5821147264142406
2.074147053162959	0.0	-1.583909856227544
2.075647883158012	0.0	-1.5856756468404327
2.0771487131530644	0.0	-1.587412076381042
2.0786495431481176	0.0	-1.5891191336115473
2.0801503731431703	0.0	-1.5907968060619126
2.081651203138223	0.0	-1.5924450820137697
2.083152033133276	0.0	-1.594063936416122
2.0846528631283285	0.0	-1.595653347076752
2.0861536931233817	0.0	-1.5972133131577566
2.087654523118434	0.0	-1.5987438200696635
2.089155353113487	0.0	-1.6002448502533997
2.09065618310854	0.0	-1.6017163882569654
2.0921570131035927	0.0	-1.6031584251221263
2.0936578430986454	0.0	-1.6045709607626288
2.095158673093698	0.0	-1.6059539772866835
2.096659503088751	0.0	-1.607307451775057
2.0981603330838037	0.0	-1.6086313807036121
2.0996611630788564	0.0	-1.609925759340634
2.1011619930739096	0.0	-1.6111905765715016
2.102662823068962	0.0	-1.6124258269621634
2.104163653064015	0.0	-1.6136315025278454
2.105664483059068	0.0	-1.6148075870155856
2.1071653130541206	0.0	-1.6159540721818861
2.1086661430491733	0.0	-1.6170709594807413
2.110166973044226	0.0	-1.6181582423197978
2.111667803039279	0.0	-1.6192159148583323
2.1131686330343316	0.0	-1.6202439703561262
2.1146694630293843	0.0	-1.6212423996824565
2.1161702930244375	0.0	-1.622211197390909
2.11767112301949	0.0	-1.6231503682994801
2.119171953014543	0.0	-1.6240599193578453
2.1206727830095957	0.0	-1.6249398273633584
2.1221736130046485	0.0	-1.6257900865492703
2.123674442999701	0.0	-1.6266107187381138
2.125175272994754	0.0	-1.6274017072456826
2.126676102989807	0.0	-1.6281630474265292
2.1281769329848594	0.0	-1.62889475398099
2.129677762979912	0.0	-1.6295968082902645
2.1311785929749654	0.0	-1.6302692213087644
2.132679422970018	0.0	-1.630912002881912
2.134180252965071	0.0	-1.6315251381984472
2.1356810829601236	0.0	-1.6321086440534958
2.1371819129551763	0.0	-1.6326625183769339
2.138682742950229	0.0	-1.633186750965994
2.140183572945282	0.0	-1.6336813574698443
2.141684402940335	0.0	-1.634146345454294
2.1431852329353873	0.0	-1.634581715338294
2.1446860629304405	0.0	-1.6349874739606611
2.1461868929254933	0.0	-1.6353636244758565
2.147687722920546	0.0	-1.635710172946391
2.1491885529155987	0.0	-1.6360271269627258
2.1506893829106515	0.0	-1.6363144900366806
2.1521902129057042	0.0	-1.6365722754269096
2.153691042900757	0.0	-1.6368004881978302
2.1551918728958097	0.0	-1.6369991348678639
2.156692702890863	0.0	-1.6371682337847195
2.158193532885915	0.0	-1.6373077859465046
2.1596943628809684	0.0	-1.637417802282984
2.161195192876021	0.0	-1.6374982957570723
2.162696022871074	0.0	-1.637549270854041
2.1641968528661266	0.0	-1.637570749704522
2.1656976828611794	0.0	-1.6375627383586888
2.1671985128562326	0.0	-1.637525240242108
2.168699342851285	0.0	-1.637458281465464
2.1702001728463376	0.0	-1.6373618778257728
2.171701002841391	0.0	-1.6372360340547565
2.1732018328364435	0.0	-1.6370807648650867
2.1747026628314963	0.0	-1.636896088136227
2.176203492826549	0.0	-1.636682020638653
2.1777043228216018	0.0	-1.6364385858214652
2.1792051528166545	0.0	-1.6361657850770632
2.1807059828117072	0.0	-1.6358636244433058
2.1822068128067604	0.0	-1.6355321437208157
2.1837076428018127	0.0	-1.6351713628222169
2.1852084727968655	0.0	-1.6347812909768131
2.1867093027919187	0.0	-1.634361945768346
2.1882101327869714	0.0	-1.6339133457663257
2.189710962782024	0.0	-1.633435512017023
2.191211792777077	0.0	-1.6329284677723725
2.1927126227721296	0.0	-1.6323922342018646
2.1942134527671824	0.0	-1.6318268238371485
2.195714282762235	0.0	-1.6312322594249502
2.1972151127572883	0.0	-1.6306085764408025
2.198715942752341	0.0	-1.6299557840154335
2.200216772747394	0.0	-1.6292739037126425
2.2017176027424465	0.0	-1.6285629810874962
2.2032184327374993	0.0	-1.6278230187892615
2.204719262732552	0.0	-1.6270540351286846
2.2062200927276048	0.0	-1.6262560720381147
2.2077209227226575	0.0	-1.6254291451420642
2.2092217527177103	0.0	-1.6245732845682412
2.210722582712763	0.0	-1.6236885192121382
2.212223412707816	0.0	-1.622774866176928
2.213724242702869	0.0	-1.6218323611476169
2.2152250726979217	0.0	-1.620861034165661
2.2167259026929744	0.0	-1.6198608975655528
2.218226732688027	0.0	-1.6188319867242444
2.21972756268308	0.0	-1.6177743489711964
2.2212283926781327	0.0	-1.6166879988342462
2.222729222673186	0.0	-1.6155729559549383
2.224230052668238	0.0	-1.614429261452358
2.225730882663291	0.0	-1.613256946858938
2.227231712658344	0.0	-1.612056042425609
2.228732542653397	0.0	-1.6108265805227155
2.2302333726484496	0.0	-1.6095685888751412
2.2317342026435023	0.0	-1.608282104621915
2.233235032638555	0.0	-1.606967164359882
2.234735862633608	0.0	-1.6056237913286528
2.2362366926286605	0.0	-1.6042520248975702
2.2377375226237137	0.0	-1.6028518972891097
2.2392383526187665	0.0	-1.6014234338006883
2.2407391826138188	0.0	-1.5999666896972449
2.242240012608872	0.0	-1.598481701735813
2.2437408426039247	0.0	-1.5969684877588994
2.2452416725989774	0.0	-1.595427087123521
2.24674250259403	0.0	-1.5938575442141365
2.248243332589083	0.0	-1.592259895196312
2.2497441625841357	0.0	-1.590634176753154
2.2512449925791884	0.0	-1.588980428118464
2.2527458225742416	0.0	-1.5872986829687241
2.2542466525692944	0.0	-1.5855889810429455
2.255747482564347	0.0	-1.5838513670706063
2.2572483125594	0.0	-1.5820858755661
2.2587491425544526	0.0	-1.580292554487331
2.2602499725495053	0.0	-1.578471450301198
2.261750802544558	0.0	-1.5766225871221922
2.263251632539611	0.0	-1.5747459985775194
2.2647524625346636	0.0	-1.572841740819306
2.2662532925297163	0.0	-1.570909864331495
2.2677541225247695	0.0	-1.5689504055261054
2.2692549525198222	0.0	-1.5669634086643653
2.270755782514875	0.0	-1.5649489110947856
2.2722566125099277	0.0	-1.562906955070086
2.2737574425049805	0.0	-1.560837596101649
2.275258272500033	0.0	-1.558740867545594
2.276759102495086	0.0	-1.5566168165218943
2.278259932490139	0.0	-1.5544655016224846
2.279760762485192	0.0	-1.5522869586186179
2.281261592480244	0.0	-1.5500812357516058
2.2827624224752974	0.0	-1.5478483770362412
2.28426325247035	0.0	-1.5455884226427987
2.285764082465403	0.0	-1.5433014333811828
2.2872649124604556	0.0	-1.5409874552254275
2.2887657424555083	0.0	-1.538646529750549
2.290266572450561	0.0	-1.5362787118764347
2.291767402445614	0.0	-1.5338840528879756
2.293268232440667	0.0	-1.5314626026899678
2.2947690624357198	0.0	-1.5290143926916335
2.2962698924307725	0.0	-1.5265394797597802
2.2977707224258253	0.0	-1.5240379441979883
2.299271552420878	0.0	-1.521509809898961
2.3007723824159307	0.0	-1.5189551194974196
2.3022732124109835	0.0	-1.5163739465690333
2.3037740424060362	0.0	-1.513766336274558
2.3052748724010894	0.0	-1.5111323415130882
2.3067757023961417	0.0	-1.5084720202234516
2.308276532391195	0.0	-1.5057854130318664
2.3097773623862476	0.0	-1.503072568265884
2.3112781923813004	0.0	-1.500333557997876
2.312779022376353	0.0	-1.497568435570522
2.314279852371406	0.0	-1.4947772450479135
2.3157806823664586	0.0	-1.4919600511091247
2.3172815123615114	0.0	-1.4891169005907163
2.318782342356564	0.0	-1.4862478524666247
2.3202831723516173	0.0	-1.4833529758025967
2.3217840023466696	0.0	-1.4804323062959668
2.323284832341723	0.0	-1.4774859034505092
2.3247856623367755	0.0	-1.4745138410144014
2.3262864923318283	0.0	-1.4715161694592738
2.327787322326881	0.0	-1.4684929448509993
2.3292881523219338	0.0	-1.4654442247464323
2.3307889823169865	0.0	-1.4623700650635898
2.3322898123120392	0.0	-1.4592705226323293
2.3337906423070924	0.0	-1.4561456605914487
2.335291472302145	0.0	-1.4529955496702212
2.3367923022971975	0.0	-1.449820245798971
2.3382931322922507	0.0	-1.446619799720398
2.3397939622873034	0.0	-1.4433942680302587
2.341294792282356	0.0	-1.4401437227639287
2.342795622277409	0.0	-1.4368682409966091
2.3442964522724616	0.0	-1.4335678635393323
2.345797282267515	0.0	-1.4302426372902701
2.347298112262567	0.0	-1.4268926487264335
2.3487989422576203	0.0	-1.4235179693780111
2.350299772252673	0.0	-1.4201186481886838
2.351800602247726	0.0	-1.4166947444157634
2.3533014322427785	0.0	-1.4132463354055098
2.3548022622378313	0.0	-1.409773476176436
2.356303092232884	0.0	-1.4062762213650437
2.3578039222279368	0.0	-1.40275465203888
2.3593047522229895	0.0	-1.3992088322855696
2.3608055822180427	0.0	-1.3956388258230619
2.362306412213095	0.0	-1.3920446980697634
2.363807242208148	0.0	-1.3884265123246724
2.365308072203201	0.0	-1.3847843375549749
2.3668089021982537	0.0	-1.3811182410520237
2.3683097321933064	0.0	-1.3774282939271025
2.369810562188359	0.0	-1.3737145585796768
2.371311392183412	0.0	-1.3699771019068094
2.3728122221784647	0.0	-1.3662159990984015
2.374313052173518	0.0	-1.3624313135889714
2.3758138821685706	0.0	-1.3586231137788891
2.377314712163623	0.0	-1.3547914709149678
2.378815542158676	0.0	-1.350936455430751
2.380316372153729	0.0	-1.3470581418629877
2.3818172021487816	0.0	-1.3431565950017126
2.3833180321438343	0.0	-1.339231879809413
2.384818862138887	0.0	-1.3352840757640554
2.3863196921339402	0.0	-1.3313132572422903
2.3878205221289925	0.0	-1.3273194926444698
2.3893213521240457	0.0	-1.3233028506790465
2.3908221821190985	0.0	-1.319263396209937
2.3923230121141508	0.0	-1.3152012140259561
2.393823842109204	0.0	-1.3111163828781294
2.3953246721042567	0.0	-1.3070089641432046
2.3968255020993094	0.0	-1.3028790348963275
2.398326332094362	0.0	-1.2987266764391818
2.399827162089415	0.0	-1.2945519547447197
2.401327992084468	0.0	-1.290354941774398
2.4028288220795204	0.0	-1.2861357211957163
2.4043296520745736	0.0	-1.281894363084924
2.4058304820696264	0.0	-1.2776309416954126
2.407331312064679	0.0	-1.2733455401894764
2.408832142059732	0.0	-1.26903824015223
2.4103329720547846	0.0	-1.2647091028372182
2.4118338020498373	0.0	-1.2603581968172812
2.41333463204489	0.0	-1.2559856255740223
2.414835462039943	0.0	-1.2515914639646635
2.416336292034996	0.0	-1.2471757759905113
2.4178371220300483	0.0	-1.2427386479807214
2.4193379520251015	0.0	-1.238280160399093
2.4208387820201542	0.0	-1.2338003911093893
2.422339612015207	0.0	-1.2292994186161543
2.4238404420102597	0.0	-1.2247773175055328
2.4253412720053125	0.0	-1.2202341700156996
2.4268421020003657	0.0	-1.2156700648046206
2.428342931995418	0.0	-1.2110850791323398
2.429843761990471	0.0	-1.2064792886077282
2.431344591985524	0.0	-1.2018527771940146
2.432845421980576	0.0	-1.1972056317132242
2.4343462519756294	0.0	-1.1925379317173168
2.435847081970682	0.0	-1.187849758397052
2.437347911965735	0.0	-1.1831411995479149
2.4388487419607876	0.0	-1.1784123368535906
2.4403495719558403	0.0	-1.173663248584477
2.4418504019508935	0.0	-1.1688940228441427
2.443351231945946	0.0	-1.1641047440147678
2.444852061940999	0.0	-1.1592954942359568
2.4463528919360518	0.0	-1.1544663671562538
2.447853721931104	0.0	-1.1496174360432363
2.4493545519261573	0.0	-1.1447487896904829
2.45085538192121	0.0	-1.1398605282402843
2.452356211916263	0.0	-1.1349527213129142
2.4538570419113155	0.0	-1.1300254558166523
2.4553578719063682	0.0	-1.1250788336188606
2.4568587019014214	0.0	-1.1201129332240833
2.4583595318964737	0.0	-1.115127842920731
2.459860361891527	0.0	-1.1101236551866547
2.4613611918865796	0.0	-1.1051004452487054
2.4628620218816324	0.0	-1.1000583120909269
2.464362851876685	0.0	-1.0949973512347717
2.465863681871738	0.0	-1.089917644018855
2.467364511866791	0.0	-1.0848192866300617
2.4688653418618434	0.0	-1.0797023668392445
2.470366171856896	0.0	-1.0745669730456455
2.4718670018519493	0.0	-1.069413195681662
2.4733678318470016	0.0	-1.0642411205219409
2.474868661842055	0.0	-1.0590508575911728
2.4763694918371075	0.0	-1.0538425010923174
2.4778703218321603	0.0	-1.0486161215205387
2.479371151827213	0.0	-1.0433718174655064
2.4808719818222658	0.0	-1.038109689439159
2.482372811817319	0.0	-1.0328298307943289
2.4838736418123712	0.0	-1.027532339097941
2.4853744718074244	0.0	-1.0222173017264553
2.486875301802477	0.0	-1.0168848185634567
2.4883761317975295	0.0	-1.0115349856725715
2.4898769617925827	0.0	-1.0061678894322037
2.4913777917876354	0.0	-1.0007836368604466
2.492878621782688	0.0	-0.9953823227640356
2.494379451777741	0.0	-0.98996403804366
2.4958802817727936	0.0	-0.9845288890396643
2.497381111767847	0.0	-0.9790769652602894
2.498881941762899	0.0	-0.9736083633113353
2.5003827717579523	0.0	-0.9681231934269678
2.501883601753005	0.0	-0.9626215477646937
2.503384431748058	0.0	-0.9571035240023799
2.5048852617431105	0.0	-0.9515692249315821
2.5063860917381633	0.0	-0.9460187424633445
2.5078869217332165	0.0	-0.9404521818906514
2.509387751728269	0.0	-0.9348696517964411
2.5108885817233215	0.0	-0.9292712462112218
2.5123894117183747	0.0	-0.9236570712042605
2.513890241713427	0.0	-0.9180272232704515
2.51539107170848	0.0	-0.9123817994099311
2.516891901703533	0.0	-0.9067209150321746
2.5183927316985857	0.0	-0.901044675417794
2.5198935616936384	0.0	-0.8953531779365737
2.521394391688691	0.0	-0.8896465122200135
2.5228952216837444	0.0	-0.8839247971770552
2.5243960516787967	0.0	-0.878188148278757
2.5258968816738494	0.0	-0.8724366471964874
2.5273977116689026	0.0	-0.8666704120382164
2.528898541663955	0.0	-0.8608895595935324
2.530399371659008	0.0	-0.8550941747128892
2.531900201654061	0.0	-0.8492843721649623
2.5334010316491136	0.0	-0.8434602702919237
2.5349018616441663	0.0	-0.8376219676341581
2.536402691639219	0.0	-0.8317695660343944
2.5379035216342722	0.0	-0.8259031725476765
2.5394043516293245	0.0	-0.8200229106791499
2.5409051816243777	0.0	-0.8141288937064719
2.5424060116194305	0.0	-0.8082212083654327
2.5439068416144828	0.0	-0.8022999626968528
2.545407671609536	0.0	-0.7963652930578319
2.5469085016045887	0.0	-0.7904173043470737
2.5484093315996414	0.0	-0.7844560896831909
2.549910161594694	0.0	-0.7784817726944959
2.551410991589747	0.0	-0.7724944705032932
2.5529118215848	0.0	-0.7664942913474883
2.5544126515798524	0.0	-0.7604813439209618
2.5559134815749056	0.0	-0.754455736178262
2.5574143115699584	0.0	-0.7484175884453566
2.558915141565011	0.0	-0.7423670220956844
2.560415971560064	0.0	-0.7363041452809341
2.5619168015551166	0.0	-0.7302290667812033
2.5634176315501698	0.0	-0.7241419118267279
2.564918461545222	0.0	-0.7180427909720185
2.566419291540275	0.0	-0.7119318118266086
2.567920121535328	0.0	-0.705809104549618
2.5694209515303803	0.0	-0.6996747822708486
2.5709217815254335	0.0	-0.6935289572083362
2.5724226115204862	0.0	-0.6873717542842712
2.573923441515539	0.0	-0.6812032874663769
2.5754242715105917	0.0	-0.6750236703774173
2.5769251015056445	0.0	-0.6688330274589925
2.5784259315006977	0.0	-0.6626314756238761
2.57992676149575	0.0	-0.6564191304786835
2.581427591490803	0.0	-0.6501961212336524
2.582928421485856	0.0	-0.6439625697427747
2.584429251480908	0.0	-0.6377185858335631
2.5859300814759614	0.0	-0.6314642877988303
2.587430911471014	0.0	-0.6251998061796977
2.588931741466067	0.0	-0.6189252649494916
2.5904325714611196	0.0	-0.6126407765973444
2.5919334014561723	0.0	-0.6063464642340465
2.5934342314512255	0.0	-0.6000424559608921
2.594935061446278	0.0	-0.5937288779569444
2.596435891441331	0.0	-0.5874058586438233
2.5979367214363838	0.0	-0.581073505815905
2.5994375514314365	0.0	-0.5747319412532074
2.6009383814264893	0.0	-0.5683813066237338
2.602439211421542	0.0	-0.5620217243482458
2.6039400414165947	0.0	-0.5556533081973631
2.6054408714116475	0.0	-0.5492761869870606
2.6069417014067002	0.0	-0.5428904955588232
2.6084425314017534	0.0	-0.5364963563088349
2.6099433613968057	0.0	-0.5300938939867232
2.611444191391859	0.0	-0.5236832357079876
2.6129450213869116	0.0	-0.5172645077749498
2.6144458513819644	0.0	-0.5108378382518619
2.615946681377017	0.0	-0.5044033588873955
2.61744751137207	0.0	-0.497961196710833
2.618948341367123	0.0	-0.49151147674291673
2.6204491713621754	0.0	-0.4850543351313264
2.621950001357228	0.0	-0.478589898831352
2.6234508313522813	0.0	-0.47211828805812994
2.6249516613473336	0.0	-0.4656396395261652
2.626452491342387	0.0	-0.45915409614794317
2.6279533213374395	0.0	-0.4526617771035013
2.6294541513324923	0.0	-0.4461628012156201
2.630954981327545	0.0	-0.43965731169255107
2.6324558113225978	0.0	-0.43314544137953703
2.633956641317651	0.0	-0.4266273235409202
2.6354574713127032	0.0	-0.420103092402112
2.6369583013077564	0.0	-0.41357287454875485
2.638459131302809	0.0	-0.4070368048470594
2.639959961297862	0.0	-0.400495004510163
2.6414607912929147	0.0	-0.39394761461461014
2.6429616212879674	0.0	-0.387394788670078
2.64446245128302	0.0	-0.3808366419011436
2.645963281278073	0.0	-0.3742732999076726
2.6474641112731256	0.0	-0.3677049051586212
2.648964941268179	0.0	-0.36113159412203155
2.650465771263231	0.0	-0.3545535046337613
2.6519666012582843	0.0	-0.3479707707096906
2.653467431253337	0.0	-0.3413835272529434
2.65496826124839	0.0	-0.33479190514967366
2.6564690912434425	0.0	-0.3281960403626448
2.6579699212384953	0.0	-0.3215960729333952
2.6594707512335485	0.0	-0.31499213533759374
2.660971581228601	0.0	-0.3083843673948571
2.6624724112236535	0.0	-0.3017729059306325
2.6639732412187067	0.0	-0.29515787977315633
2.665474071213759	0.0	-0.2885394373060445
2.666974901208812	0.0	-0.2819177146646787
2.668475731203865	0.0	-0.2752928371531767
2.6699765611989177	0.0	-0.26866495441200877
2.6714773911939704	0.0	-0.2620342034020686
2.672978221189023	0.0	-0.2554007156625523
2.6744790511840764	0.0	-0.2487646330833108
2.6759798811791287	0.0	-0.24212609234180674
2.6774807111741814	0.0	-0.23548523349182113
2.6789815411692346	0.0	-0.2288421947758461
2.6804823711642873	0.0	-0.22219711605052217
2.68198320115934	0.0	-0.21555013564448408
2.683484031154393	0.0	-0.20890138714245515
2.6849848611494456	0.0	-0.20225101597068443
2.6864856911444983	0.0	-0.19559916404358238
2.687986521139551	0.0	-0.18894596286339496
2.6894873511346042	0.0	-0.18229155058628677
2.6909881811296565	0.0	-0.1756360731683822
2.6924890111247097	0.0	-0.16897966923410085
2.6939898411197625	0.0	-0.1623224806363068
2.695490671114815	0.0	-0.15566465091591247
2.696991501109868	0.0	-0.14900630692971154
2.6984923311049207	0.0	-0.14234758887939594
2.6999931610999734	0.0	-0.13568864598637356
2.701493991095026	0.0	-0.1290296158524113
2.702994821090079	0.0	-0.12237064265922076
2.704495651085132	0.0	-0.11571186334302534
2.7059964810801844	0.0	-0.10905341178425913
2.7074973110752376	0.0	-0.10239543480165658
2.7089981410702904	0.0	-0.0957380691342266
2.710498971065343	0.0	-0.08908145404722498
2.711999801060396	0.0	-0.08242574090619419
2.7135006310554486	0.0	-0.07577106281517486
2.7150014610505018	0.0	-0.06911755379023227
2.716502291045554	0.0	-0.06246536025559789
2.718003121040607	0.0	-0.05581462339870327
2.71950395103566	0.0	-0.049165481277216705
2.7210047810307127	0.0	-0.042518075596128406
2.7225056110257655	0.0	-0.03587254353810595
2.7240064410208182	0.0	-0.029229028385374837
2.725507271015871	0.0	-0.02258767958126478
2.7270081010109237	0.0	-0.015948617390123293
2.7285089310059765	0.0	-0.009311986806931407
2.7300097610010297	0.0	-0.002677944446496061
2.731510590996082	0.0	0.003953392125330445
2.7330114209911347	0.0	0.010581876089887633
2.734512250986188	0.0	0.01720735805318641
2.7360130809812406	0.0	0.023829710813418566
2.7375139109762934	0.0	0.030448780109331924
2.739014740971346	0.0	0.03706443234399751
2.740515570966399	0.0	0.04367654192982937
2.7420164009614516	0.0	0.05028496044622446
2.7435172309565043	0.0	0.05688954891143205
2.7450180609515575	0.0	0.06349016579304316
2.7465188909466103	0.0	0.07008667457371175
2.748019720941663	0.0	0.07667893362231061
2.7495205509367158	0.0	0.08326680573153884
2.7510213809317685	0.0	0.08985016574518948
2.7525222109268213	0.0	0.09642886272884019
2.754023040921874	0.0	0.10300275224201857
2.7555238709169267	0.0	0.10957170859864238
2.7570247009119795	0.0	0.11613559467759033
2.7585255309070322	0.0	0.12269426988288948
2.7600263609020854	0.0	0.1292475984241727
2.761527190897138	0.0	0.13579544033387556
2.763028020892191	0.0	0.14233766083211497
2.7645288508872436	0.0	0.14887412900821445
2.7660296808822964	0.0	0.15540470378559237
2.767530510877349	0.0	0.1619292489056636
2.769031340872402	0.0	0.1684476276169546
2.770532170867455	0.0	0.1749597070002116
2.7720330008625074	0.0	0.18146536056839963
2.77353383085756	0.0	0.1879644394080272
2.7750346608526133	0.0	0.19445681074771456
2.776535490847666	0.0	0.2009423533619338
2.778036320842719	0.0	0.20742092346332844
2.7795371508377715	0.0	0.21389238494115015
2.7810379808328243	0.0	0.22035661228167602
2.782538810827877	0.0	0.22681347284923137
2.7840396408229298	0.0	0.233262828943442
2.785540470817983	0.0	0.23970455062701754
2.7870413008130357	0.0	0.24613850459873982
2.7885421308080884	0.0	0.25256456472883093
2.790042960803141	0.0	0.25898259831988496
2.791543790798194	0.0	0.265392465786302
2.7930446207932467	0.0	0.27179404204577495
2.7945454507882994	0.0	0.278187204036669
2.796046280783352	0.0	0.2845718254198599
2.797547110778405	0.0	0.2909477650202329
2.7990479407734576	0.0	0.2973148927402329
2.800548770768511	0.0	0.3036730867506308
2.8020496007635636	0.0	0.3100222136885142
2.8035504307586163	0.0	0.3163621551748353
2.805051260753669	0.0	0.3226927869897862
2.806552090748722	0.0	0.32901396952309675
2.8080529207437745	0.0	0.3353255777663598
2.8095537507388273	0.0	0.3416274911841504
2.81105458073388	0.0	0.3479195887480813
2.812555410728933	0.0	0.3542017418270198
2.8140562407239855	0.0	0.36047381880783297
2.8155570707190387	0.0	0.36673570179197074
2.8170579007140915	0.0	0.37298727240034835
2.818558730709144	0.0	0.379228405871003
2.820059560704197	0.0	0.38545897205715
2.8215603906992497	0.0	0.39167885107636935
2.8230612206943024	0.0	0.3978879318690014
2.824562050689355	0.0	0.4040860834009811
2.8260628806844084	0.0	0.410273182955836
2.827563710679461	0.0	0.4164491242795491
2.8290645406745134	0.0	0.4226137746499334
2.8305653706695666	0.0	0.4287670141846056
2.8320662006646193	0.0	0.4349087410901404
2.833567030659672	0.0	0.44103882399988587
2.835067860654725	0.0	0.4471571425877633
2.8365686906497776	0.0	0.45326358986038634
2.8380695206448303	0.0	0.4593580479315955
2.839570350639883	0.0	0.46544040054165936
2.8410711806349362	0.0	0.47151053039585855
2.842572010629989	0.0	0.4775683264097891
2.8440728406250417	0.0	0.4836136691816396
2.8455736706200945	0.0	0.48964644379482336
2.847074500615147	0.0	0.4956665477781471
2.8485753306102	0.0	0.5016738678416371
2.8500761606052527	0.0	0.5076682899435407
2.8515769906003055	0.0	0.5136496987606552
2.853077820595358	0.0	0.5196179856484218
2.854578650590411	0.0	0.5255730402125209
2.856079480585464	0.0	0.5315147526747065
2.857580310580517	0.0	0.5374430227817828
2.8590811405755696	0.0	0.5433577372560742
2.8605819705706224	0.0	0.5492587866396786
2.862082800565675	0.0	0.5551460717514861
2.863583630560728	0.0	0.5610194801023833
2.8650844605557806	0.0	0.5668789017415982
2.8665852905508338	0.0	0.572724242195112
2.8680861205458865	0.0	0.578555392978501
2.869586950540939	0.0	0.5843722471969124
2.871087780535992	0.0	0.5901747075175303
2.8725886105310448	0.0	0.5959626660720604
2.8740894405260975	0.0	0.6017360277456844
2.8755902705211502	0.0	0.6074946882928147
2.877091100516203	0.0	0.6132385418290454
2.8785919305112557	0.0	0.6189674999797674
2.8800927605063085	0.0	0.624681463255751
2.8815935905013617	0.0	0.6303803208930103
2.8830944204964144	0.0	0.636063975706585
2.8845952504914667	0.0	0.6417323471587577
2.88609608048652	0.0	0.6473853368939858
2.8875969104815726	0.0	0.653022837906511
2.8890977404766254	0.0	0.6586447515326894
2.890598570471678	0.0	0.6642509892870438
2.892099400466731	0.0	0.6698414619570254
2.893600230461784	0.0	0.6754160755491502
2.8951010604568364	0.0	0.6809747391504303
2.8966018904518895	0.0	0.6865173539000446
2.8981027204469423	0.0	0.6920438313987696
2.899603550441995	0.0	0.6975540864141683
2.9011043804370478	0.0	0.7030480248541126
2.9026052104321005	0.0	0.7085255569146135
2.9041060404271533	0.0	0.7139866006285922
2.905606870422206	0.0	0.719431063653718
2.9071077004172587	0.0	0.7248588501851254
2.908608530412312	0.0	0.7302698847987488
2.9101093604073642	0.0	0.7356640837777665
2.9116101904024174	0.0	0.7410413598689404
2.91311102039747	0.0	0.7464016287516182
2.914611850392523	0.0	0.7517448006217928
2.9161126803875757	0.0	0.7570707987739662
2.9176135103826284	0.0	0.7623795442107245
2.919114340377681	0.0	0.7676709468939514
2.920615170372734	0.0	0.7729449305986469
2.922116000367787	0.0	0.7782014142942787
2.92361683036284	0.0	0.783440316950241
2.925117660357892	0.0	0.7886615674306074
2.9266184903529453	0.0	0.7938650809711782
2.928119320347998	0.0	0.7990507748778582
2.929620150343051	0.0	0.8042185807626127
2.9311209803381035	0.0	0.8093684241379042
2.9326218103331563	0.0	0.8145002264991887
2.9341226403282095	0.0	0.819613911301122
2.9356234703232618	0.0	0.8247094015054899
2.937124300318315	0.0	0.8297866287489092
2.9386251303133677	0.0	0.8348455219817443
2.94012596030842	0.0	0.8398860072709297
2.941626790303473	0.0	0.8449080100057611
2.943127620298526	0.0	0.8499114573252218
2.9446284502935787	0.0	0.8548962831208576
2.9461292802886314	0.0	0.85986242236858
2.947630110283684	0.0	0.8648098028727674
2.9491309402787373	0.0	0.8697383496530683
2.9506317702737896	0.0	0.8746480033535172
2.952132600268843	0.0	0.8795386992950587
2.9536334302638956	0.0	0.8844103593551313
2.9551342602589483	0.0	0.8892629218366245
2.956635090254001	0.0	0.8940963279258388
2.958135920249054	0.0	0.8989105098754461
2.9596367502441066	0.0	0.9037054055940359
2.9611375802391593	0.0	0.9084809527437167
2.962638410234212	0.0	0.9132370841317426
2.9641392402292652	0.0	0.9179737365576679
2.9656400702243175	0.0	0.922690858095839
2.9671409002193707	0.0	0.9273883804691636
2.9686417302144235	0.0	0.9320662359302949
2.970142560209476	0.0	0.936724380156399
2.971643390204529	0.0	0.9413627495650838
2.9731442201995817	0.0	0.9459812834696669
2.974645050194635	0.0	0.9505799340354386
2.976145880189687	0.0	0.955158630520828
2.9776467101847404	0.0	0.9597173121775505
2.979147540179793	0.0	0.9642559391680157
2.9806483701748454	0.0	0.9687744505714319
2.9821492001698986	0.0	0.9732727899768474
2.9836500301649513	0.0	0.9777509043250323
2.985150860160004	0.0	0.9822087353321073
2.986651690155057	0.0	0.9866462348799868
2.9881525201501096	0.0	0.9910633470137131
2.9896533501451628	0.0	0.9954600246256108
2.991154180140215	0.0	0.9998362170222659
2.9926550101352682	0.0	1.0041918698136207
2.994155840130321	0.0	1.0085269320597985
2.9956566701253737	0.0	1.0128413497034763
2.9971575001204265	0.0	1.017135076129867
2.998658330115479	0.0	1.0203450097421418
3.000159160110532	0.0	1.0214132585767997
