0.0	0.0	1.9999245422934113
0.0015008299950527925	0.0	1.999901850206938
0.003001659990105585	0.0	1.9998246362769447
0.004502489985158378	0.0	1.9996972230583707
0.00600331998021117	0.0	1.9995328982776193
0.0075041499752639615	0.0	1.9993313791568346
0.009004979970316756	0.0	1.999092332505192
0.010505809965369548	0.0	1.9988151028814336
0.01200663996042234	0.0	1.9984988719217802
0.01350746995547513	0.0	1.9981430185437645
0.015008299950527923	0.0	1.9977470656160616
0.016509129945580715	0.0	1.9973101763462844
0.01800995994063351	0.0	1.9968309185423094
0.019510789935686303	0.0	1.9963074328516572
0.021011619930739096	0.0	1.9957383315259085
0.022512449925791888	0.0	1.995124716007212
0.02401327992084468	0.0	1.9944694729025898
0.02551410991589747	0.0	1.9937742492081079
0.02701493991095026	0.0	1.993039287010498
0.028515769906003054	0.0	1.992264607106178
0.030016599901055846	0.0	1.9914502230780358
0.03151742989610864	0.0	1.9905961510749173
0.03301825989116143	0.0	1.9897024108037196
0.03451908988621422	0.0	1.9887690238978935
0.03601991988126702	0.0	1.9877960110604276
0.037520749876319814	0.0	1.9867833933756551
0.03902157987137261	0.0	1.9857311951132968
0.0405224098664254	0.0	1.9846394425606888
0.04202323986147819	0.0	1.9835081607112295
0.043524069856530984	0.0	1.982337374137382
0.045024899851583776	0.0	1.9811271088366111
0.04652572984663657	0.0	1.9798773910089784
0.04802655984168936	0.0	1.9785882466275366
0.04952738983674215	0.0	1.9772597030693284
0.05102821983179494	0.0	1.975891789857892
0.05252904982684774	0.0	1.9744845378002422
0.05402987982190052	0.0	1.9730379781603766
0.05553070981695332	0.0	1.971552142493163
0.05703153981200611	0.0	1.97002706247413
0.05853236980705891	0.0	1.9684627692159016
0.06003319980211169	0.0	1.9668592940100535
0.06153402979716449	0.0	1.9652166700041824
0.06303485979221728	0.0	1.9635349319929274
0.06453568978727008	0.0	1.9618141154915314
0.06603651978232286	0.0	1.960054256230432
0.06753734977737566	0.0	1.958255390177246
0.06903817977242845	0.0	1.9564175542324287
0.07053900976748124	0.0	1.954540786450605
0.07203983976253404	0.0	1.9526251257669576
0.07354066975758683	0.0	1.9506706120373305
0.07504149975263963	0.0	1.9486772861216894
0.07654232974769241	0.0	1.9466451896015702
0.07804315974274521	0.0	1.9445743647085174
0.079543989737798	0.0	1.9424648543223553
0.0810448197328508	0.0	1.9403167021894667
0.08254564972790358	0.0	1.9381299530319136
0.08404647972295638	0.0	1.9359046520953829
0.08554730971800917	0.0	1.9336408454638425
0.08704813971306197	0.0	1.9313385804487202
0.08854896970811475	0.0	1.9289979049086556
0.09004979970316755	0.0	1.9266188673434401
0.09155062969822034	0.0	1.9242015172358389
0.09305145969327314	0.0	1.921745904675657
0.09455228968832592	0.0	1.9192520806791773
0.09605311968337872	0.0	1.9167200972631238
0.0975539496784315	0.0	1.9141500072770747
0.0990547796734843	0.0	1.9115418643384583
0.10055560966853709	0.0	1.9088957225115883
0.10205643966358988	0.0	1.9062116367234807
0.10355726965864268	0.0	1.9034896632568166
0.10505809965369547	0.0	1.900729859167684
0.10655892964874826	0.0	1.8979322819746185
0.10805975964380105	0.0	1.8950969901761723
0.10956058963885383	0.0	1.8922240430581647
0.11106141963390664	0.0	1.8893135005356096
0.11256224962895943	0.0	1.8863654238477656
0.11406307962401221	0.0	1.8833798750286763
0.115563909619065	0.0	1.880356916527111
0.11706473961411781	0.0	1.8772966119994172
0.1185655696091706	0.0	1.8741990257363248
0.12006639960422338	0.0	1.871064222604422
0.1215672295992762	0.0	1.8678922686314952
0.12306805959432898	0.0	1.8646832308324466
0.12456888958938177	0.0	1.8614371768802611
0.12606971958443455	0.0	1.8581541750536215
0.12757054957948735	0.0	1.854834294714975
0.12907137957454015	0.0	1.851477606045642
0.13057220956959295	0.0	1.8480841799270136
0.13207303956464572	0.0	1.8446540880109659
0.13357386955969852	0.0	1.8411874028696662
0.13507469955475132	0.0	1.837684198305616
0.1365755295498041	0.0	1.8341445486377106
0.1380763595448569	0.0	1.8305685286999813
0.1395771895399097	0.0	1.8269562146130696
0.1410780195349625	0.0	1.8233076830990433
0.14257884953001526	0.0	1.8196230114471474
0.1440796795250681	0.0	1.8159022782536351
0.14558050952012086	0.0	1.8121455627781207
0.14708133951517366	0.0	1.8083529450878106
0.14858216951022643	0.0	1.8045245062028807
0.15008299950527926	0.0	1.8006603276502648
0.15158382950033203	0.0	1.7967604921822387
0.15308465949538483	0.0	1.7928250831755652
0.1545854894904376	0.0	1.7888541845223476
0.15608631948549043	0.0	1.7848478815120006
0.1575871494805432	0.0	1.780806259843274
0.159087979475596	0.0	1.7767294058591931
0.16058880947064877	0.0	1.7726174073775474
0.1620896394657016	0.0	1.7684703529504826
0.16359046946075437	0.0	1.7642883314069742
0.16509129945580717	0.0	1.760071432409314
0.16659212945085994	0.0	1.7558197469470895
0.16809295944591277	0.0	1.751533366655681
0.16959378944096554	0.0	1.7472123836475444
0.17109461943601834	0.0	1.7428568909627697
0.17259544943107114	0.0	1.738466982842913
0.17409627942612393	0.0	1.7340427544035129
0.1755971094211767	0.0	1.7295843006712295
0.1770979394162295	0.0	1.7250917184514258
0.1785987694112823	0.0	1.720565105441535
0.1800995994063351	0.0	1.7160045585122758
0.18160042940138788	0.0	1.711410176630012
0.18310125939644067	0.0	1.7067820598599714
0.18460208939149347	0.0	1.7021203079701364
0.18610291938654627	0.0	1.6974250225237435
0.18760374938159904	0.0	1.6926963058740903
0.18910457937665184	0.0	1.6879342605670653
0.19060540937170464	0.0	1.6831389900866016
0.19210623936675744	0.0	1.6783105986343279
0.1936070693618102	0.0	1.6734491916025755
0.195107899356863	0.0	1.6685548748295356
0.1966087293519158	0.0	1.6636277548827447
0.1981095593469686	0.0	1.6586679397283097
0.19961038934202138	0.0	1.6536755374570387
0.20111121933707418	0.0	1.6486506566350039
0.20261204933212695	0.0	1.6435934076072582
0.20411287932717975	0.0	1.6385039009013116
0.20561370932223258	0.0	1.6333822473474302
0.20711453931728535	0.0	1.6282285593430925
0.20861536931233815	0.0	1.6230429501759607
0.21011619930739095	0.0	1.6178255330991695
0.21161702930244372	0.0	1.612576421629164
0.21311785929749652	0.0	1.6072957315465835
0.2146186892925493	0.0	1.6019835787815317
0.2161195192876021	0.0	1.5966400789852488
0.21762034928265492	0.0	1.5912653499808316
0.21912117927770766	0.0	1.5858595096382948
0.2206220092727605	0.0	1.5804226763244065
0.2221228392678133	0.0	1.574954970245056
0.22362366926286606	0.0	1.5694565114281889
0.22512449925791886	0.0	1.5639274210877563
0.22662532925297169	0.0	1.5583678220195858
0.22812615924802443	0.0	1.552777836726902
0.22962698924307726	0.0	1.5471575881764497
0.23112781923813	0.0	1.5415072009538562
0.23262864923318283	0.0	1.5358268001715547
0.23412947922823563	0.0	1.5301165107940113
0.2356303092232884	0.0	1.5243764597396403
0.2371311392183412	0.0	1.5186067743365048
0.238631969213394	0.0	1.5128075812595707
0.24013279920844677	0.0	1.5069790094134523
0.2416336292034996	0.0	1.501121188641419
0.2431344591985524	0.0	1.4952342476154556
0.24463528919360517	0.0	1.4893183162736476
0.24613611918865796	0.0	1.4833735268344013
0.24763694918371074	0.0	1.477400011081822
0.24913777917876354	0.0	1.4713979011989005
0.25063860917381636	0.0	1.4653673301403243
0.2521394391688691	0.0	1.459308431449946
0.2536402691639219	0.0	1.4532213404683343
0.2551410991589747	0.0	1.447106192129423
0.2566419291540275	0.0	1.4409631214657164
0.2581427591490803	0.0	1.4347922650314917
0.25964358914413305	0.0	1.4285937604723828
0.2611444191391859	0.0	1.422367745654206
0.2626452491342387	0.0	1.4161143586376448
0.26414607912929144	0.0	1.4098337390175084
0.26564690912434424	0.0	1.403526025432068
0.26714773911939704	0.0	1.3971913576471058
0.26864856911444984	0.0	1.3908298783071178
0.27014939910950264	0.0	1.3844417284394006
0.27165022910455544	0.0	1.3780270489464563
0.2731510590996082	0.0	1.371585982857816
0.27465188909466104	0.0	1.3651186742027677
0.2761527190897138	0.0	1.3586252663744054
0.2776535490847666	0.0	1.3521059037084726
0.2791543790798194	0.0	1.3455607323289964
0.2806552090748722	0.0	1.3389898977037806
0.282156039069925	0.0	1.3323935451621314
0.2836568690649778	0.0	1.325771821384045
0.2851576990600305	0.0	1.3191248741323853
0.2866585290550834	0.0	1.3124528515350409
0.2881593590501362	0.0	1.3057559015581552
0.2896601890451889	0.0	1.2990341735711215
0.2911610190402417	0.0	1.2922878174069643
0.2926618490352945	0.0	1.2855169822378614
0.2941626790303473	0.0	1.2787218189241136
0.2956635090254001	0.0	1.2719024784431219
0.29716433902045286	0.0	1.2650591130476723
0.2986651690155057	0.0	1.258191875315555
0.3001659990105585	0.0	1.2513009173653673
0.30166682900561126	0.0	1.2443863925974525
0.30316765900066406	0.0	1.237448453501794
0.30466848899571686	0.0	1.2304872542194731
0.30616931899076966	0.0	1.2235029508046118
0.30767014898582246	0.0	1.2164956983178241
0.3091709789808752	0.0	1.2094656515149151
0.31067180897592805	0.0	1.2024129664299226
0.31217263897098085	0.0	1.1953377997792933
0.3136734689660336	0.0	1.1882403081439914
0.3151742989610864	0.0	1.1811206493032476
0.3166751289561392	0.0	1.1739789811748456
0.318175958951192	0.0	1.16681546155503
0.3196767889462448	0.0	1.1596302498172808
0.32117761894129754	0.0	1.1524235049852554
0.3226784489363504	0.0	1.1451953860320128
0.3241792789314032	0.0	1.1379460534614654
0.32568010892645594	0.0	1.1306756673262852
0.32718093892150873	0.0	1.1233843881767294
0.32868176891656153	0.0	1.1160723772837835
0.33018259891161433	0.0	1.108739796172644
0.33168342890666713	0.0	1.1013868069938466
0.3331842589017199	0.0	1.0940135716237427
0.3346850888967727	0.0	1.086620252446958
0.33618591889182553	0.0	1.079207013092767
0.3376867488868783	0.0	1.0717740158317648
0.3391875788819311	0.0	1.0643214242361183
0.3406884088769839	0.0	1.056849404262507
0.34218923887203667	0.0	1.049358117973585
0.34369006886708947	0.0	1.0418477294959907
0.34519089886214227	0.0	1.0343184069873872
0.346691728857195	0.0	1.0267703152506824
0.34819255885224787	0.0	1.0192036173266141
0.3496933888473006	0.0	1.011618479710873
0.3511942188423534	0.0	1.0040150699063786
0.3526950488374062	0.0	0.9963935534075843
0.354195878832459	0.0	0.9887540963158995
0.3556967088275118	0.0	0.9810968662189812
0.3571975388225646	0.0	0.9734220320291003
0.35869836881761735	0.0	0.9657297598753695
0.3601991988126702	0.0	0.9580202166430631
0.361700028807723	0.0	0.9502935715926107
0.36320085880277575	0.0	0.9425499921038393
0.36470168879782855	0.0	0.9347896466253511
0.36620251879288135	0.0	0.9270127042204723
0.36770334878793415	0.0	0.9192193341064684
0.36920417878298695	0.0	0.9114097040343305
0.3707050087780397	0.0	0.903583983728083
0.37220583877309255	0.0	0.8957423454362583
0.37370666876814534	0.0	0.8878849566326305
0.3752074987631981	0.0	0.8800119851312165
0.3767083287582509	0.0	0.8721236025029107
0.3782091587533037	0.0	0.8642199804109639
0.3797099887483565	0.0	0.856301288463853
0.3812108187434093	0.0	0.8483676965073262
0.38271164873846203	0.0	0.840419376648256
0.3842124787335149	0.0	0.8324564983750224
0.3857133087285677	0.0	0.8244792317181237
0.3872141387236204	0.0	0.8164877498195126
0.38871496871867317	0.0	0.8084822233350999
0.390215798713726	0.0	0.8004628234876215
0.3917166287087788	0.0	0.7924297226734842
0.3932174587038316	0.0	0.7843830900391604
0.3947182886988844	0.0	0.7763230979378558
0.3962191186939372	0.0	0.7682499208115413
0.39771994868898997	0.0	0.7601637283426675
0.39922077868404277	0.0	0.7520646917538967
0.40072160867909556	0.0	0.743952984489143
0.40222243867414836	0.0	0.7358287782701339
0.4037232686692012	0.0	0.7276922457119428
0.4052240986642539	0.0	0.7195435588968088
0.4067249286593067	0.0	0.7113828891368655
0.4082257586543595	0.0	0.7032104093182271
0.40972658864941236	0.0	0.6950262927831304
0.41122741864446516	0.0	0.6868307104277169
0.41272824863951796	0.0	0.6786238333391653
0.4142290786345707	0.0	0.6704058384269209
0.4157299086296235	0.0	0.6621768972894705
0.4172307386246763	0.0	0.6539371780321404
0.4187315686197291	0.0	0.6456868563135507
0.4202323986147819	0.0	0.6374261044777715
0.42173322860983464	0.0	0.6291550943421412
0.42323405860488744	0.0	0.6208739989745647
0.42473488859994024	0.0	0.6125829904849477
0.42623571859499304	0.0	0.6042822423448706
0.42773654859004584	0.0	0.5959719257246959
0.4292373785850986	0.0	0.5876522138340629
0.4307382085801514	0.0	0.5793232802893189
0.4322390385752042	0.0	0.5709852943600664
0.43373986857025704	0.0	0.5626384282456451
0.43524069856530984	0.0	0.5542828582085245
0.43674152856036264	0.0	0.545918753512167
0.4382423585554153	0.0	0.5375462850251214
0.4397431885504682	0.0	0.5291656283259308
0.441244018545521	0.0	0.5207769532418873
0.4427448485405738	0.0	0.5123804311589502
0.4442456785356266	0.0	0.5039762367962706
0.4457465085306793	0.0	0.49556454032619174
0.4472473385257321	0.0	0.48714551018958574
0.4487481685207849	0.0	0.4787193203786249
0.4502489985158377	0.0	0.47028614449123735
0.4517498285108905	0.0	0.4618461534204204
0.45325065850594337	0.0	0.4533995181486426
0.45475148850099606	0.0	0.44494640790249046
0.45625231849604886	0.0	0.4364869940494669
0.45775314849110166	0.0	0.42802144794161445
0.4592539784861545	0.0	0.419549940552192
0.4607548084812073	0.0	0.41107264390185555
0.46225563847626	0.0	0.40258972839685375
0.46375646847131285	0.0	0.39410136339008345
0.46525729846636565	0.0	0.3856077195929359
0.46675812846141845	0.0	0.3771089661672702
0.46825895845647125	0.0	0.3686052728971403
0.46975978845152405	0.0	0.3600968132848631
0.4712606184465768	0.0	0.35158375462249547
0.4727614484416296	0.0	0.3430662656189913
0.4742622784366824	0.0	0.3345445178143237
0.4757631084317352	0.0	0.32601867851900623
0.477263938426788	0.0	0.3174889171628686
0.47876476842184074	0.0	0.3089554034683814
0.48026559841689354	0.0	0.30041830693627847
0.48176642841194633	0.0	0.2918777951419739
0.4832672584069992	0.0	0.28333403488141845
0.484768088402052	0.0	0.2747871965085612
0.4862689183971048	0.0	0.266237448985088
0.4877697483921575	0.0	0.2576849595074813
0.48927057838721033	0.0	0.2491298954662205
0.49077140838226313	0.0	0.24057242278858038
0.49227223837731593	0.0	0.2320127099864481
0.49377306837236873	0.0	0.22345092600604882
0.4952738983674215	0.0	0.21488723700257106
0.49677472836247427	0.0	0.20632180854281462
0.49827555835752707	0.0	0.19775480687147654
0.49977638835257987	0.0	0.18918640129207598
0.5012772183476327	0.0	0.18061675653040318
0.5027780483426855	0.0	0.172046035587287
0.5042788783377382	0.0	0.16347440855488285
0.5057797083327911	0.0	0.15490203894222054
0.5072805383278438	0.0	0.1463290901536199
0.5087813683228967	0.0	0.1377557334580506
0.5102821983179494	0.0	0.12918213019584865
0.5117830283130022	0.0	0.12060844263457632
0.513283858308055	0.0	0.11203483858991506
0.5147846883031078	0.0	0.10346148081306875
0.5162855182981606	0.0	0.0948885328315607
0.5177863482932135	0.0	0.08631616019073836
0.5192871782882661	0.0	0.07774452729301476
0.520788008283319	0.0	0.06917379713596399
0.5222888382783718	0.0	0.06060413127259706
0.5237896682734245	0.0	0.052035692897702567
0.5252904982684774	0.0	0.04346864578217809
0.5267913282635301	0.0	0.034903150684184724
0.5282921582585829	0.0	0.02633937001912165
0.5297929882536357	0.0	0.01777746825109621
0.5312938182486885	0.0	0.009217608999951223
0.5327946482437413	0.0	0.0006599507904636785
0.5342954782387941	0.0	-0.007895347427498211
0.5357963082338468	0.0	-0.016448121839947035
0.5372971382288997	0.0	-0.024998210681344647
0.5387979682239524	0.0	-0.03354545341238184
0.5402987982190053	0.0	-0.042089689989596724
0.5417996282140581	0.0	-0.05063076230098686
0.5433004582091109	0.0	-0.05916850847027513
0.5448012882041636	0.0	-0.06770276662410636
0.5463021181992164	0.0	-0.07623338020933089
0.5478029481942692	0.0	-0.08476019018986387
0.5493037781893221	0.0	-0.09328303585684786
0.5508046081843748	0.0	-0.10180175748102524
0.5523054381794276	0.0	-0.11031619788390767
0.5538062681744804	0.0	-0.11882619885806638
0.5553070981695332	0.0	-0.12733160217136522
0.556807928164586	0.0	-0.13583225133538177
0.5583087581596388	0.0	-0.1443279859708494
0.5598095881546916	0.0	-0.15281864953693514
0.5613104181497444	0.0	-0.1613040851754208
0.5628112481447971	0.0	-0.16978413499315587
0.56431207813985	0.0	-0.17825864355518065
0.5658129081349027	0.0	-0.18672745286041667
0.5673137381299556	0.0	-0.19519040940236781
0.5688145681250083	0.0	-0.20364735698207162
0.570315398120061	0.0	-0.21209813534361305
0.5718162281151139	0.0	-0.22054259086028835
0.5733170581101668	0.0	-0.22898057086032328
0.5748178881052195	0.0	-0.237411919049403
0.5763187181002724	0.0	-0.24583647882500026
0.5778195480953251	0.0	-0.2542540978049488
0.5793203780903778	0.0	-0.26266462162336024
0.5808212080854307	0.0	-0.27106789227911915
0.5823220380804834	0.0	-0.2794637567062072
0.5838228680755363	0.0	-0.28785206662579244
0.585323698070589	0.0	-0.29623266625483075
0.5868245280656418	0.0	-0.30460539892924865
0.5883253580606946	0.0	-0.31297011534127367
0.5898261880557474	0.0	-0.32132665905481983
0.5913270180508002	0.0	-0.32967487940051343
0.592827848045853	0.0	-0.3380146254933467
0.5943286780409057	0.0	-0.34634574219721476
0.5958295080359586	0.0	-0.3546680820157078
0.5973303380310114	0.0	-0.36298148997291163
0.5988311680260642	0.0	-0.3712858123559057
0.600331998021117	0.0	-0.37958090227205565
0.6018328280161698	0.0	-0.3878666097481935
0.6033336580112225	0.0	-0.39614278072642134
0.6048344880062754	0.0	-0.4044092643525786
0.6063353180013281	0.0	-0.4126659108567776
0.607836147996381	0.0	-0.4209125696929222
0.6093369779914337	0.0	-0.42914909519445893
0.6108378079864865	0.0	-0.4373753355090969
0.6123386379815393	0.0	-0.44559113775567866
0.6138394679765921	0.0	-0.45379635547287483
0.6153402979716449	0.0	-0.4619908400183825
0.6168411279666978	0.0	-0.4701744409137546
0.6183419579617504	0.0	-0.47834701213514363
0.6198427879568033	0.0	-0.4865084071534601
0.6213436179518561	0.0	-0.4946584738699689
0.6228444479469089	0.0	-0.5027970618125108
0.6243452779419617	0.0	-0.5109240257088136
0.6258461079370145	0.0	-0.5190392222335617
0.6273469379320672	0.0	-0.5271425033789638
0.62884776792712	0.0	-0.535233717471487
0.6303485979221728	0.0	-0.54331271771703
0.6318494279172256	0.0	-0.5513793646162837
0.6333502579122784	0.0	-0.5594335082208611
0.6348510879073311	0.0	-0.5674749956556339
0.636351917902384	0.0	-0.5755036875630264
0.6378527478974367	0.0	-0.5835194400078085
0.6393535778924896	0.0	-0.5915221033002064
0.6408544078875424	0.0	-0.5995115340902342
0.6423552378825951	0.0	-0.6074875883502312
0.6438560678776479	0.0	-0.6154501178074682
0.6453568978727008	0.0	-0.6233989787792619
0.6468577278677535	0.0	-0.6313340300474445
0.6483585578628064	0.0	-0.6392551269496587
0.6498593878578591	0.0	-0.6471621200980553
0.6513602178529119	0.0	-0.6550548703076033
0.6528610478479647	0.0	-0.6629332373643312
0.6543618778430175	0.0	-0.6707970681651595
0.6558627078380703	0.0	-0.6786462262791069
0.6573635378331231	0.0	-0.6864805739996964
0.6588643678281758	0.0	-0.6942999566713578
0.6603651978232287	0.0	-0.7021042345977151
0.6618660278182814	0.0	-0.7098932730911676
0.6633668578133343	0.0	-0.7176669257828533
0.6648676878083871	0.0	-0.7254250487436817
0.6663685178034398	0.0	-0.733167504082352
0.6678693477984926	0.0	-0.7408941513199178
0.6693701777935454	0.0	-0.7486048435453992
0.6708710077885982	0.0	-0.7562994428366853
0.6723718377836511	0.0	-0.7639778120110343
0.6738726677787038	0.0	-0.7716398062151625
0.6753734977737565	0.0	-0.7792852851857576
0.6768743277688094	0.0	-0.7869141112780738
0.6783751577638621	0.0	-0.7945261449989416
0.679875987758915	0.0	-0.8021212438486319
0.6813768177539677	0.0	-0.8096992687960902
0.6828776477490205	0.0	-0.8172600865030376
0.6843784777440733	0.0	-0.8248035558868635
0.6858793077391261	0.0	-0.8323295335359249
0.6873801377341789	0.0	-0.8398378861120168
0.6888809677292317	0.0	-0.8473284714912717
0.6903817977242845	0.0	-0.8548011533287395
0.6918826277193373	0.0	-0.8622557995801305
0.69338345771439	0.0	-0.8696922641291297
0.6948842877094429	0.0	-0.8771104131076565
0.6963851177044957	0.0	-0.8845101143050167
0.6978859476995485	0.0	-0.891891226410501
0.6993867776946012	0.0	-0.8992536129437135
0.7008876076896541	0.0	-0.9065971386935031
0.7023884376847068	0.0	-0.9139216680975271
0.7038892676797597	0.0	-0.9212270663759022
0.7053900976748124	0.0	-0.9285131977320848
0.7068909276698653	0.0	-0.9357799258520461
0.708391757664918	0.0	-0.9430271170156165
0.7098925876599708	0.0	-0.9502546371329047
0.7113934176550236	0.0	-0.9574623506354284
0.7128942476500764	0.0	-0.9646501244806934
0.7143950776451292	0.0	-0.9718178247821256
0.715895907640182	0.0	-0.978965318528041
0.7173967376352347	0.0	-0.9860924749247899
0.7188975676302876	0.0	-0.9931991588412608
0.7203983976253404	0.0	-1.0002852333165229
0.7218992276203932	0.0	-1.0073505708407406
0.723400057615446	0.0	-1.0143950411809128
0.7249008876104988	0.0	-1.0214185088670535
0.7264017176055515	0.0	-1.0284208454651707
0.7279025476006044	0.0	-1.0354019172920814
0.7294033775956571	0.0	-1.0423615954147287
0.73090420759071	0.0	-1.049299750401027
0.7324050375857627	0.0	-1.05621624759426
0.7339058675808154	0.0	-1.0631109621523511
0.7354066975758683	0.0	-1.06998376412573
0.736907527570921	0.0	-1.0768345197941531
0.7384083575659739	0.0	-1.083663101795622
0.7399091875610266	0.0	-1.0904693866682655
0.7414100175560794	0.0	-1.0972532440065015
0.7429108475511322	0.0	-1.10401454341085
0.7444116775461851	0.0	-1.1107531594909767
0.7459125075412378	0.0	-1.1174689624636422
0.7474133375362907	0.0	-1.1241618263038153
0.7489141675313434	0.0	-1.1308316266869414
0.7504149975263962	0.0	-1.1374782361401716
0.751915827521449	0.0	-1.1441015300555197
0.7534166575165018	0.0	-1.1507013833629587
0.7549174875115546	0.0	-1.1572776700806213
0.7564183175066074	0.0	-1.163830265582102
0.7579191475016601	0.0	-1.170359043404925
0.759419977496713	0.0	-1.1768638830875282
0.7609208074917657	0.0	-1.1833446610077765
0.7624216374868186	0.0	-1.1898012526192667
0.7639224674818714	0.0	-1.1962335370415227
0.7654232974769241	0.0	-1.2026413886746785
0.7669241274719769	0.0	-1.2090246878457718
0.7684249574670298	0.0	-1.2153833133477674
0.7699257874620825	0.0	-1.22171714432486
0.7714266174571354	0.0	-1.2280260608330087
0.772927447452188	0.0	-1.2343099403898314
0.7744282774472409	0.0	-1.2405686640308882
0.7759291074422937	0.0	-1.2468021113932606
0.7774299374373463	0.0	-1.2530101658537465
0.7789307674323993	0.0	-1.2591927103332052
0.780431597427452	0.0	-1.2653496247706062
0.7819324274225049	0.0	-1.2714807889077053
0.7834332574175576	0.0	-1.277586086041223
0.7849340874126104	0.0	-1.2836654059986319
0.7864349174076632	0.0	-1.2897186290638427
0.787935747402716	0.0	-1.295745637480076
0.7894365773977688	0.0	-1.301746318998486
0.7909374073928216	0.0	-1.3077205544636497
0.7924382373878744	0.0	-1.3136682327666223
0.7939390673829272	0.0	-1.3195892437348213
0.7954398973779799	0.0	-1.3254834694019362
0.7969407273730328	0.0	-1.331350794475593
0.7984415573680855	0.0	-1.337191112319736
0.7999423873631384	0.0	-1.3430043141357193
0.8014432173581911	0.0	-1.348790280589473
0.8029440473532439	0.0	-1.3545489016009187
0.8044448773482967	0.0	-1.360280074236785
0.8059457073433495	0.0	-1.3659836853733731
0.8074465373384024	0.0	-1.3716596230329698
0.8089473673334551	0.0	-1.3773077801112277
0.8104481973285078	0.0	-1.3829280515555038
0.8119490273235607	0.0	-1.3885203325410869
0.8134498573186134	0.0	-1.3940845112257658
0.8149506873136664	0.0	-1.3996204767285276
0.816451517308719	0.0	-1.405128128420334
0.8179523473037718	0.0	-1.4106073669967971
0.8194531772988247	0.0	-1.416058082716695
0.8209540072938774	0.0	-1.4214801693444117
0.8224548372889303	0.0	-1.426873528850889
0.8239556672839831	0.0	-1.432238054975896
0.8254564972790359	0.0	-1.4375736460492292
0.8269573272740887	0.0	-1.4428802047811817
0.8284581572691414	0.0	-1.4481576239565193
0.8299589872641943	0.0	-1.453405805077965
0.831459817259247	0.0	-1.4586246526794917
0.8329606472542999	0.0	-1.4638140654235934
0.8344614772493526	0.0	-1.4689739439997243
0.8359623072444053	0.0	-1.474104189935223
0.8374631372394582	0.0	-1.479204708441829
0.8389639672345109	0.0	-1.4842754058771943
0.8404647972295638	0.0	-1.4893161842061022
0.8419656272246165	0.0	-1.494326943273964
0.8434664572196693	0.0	-1.4993075964559135
0.8449672872147221	0.0	-1.504258051311013
0.8464681172097749	0.0	-1.5091782066372954
0.8479689472048277	0.0	-1.5140679736781322
0.8494697771998805	0.0	-1.5189272629622321
0.8509706071949332	0.0	-1.5237559830036795
0.8524714371899861	0.0	-1.5285540433515463
0.8539722671850388	0.0	-1.5333213556681926
0.8554730971800917	0.0	-1.5380578308951383
0.8569739271751444	0.0	-1.5427633806823897
0.8584747571701972	0.0	-1.5474379148193416
0.85997558716525	0.0	-1.55208134679821
0.8614764171603028	0.0	-1.5566935985395418
0.8629772471553557	0.0	-1.56127458120665
0.8644780771504084	0.0	-1.5658242093021606
0.8659789071454613	0.0	-1.570342401086908
0.8674797371405141	0.0	-1.574829069159762
0.8689805671355667	0.0	-1.5792841359157015
0.8704813971306197	0.0	-1.5837075222525288
0.8719822271256723	0.0	-1.5880991429501237
0.8734830571207253	0.0	-1.5924589189247818
0.874983887115778	0.0	-1.5967867748325881
0.8764847171108306	0.0	-1.6010826300310965
0.8779855471058836	0.0	-1.6053464070384709
0.8794863771009364	0.0	-1.6095780339795083
0.8809872070959892	0.0	-1.6137774305444967
0.882488037091042	0.0	-1.6179445204221643
0.8839888670860947	0.0	-1.6220792335917789
0.8854896970811476	0.0	-1.626181496163494
0.8869905270762003	0.0	-1.6302512356336234
0.8884913570712532	0.0	-1.6342883781677093
0.8899921870663059	0.0	-1.6382928527284508
0.8914930170613586	0.0	-1.6422645947106922
0.8929938470564115	0.0	-1.646203531974274
0.8944946770514642	0.0	-1.6501095921326299
0.8959955070465171	0.0	-1.6539827127801077
0.8974963370415698	0.0	-1.6578228291205699
0.8989971670366227	0.0	-1.6616298731541042
0.9004979970316754	0.0	-1.6654037784272604
0.9019988270267282	0.0	-1.669144480088457
0.903499657021781	0.0	-1.6728519175865322
0.9050004870168338	0.0	-1.6765260309001988
0.9065013170118867	0.0	-1.680166751481176
0.9080021470069394	0.0	-1.6837740243787946
0.9095029770019921	0.0	-1.687347794857982
0.911003806997045	0.0	-1.6908879919429656
0.9125046369920977	0.0	-1.694394561434725
0.9140054669871507	0.0	-1.6978674523749089
0.9155062969822033	0.0	-1.7013066063256241
0.9170071269772561	0.0	-1.704711969389701
0.918507956972309	0.0	-1.7080834824822886
0.9200087869673617	0.0	-1.7114210898887334
0.9215096169624146	0.0	-1.714724746694706
0.9230104469574674	0.0	-1.7179943997978309
0.92451127695252	0.0	-1.721229993976269
0.926012106947573	0.0	-1.724431482011458
0.9275129369426257	0.0	-1.7275988171284757
0.9290137669376786	0.0	-1.730731948485998
0.9305145969327313	0.0	-1.7338308282986552
0.932015426927784	0.0	-1.7368954147573405
0.9335162569228369	0.0	-1.7399256602553321
0.9350170869178897	0.0	-1.7429215187138762
0.9365179169129425	0.0	-1.745882946567947
0.9380187469079952	0.0	-1.7488098998396875
0.9395195769030481	0.0	-1.7517023439777215
0.9410204068981008	0.0	-1.754560237296201
0.9425212368931536	0.0	-1.7573835311964507
0.9440220668882064	0.0	-1.7601721886503356
0.9455228968832592	0.0	-1.7629261771088618
0.947023726878312	0.0	-1.7656454625627893
0.9485245568733648	0.0	-1.7683300070105972
0.9500253868684175	0.0	-1.7709797665853624
0.9515262168634704	0.0	-1.7735947058484651
0.9530270468585231	0.0	-1.7761748026446744
0.954527876853576	0.0	-1.7787200256880087
0.9560287068486287	0.0	-1.7812303348697718
0.9575295368436815	0.0	-1.7837057001115693
0.9590303668387343	0.0	-1.7861460965164466
0.9605311968337871	0.0	-1.7885514955893662
0.96203202682884	0.0	-1.7909218658287214
0.9635328568238927	0.0	-1.7932571809389972
0.9650336868189454	0.0	-1.7955574173971474
0.9665345168139984	0.0	-1.7978225474967888
0.968035346809051	0.0	-1.800052549920566
0.969536176804104	0.0	-1.802247401410361
0.9710370067991567	0.0	-1.8044070742906106
0.9725378367942096	0.0	-1.8065315509529007
0.9740386667892623	0.0	-1.808620813037206
0.975539496784315	0.0	-1.810674841419534
0.9770403267793679	0.0	-1.8126936159654374
0.9785411567744207	0.0	-1.814677116361821
0.9800419867694735	0.0	-1.8166253293007368
0.9815428167645263	0.0	-1.8185382372785461
0.983043646759579	0.0	-1.8204158271413327
0.9845444767546319	0.0	-1.822258083911492
0.9860453067496846	0.0	-1.8240649901469965
0.9875461367447375	0.0	-1.8258365422929081
0.9890469667397902	0.0	-1.8275727298507167
0.990547796734843	0.0	-1.8292735335855157
0.9920486267298958	0.0	-1.830938943171339
0.9935494567249485	0.0	-1.8325689579674334
0.9950502867200014	0.0	-1.8341635723302347
0.9965511167150541	0.0	-1.8357227726806993
0.9980519467101069	0.0	-1.8372465527099042
0.9995527767051597	0.0	-1.8387349095960674
1.0010536067002125	0.0	-1.8401878412197525
1.0025544366952654	0.0	-1.8416053447961551
1.0040552666903182	0.0	-1.8429874144414624
1.005556096685371	0.0	-1.8443340495518712
1.0070569266804237	0.0	-1.8456452519387259
1.0085577566754764	0.0	-1.8469210189527887
1.0100585866705294	0.0	-1.848161353385013
1.0115594166655821	0.0	-1.8493662594064562
1.0130602466606349	0.0	-1.8505357365057546
1.0145610766556876	0.0	-1.8516697904804866
1.0160619066507404	0.0	-1.8527684269372382
1.0175627366457933	0.0	-1.853831648747063
1.019063566640846	0.0	-1.854859466895201
1.0205643966358988	0.0	-1.8558518851152603
1.0220652266309516	0.0	-1.8568089083422645
1.0235660566260043	0.0	-1.8577305530139938
1.0250668866210573	0.0	-1.858616819703432
1.02656771661611	0.0	-1.8594677208929369
1.0280685466111628	0.0	-1.8602832816704447
1.0295693766062155	0.0	-1.8610635019312225
1.0310702066012682	0.0	-1.8618083884154935
1.0325710365963212	0.0	-1.86251796805953
1.034071866591374	0.0	-1.8631922547072863
1.035572696586427	0.0	-1.863831257575744
1.0370735265814794	0.0	-1.8644349959675879
1.0385743565765322	0.0	-1.865003488205889
1.0400751865715852	0.0	-1.865536745534626
1.041576016566638	0.0	-1.8660347901706726
1.0430768465616909	0.0	-1.8664976486066944
1.0445776765567436	0.0	-1.8669253334852436
1.0460785065517963	0.0	-1.8673178669554296
1.047579336546849	0.0	-1.8676752740928544
1.0490801665419018	0.0	-1.8679975736765138
1.0505809965369548	0.0	-1.8682847869128696
1.0520818265320075	0.0	-1.8685369407566625
1.0535826565270603	0.0	-1.8687540655389243
1.055083486522113	0.0	-1.868936184012542
1.0565843165171658	0.0	-1.8690833164536467
1.0580851465122187	0.0	-1.8691954923676766
1.0595859765072715	0.0	-1.8692727464908345
1.0610868065023242	0.0	-1.8693151002390536
1.062587636497377	0.0	-1.8693225771107114
1.0640884664924297	0.0	-1.8692952160993241
1.0655892964874827	0.0	-1.8692330500065069
1.0670901264825354	0.0	-1.8691361066618797
1.0685909564775882	0.0	-1.8690044158358168
1.070091786472641	0.0	-1.868838009775437
1.0715926164676937	0.0	-1.8686369262050637
1.0730934464627466	0.0	-1.8684011988073543
1.0745942764577994	0.0	-1.868130857783952
1.0760951064528521	0.0	-1.867825940230752
1.0775959364479049	0.0	-1.8674864833668705
1.0790967664429576	0.0	-1.8671125248488636
1.0805975964380106	0.0	-1.8667041024934745
1.0820984264330633	0.0	-1.866261251511308
1.0835992564281163	0.0	-1.865784010784975
1.0851000864231688	0.0	-1.8652724212240828
1.0866009164182218	0.0	-1.8647265255927277
1.0881017464132745	0.0	-1.8641463569820995
1.0896025764083273	0.0	-1.863531957219808
1.0911034064033802	0.0	-1.862883378065134
1.0926042363984327	0.0	-1.862200652991255
1.0941050663934857	0.0	-1.8614838218234278
1.0956058963885384	0.0	-1.8607329373498334
1.0971067263835912	0.0	-1.859948043991901
1.0986075563786442	0.0	-1.8591291750811016
1.100108386373697	0.0	-1.8582763817421228
1.1016092163687496	0.0	-1.8573897197143072
1.1031100463638024	0.0	-1.8564692220272347
1.1046108763588551	0.0	-1.8555149344269652
1.106111706353908	0.0	-1.8545269146983192
1.1076125363489608	0.0	-1.8535052095854532
1.1091133663440136	0.0	-1.8524498613102907
1.1106141963390663	0.0	-1.8513609185330813
1.112115026334119	0.0	-1.8502384385827262
1.113615856329172	0.0	-1.8490824685052782
1.1151166863242248	0.0	-1.8478930526975152
1.1166175163192775	0.0	-1.8466702486793367
1.1181183463143303	0.0	-1.8454141104095283
1.1196191763093832	0.0	-1.844124687232226
1.121120006304436	0.0	-1.842802028664071
1.1226208362994887	0.0	-1.8414461874809218
1.1241216662945415	0.0	-1.8400572208823067
1.1256224962895942	0.0	-1.8386351875340696
1.1271233262846472	0.0	-1.8371801345192336
1.1286241562797	0.0	-1.835692114379535
1.1301249862747527	0.0	-1.8341711902291338
1.1316258162698054	0.0	-1.832617415712611
1.1331266462648582	0.0	-1.8310308462304343
1.1346274762599111	0.0	-1.829411536037123
1.1361283062549639	0.0	-1.8277595436137113
1.1376291362500166	0.0	-1.826074931655408
1.1391299662450696	0.0	-1.8243577561541529
1.140630796240122	0.0	-1.8226080713398183
1.142131626235175	0.0	-1.8208259359152261
1.1436324562302278	0.0	-1.8190114126618477
1.1451332862252805	0.0	-1.8171645650511885
1.1466341162203335	0.0	-1.8152854486562233
1.1481349462153863	0.0	-1.8133741188466426
1.149635776210439	0.0	-1.8114306418602761
1.1511366062054917	0.0	-1.8094550823515507
1.1526374362005447	0.0	-1.8074475004526682
1.1541382661955975	0.0	-1.8054079534863647
1.1556390961906502	0.0	-1.8033365012644558
1.157139926185703	0.0	-1.8012332152124015
1.1586407561807557	0.0	-1.7990981601510108
1.1601415861758086	0.0	-1.796931391548511
1.1616424161708614	0.0	-1.7947329735110022
1.1631432461659141	0.0	-1.7925029736132778
1.1646440761609669	0.0	-1.790241455474689
1.1661449061560196	0.0	-1.7879484796649008
1.1676457361510726	0.0	-1.7856241169809275
1.1691465661461253	0.0	-1.7832684333956663
1.170647396141178	0.0	-1.7808814891152556
1.1721482261362308	0.0	-1.7784633559902745
1.1736490561312836	0.0	-1.7760140973813319
1.1751498861263365	0.0	-1.7735337796802857
1.1766507161213893	0.0	-1.7710224722609471
1.178151546116442	0.0	-1.7684802377384252
1.1796523761114948	0.0	-1.7659071473533747
1.1811532061065475	0.0	-1.7633032709724958
1.1826540361016005	0.0	-1.7606686706502488
1.1841548660966532	0.0	-1.7580034151628192
1.185655696091706	0.0	-1.7553075789422732
1.187156526086759	0.0	-1.7525812308510957
1.1886573560818114	0.0	-1.7498244390555204
1.1901581860768644	0.0	-1.7470372680990733
1.1916590160719172	0.0	-1.7442197880826005
1.1931598460669701	0.0	-1.7413720738139833
1.1946606760620229	0.0	-1.738494195591227
1.1961615060570754	0.0	-1.7355862235090003
1.1976623360521284	0.0	-1.7326482261709817
1.199163166047181	0.0	-1.7296802748424591
1.200663996042234	0.0	-1.7266824388294657
1.2021648260372868	0.0	-1.7236547931555541
1.2036656560323395	0.0	-1.7205974107741435
1.2051664860273923	0.0	-1.717510359697454
1.206667316022445	0.0	-1.7143937153186852
1.208168146017498	0.0	-1.711247549950495
1.2096689760125507	0.0	-1.7080719345624331
1.2111698060076035	0.0	-1.7048669421325613
1.2126706360026562	0.0	-1.7016326459839657
1.214171465997709	0.0	-1.6983691214605428
1.215672295992762	0.0	-1.6950764415773232
1.2171731259878147	0.0	-1.6917546788071738
1.2186739559828674	0.0	-1.6884039079394912
1.2201747859779202	0.0	-1.6850242006585154
1.221675615972973	0.0	-1.6816156328626606
1.2231764459680259	0.0	-1.6781782827176244
1.2246772759630786	0.0	-1.6747122207185332
1.2261781059581316	0.0	-1.6712175248277672
1.2276789359531841	0.0	-1.667694274387801
1.2291797659482369	0.0	-1.6641425360985285
1.2306805959432898	0.0	-1.6605623844536455
1.2321814259383426	0.0	-1.6569539040078949
1.2336822559333955	0.0	-1.6533171678810359
1.235183085928448	0.0	-1.6496522499198434
1.2366839159235008	0.0	-1.645959231623142
1.2381847459185538	0.0	-1.6422381832766009
1.2396855759136065	0.0	-1.6384891845061167
1.2411864059086595	0.0	-1.6347123184616672
1.2426872359037122	0.0	-1.6309076533403237
1.2441880658987647	0.0	-1.6270752669442847
1.2456888958938177	0.0	-1.6232152436804004
1.2471897258888704	0.0	-1.619327660328106
1.2486905558839234	0.0	-1.615412591658388
1.2501913858789762	0.0	-1.6114701152208055
1.251692215874029	0.0	-1.6075003101791214
1.2531930458690816	0.0	-1.603503257841233
1.2546938758641344	0.0	-1.5994790362126003
1.2561947058591874	0.0	-1.595427723705356
1.25769553585424	0.0	-1.5913493989041945
1.2591963658492928	0.0	-1.5872441411022589
1.2606971958443456	0.0	-1.5831120325192125
1.2621980258393983	0.0	-1.5789531506738776
1.2636988558344513	0.0	-1.5747675775702838
1.265199685829504	0.0	-1.570555392969829
1.2667005158245568	0.0	-1.5663166739477143
1.2682013458196095	0.0	-1.56205150477527
1.2697021758146623	0.0	-1.557759966988307
1.2712030058097152	0.0	-1.55344213834586
1.272703835804768	0.0	-1.5490981019425003
1.2742046657998207	0.0	-1.5447279382851353
1.2757054957948735	0.0	-1.5403317271167067
1.2772063257899262	0.0	-1.5359095531398312
1.2787071557849792	0.0	-1.531461499603057
1.280207985780032	0.0	-1.5269876510611269
1.2817088157750849	0.0	-1.5224880858953995
1.2832096457701374	0.0	-1.5179628836701513
1.2847104757651902	0.0	-1.513412130677495
1.2862113057602431	0.0	-1.5088359122238233
1.2877121357552959	0.0	-1.5042343093644117
1.2892129657503488	0.0	-1.4996074005298863
1.2907137957454016	0.0	-1.494955277027497
1.292214625740454	0.0	-1.4902780260243023
1.293715455735507	0.0	-1.485575725470356
1.2952162857305598	0.0	-1.4808484581336716
1.2967171157256128	0.0	-1.4760963080946152
1.2982179457206655	0.0	-1.471319363789398
1.2997187757157183	0.0	-1.4665177094400277
1.301219605710771	0.0	-1.4616914313263565
1.3027204357058237	0.0	-1.4568406182912665
1.3042212657008767	0.0	-1.4519653505705696
1.3057220956959295	0.0	-1.4470657125649578
1.3072229256909822	0.0	-1.4421417939798309
1.308723755686035	0.0	-1.4371936831651833
1.3102245856810877	0.0	-1.4322214654828502
1.3117254156761406	0.0	-1.4272252228875941
1.3132262456711934	0.0	-1.4222050465079996
1.3147270756662461	0.0	-1.417161027682201
1.3162279056612989	0.0	-1.412093251383874
1.3177287356563516	0.0	-1.4070018046383244
1.3192295656514046	0.0	-1.4018867724686055
1.3207303956464573	0.0	-1.3967482468966297
1.32223122564151	0.0	-1.39158631902019
1.3237320556365628	0.0	-1.3864010737206425
1.3252328856316156	0.0	-1.381192602582473
1.3267337156266685	0.0	-1.3759609953542087
1.3282345456217213	0.0	-1.3707063418152237
1.3297353756167742	0.0	-1.3654287317324822
1.3312362056118268	0.0	-1.3601282534313457
1.3327370356068795	0.0	-1.3548050002399579
1.3342378656019325	0.0	-1.3494590599906988
1.3357386955969852	0.0	-1.344090524508433
1.3372395255920382	0.0	-1.3386994929373384
1.3387403555870907	0.0	-1.3332860538183362
1.3402411855821437	0.0	-1.3278502908005434
1.3417420155771964	0.0	-1.3223922993869375
1.3432428455722492	0.0	-1.3169121800832797
1.3447436755673021	0.0	-1.3114100217509093
1.3462445055623549	0.0	-1.3058859120805828
1.3477453355574076	0.0	-1.3003399514918452
1.3492461655524604	0.0	-1.2947722354691433
1.350746995547513	0.0	-1.2891828523932818
1.352247825542566	0.0	-1.2835719016918885
1.3537486555376188	0.0	-1.2779394744195927
1.3552494855326715	0.0	-1.2722856617296863
1.3567503155277243	0.0	-1.266610568231246
1.358251145522777	0.0	-1.260914289211616
1.35975197551783	0.0	-1.2551969185103038
1.3612528055128827	0.0	-1.2494585523018036
1.3627536355079355	0.0	-1.243699286668291
1.3642544655029882	0.0	-1.2379192179506653
1.365755295498041	0.0	-1.232118444972705
1.367256125493094	0.0	-1.2262970693492254
1.3687569554881467	0.0	-1.2204551857391253
1.3702577854831994	0.0	-1.2145928893681648
1.3717586154782522	0.0	-1.2087102860036865
1.3732594454733051	0.0	-1.2028074759050256
1.3747602754683579	0.0	-1.1968845523695348
1.3762611054634106	0.0	-1.190941617196798
1.3777619354584634	0.0	-1.1849787700485148
1.3792627654535161	0.0	-1.1789961146466303
1.380763595448569	0.0	-1.1729937561608328
1.3822644254436218	0.0	-1.1669717901187515
1.3837652554386746	0.0	-1.1609303159788067
1.3852660854337275	0.0	-1.1548694385841654
1.38676691542878	0.0	-1.1487892649898714
1.388267745423833	0.0	-1.142689895720198
1.3897685754188858	0.0	-1.136571428970534
1.3912694054139385	0.0	-1.130433973841376
1.3927702354089915	0.0	-1.124277637831334
1.3942710654040442	0.0	-1.1181025221978367
1.395771895399097	0.0	-1.1119087313774727
1.3972727253941497	0.0	-1.1056963694556385
1.3987735553892024	0.0	-1.0994655417006116
1.4002743853842554	0.0	-1.0932163572252056
1.4017752153793082	0.0	-1.086948922443702
1.403276045374361	0.0	-1.0806633460377013
1.4047768753694136	0.0	-1.0743597360232984
1.4062777053644664	0.0	-1.0680381958081042
1.4077785353595194	0.0	-1.061698831892783
1.409279365354572	0.0	-1.0553417573085477
1.4107801953496248	0.0	-1.0489670837804537
1.4122810253446776	0.0	-1.0425749186901396
1.4137818553397306	0.0	-1.036165371322926
1.4152826853347833	0.0	-1.0297385495470892
1.416783515329836	0.0	-1.0232945663754227
1.4182843453248888	0.0	-1.0168335347714534
1.4197851753199415	0.0	-1.0103555643839728
1.4212860053149945	0.0	-1.0038607688542573
1.4227868353100472	0.0	-0.997349260517388
1.4242876653051	0.0	-0.990821149373311
1.4257884953001527	0.0	-0.9842765498149885
1.4272893252952055	0.0	-0.9777155804186087
1.4287901552902584	0.0	-0.9711383529031243
1.4302909852853112	0.0	-0.9645449820496385
1.431791815280364	0.0	-0.9579355818135208
1.4332926452754169	0.0	-0.9513102634085925
1.4347934752704694	0.0	-0.9446691491015646
1.4362943052655224	0.0	-0.9380123582140979
1.4377951352605751	0.0	-0.9313400017875803
1.4392959652556279	0.0	-0.9246521968332817
1.4407967952506808	0.0	-0.9179490646999334
1.4422976252457334	0.0	-0.9112307210065047
1.4437984552407863	0.0	-0.9044972854566578
1.445299285235839	0.0	-0.8977488787399422
1.446800115230892	0.0	-0.8909856187857184
1.4483009452259448	0.0	-0.8842076261356249
1.4498017752209975	0.0	-0.8774150198033319
1.4513026052160503	0.0	-0.870607922117134
1.452803435211103	0.0	-0.8637864557012211
1.454304265206156	0.0	-0.8569507382014854
1.4558050952012087	0.0	-0.8501008946016634
1.4573059251962615	0.0	-0.8432370517093193
1.4588067551913142	0.0	-0.8363593248968303
1.460307585186367	0.0	-0.8294678385811818
1.46180841518142	0.0	-0.8225627223177737
1.4633092451764727	0.0	-0.8156440990818024
1.4648100751715254	0.0	-0.8087120915527535
1.4663109051665781	0.0	-0.8017668243325101
1.4678117351616309	0.0	-0.7948084249246944
1.4693125651566838	0.0	-0.7878370192557667
1.4708133951517366	0.0	-0.7808527356734285
1.4723142251467893	0.0	-0.7738557000486599
1.473815055141842	0.0	-0.7668460373467781
1.4753158851368948	0.0	-0.7598238781458359
1.4768167151319478	0.0	-0.7527893506087107
1.4783175451270005	0.0	-0.7457425821589475
1.4798183751220533	0.0	-0.7386837021979327
1.481319205117106	0.0	-0.7316128410263906
1.4828200351121588	0.0	-0.7245301329559493
1.4843208651072117	0.0	-0.7174357058784828
1.4858216951022645	0.0	-0.7103296855848946
1.4873225250973174	0.0	-0.7032122050559477
1.4888233550923702	0.0	-0.6960834008214157
1.4903241850874227	0.0	-0.6889434035271114
1.4918250150824757	0.0	-0.6817923431965047
1.4933258450775284	0.0	-0.6746303558972543
1.4948266750725814	0.0	-0.667457570352849
1.4963275050676341	0.0	-0.6602741234564594
1.4978283350626869	0.0	-0.6530801536477184
1.4993291650577396	0.0	-0.6458757897425824
1.5008299950527924	0.0	-0.6386611688683864
1.5023308250478453	0.0	-0.6314364248130232
1.503831655042898	0.0	-0.6242016934530396
1.5053324850379508	0.0	-0.6169571162532692
1.5068333150330036	0.0	-0.6097028239210713
1.5083341450280563	0.0	-0.6024389526286664
1.5098349750231093	0.0	-0.5951656434465333
1.511335805018162	0.0	-0.5878830327749912
1.5128366350132147	0.0	-0.5805912582033056
1.5143374650082675	0.0	-0.5732904608696041
1.5158382950033202	0.0	-0.5659807797064451
1.5173391249983732	0.0	-0.558662348828353
1.518839954993426	0.0	-0.5513353104824359
1.5203407849884787	0.0	-0.5439998071622094
1.5218416149835314	0.0	-0.5366559761367427
1.5233424449785842	0.0	-0.52930395844563
1.5248432749736371	0.0	-0.5219438943274768
1.5263441049686899	0.0	-0.5145759257274662
1.5278449349637429	0.0	-0.5072001971785752
1.5293457649587954	0.0	-0.49981684869149495
1.5308465949538481	0.0	-0.4924260207203903
1.532347424948901	0.0	-0.48502785699114553
1.5338482549439538	0.0	-0.47762249957843556
1.5353490849390068	0.0	-0.47021009415487963
1.5368499149340595	0.0	-0.462790786824439
1.538350744929112	0.0	-0.45536471642113857
1.539851574924165	0.0	-0.4479320250072255
1.5413524049192178	0.0	-0.44049285958614726
1.5428532349142707	0.0	-0.43304736680413103
1.5443540649093235	0.0	-0.42559569272201137
1.545854894904376	0.0	-0.41813798066514046
1.547355724899429	0.0	-0.4106743761029313
1.5488565548944817	0.0	-0.40320502533027186
1.5503573848895347	0.0	-0.39573007276921496
1.5518582148845874	0.0	-0.38824966682183326
1.5533590448796402	0.0	-0.38076395329637724
1.5548598748746927	0.0	-0.3732730791717719
1.5563607048697456	0.0	-0.36577719466134156
1.5578615348647986	0.0	-0.35827644231415623
1.5593623648598514	0.0	-0.3507709702242239
1.560863194854904	0.0	-0.3432609304902796
1.5623640248499568	0.0	-0.33574646758364307
1.5638648548450098	0.0	-0.3282277293764745
1.5653656848400623	0.0	-0.32070486586047237
1.5668665148351153	0.0	-0.31317802715039084
1.568367344830168	0.0	-0.30564736198103726
1.5698681748252208	0.0	-0.2981130165858643
1.5713690048202735	0.0	-0.2905751417450217
1.5728698348153265	0.0	-0.2830338861686094
1.5743706648103795	0.0	-0.27548939999002314
1.575871494805432	0.0	-0.2679418363677115
1.5773723248004847	0.0	-0.2603913421818814
1.5788731547955377	0.0	-0.25283806751662474
1.5803739847905902	0.0	-0.24528216291193483
1.5818748147856432	0.0	-0.2377237750015373
1.5833756447806961	0.0	-0.2301630595993603
1.584876474775749	0.0	-0.2226001706217155
1.5863773047708014	0.0	-0.21503525356253814
1.5878781347658544	0.0	-0.20746845770489344
1.5893789647609073	0.0	-0.19989993774141254
1.5908797947559599	0.0	-0.19232984639309936
1.5923806247510128	0.0	-0.18475833072498452
1.5938814547460656	0.0	-0.177185542336775
1.595382284741118	0.0	-0.16961163569925417
1.596883114736171	0.0	-0.1620367605267182
1.598383944731224	0.0	-0.15446106888709213
1.5998847747262768	0.0	-0.14688471538057668
1.6013856047213293	0.0	-0.13930784835376403
1.6028864347163823	0.0	-0.13173061648590706
1.6043872647114352	0.0	-0.12415317736523573
1.6058880947064877	0.0	-0.11657568533940381
1.6073889247015407	0.0	-0.10899828622272764
1.6088897546965935	0.0	-0.1014211315347634
1.6103905846916464	0.0	-0.09384437768707463
1.611891414686699	0.0	-0.08626817458495828
1.613392244681752	0.0	-0.0786926754731537
1.6148930746768049	0.0	-0.07111803318965453
1.6163939046718574	0.0	-0.06354439559437836
1.6178947346669101	0.0	-0.05597191782346713
1.619395564661963	0.0	-0.048400754914455515
1.6208963946570156	0.0	-0.04083105558369437
1.6223972246520686	0.0	-0.03326296828862575
1.6238980546471213	0.0	-0.025696647401425785
1.6253988846421743	0.0	-0.018132249170323553
1.6268997146372268	0.0	-0.010569924310852527
1.6284005446322798	0.0	-0.003009821884378002
1.6299013746273328	0.0	0.004547905252649879
1.6314022046223853	0.0	0.012103104989142351
1.632903034617438	0.0	0.01965562647093879
1.634403864612491	0.0	0.027205316767541142
1.6359046946075435	0.0	0.03475202549611372
1.6374055246025965	0.0	0.04229560239399148
1.6389063545976494	0.0	0.049835895485531946
1.6404071845927022	0.0	0.057372752767648305
1.6419080145877547	0.0	0.06490602061060387
1.6434088445828077	0.0	0.0724355505537017
1.6449096745778606	0.0	0.07996119316600271
1.6464105045729132	0.0	0.0874827949563974
1.6479113345679661	0.0	0.09500020861636986
1.6494121645630189	0.0	0.10251328216128978
1.6509129945580718	0.0	0.11002186304876337
1.6524138245531244	0.0	0.11752580343115267
1.6539146545481773	0.0	0.12502495299042318
1.65541548454323	0.0	0.13251916209531442
1.6569163145382828	0.0	0.14000828074181118
1.6584171445333356	0.0	0.14749216054026854
1.6599179745283885	0.0	0.15497065085829972
1.661418804523441	0.0	0.1624436012328443
1.662919634518494	0.0	0.16991086536901426
1.6644204645135467	0.0	0.17737229468302002
1.6659212945085997	0.0	0.18482774137959723
1.6674221245036522	0.0	0.19227705497726594
1.6689229544987052	0.0	0.19972008584495057
1.6704237844937582	0.0	0.20715668974849208
1.6719246144888107	0.0	0.21458671900044304
1.6734254444838634	0.0	0.22201002547298926
1.6749262744789164	0.0	0.2294264600370793
1.676427104473969	0.0	0.23683587790404545
1.6779279344690219	0.0	0.24423813501844963
1.6794287644640746	0.0	0.25163307874565255
1.6809295944591276	0.0	0.2590205664502938
1.6824304244541801	0.0	0.2664004564766868
1.683931254449233	0.0	0.27377259706811496
1.685432084444286	0.0	0.28113684551221096
1.6869329144393386	0.0	0.28849305852678636
1.6884337444343913	0.0	0.2958410877898823
1.6899345744294443	0.0	0.3031807924960316
1.6914354044244972	0.0	0.3105120280599949
1.6929362344195498	0.0	0.31783464895994884
1.6944370644146027	0.0	0.3251485134508833
1.6959378944096555	0.0	0.33245347630065675
1.697438724404708	0.0	0.33974939778200924
1.698939554399761	0.0	0.34703613700322
1.700440384394814	0.0	0.35431354665888
1.7019412143898665	0.0	0.36158148561700115
1.7034420443849194	0.0	0.3688398161064533
1.7049428743799722	0.0	0.37608839607730565
1.7064437043750251	0.0	0.38332708471791427
1.7079445343700776	0.0	0.39055574254742637
1.7094453643651306	0.0	0.3977742272479036
1.7109461943601834	0.0	0.40498240017950293
1.712447024355236	0.0	0.4121801239777287
1.7139478543502888	0.0	0.4193672586072565
1.7154486843453418	0.0	0.4265436653112533
1.7169495143403943	0.0	0.4337092065988762
1.7184503443354473	0.0	0.44086374434473374
1.7199511743305	0.0	0.4480071429310399
1.721452004325553	0.0	0.45513926439877067
1.7229528343206055	0.0	0.4622599707642687
1.7244536643156585	0.0	0.4693691290158499
1.7259544943107115	0.0	0.4764666029565122
1.727455324305764	0.0	0.48355225617369385
1.7289561543008167	0.0	0.4906259543434499
1.7304569842958697	0.0	0.4976875634312587
1.7319578142909227	0.0	0.5047369498186647
1.7334586442859752	0.0	0.5117739798378351
1.7349594742810281	0.0	0.5187985210068499
1.736460304276081	0.0	0.5258104409302649
1.7379611342711334	0.0	0.5328096058970463
1.7394619642661864	0.0	0.5397958850241839
1.7409627942612393	0.0	0.5467691470528799
1.7424636242562919	0.0	0.5537292610969804
1.7439644542513446	0.0	0.5606760996096994
1.7454652842463976	0.0	0.5676095304788392
1.7469661142414505	0.0	0.5745294222330377
1.748466944236503	0.0	0.5814356482066128
1.749967774231556	0.0	0.5883280810374918
1.7514686042266088	0.0	0.5952065919035043
1.7529694342216613	0.0	0.6020710532272027
1.7544702642167143	0.0	0.6089213373969999
1.7559710942117672	0.0	0.615757317386702
1.75747192420682	0.0	0.622578869737434
1.7589727542018727	0.0	0.6293858681161375
1.7604735841969255	0.0	0.6361781845047021
1.7619744141919784	0.0	0.642955696473082
1.763475244187031	0.0	0.6497182818592767
1.764976074182084	0.0	0.6564658152112572
1.7664769041771367	0.0	0.6631981733351233
1.7679777341721894	0.0	0.6699152342350935
1.7694785641672421	0.0	0.6766168756229303
1.770979394162295	0.0	0.6833029756323806
1.772480224157348	0.0	0.6899734129115322
1.7739810541524006	0.0	0.6966280687671699
1.7754818841474533	0.0	0.7032668223741867
1.7769827141425063	0.0	0.7098895519002096
1.7784835441375588	0.0	0.716496141165658
1.7799843741326118	0.0	0.7230864722072914
1.7814852041276648	0.0	0.7296604249547961
1.7829860341227173	0.0	0.7362178831793246
1.78448686411777	0.0	0.7427587289545865
1.785987694112823	0.0	0.7492828464121357
1.787488524107876	0.0	0.7557901209588364
1.7889893541029285	0.0	0.7622804359407129
1.7904901840979814	0.0	0.768753677149775
1.7919910140930342	0.0	0.7752097298233757
1.7934918440880867	0.0	0.7816484803234196
1.7949926740831397	0.0	0.7880698160653484
1.7964935040781926	0.0	0.7944736234540829
1.7979943340732454	0.0	0.8008597912019757
1.7994951640682981	0.0	0.8072282082308365
1.8009959940633509	0.0	0.8135787624242882
1.8024968240584038	0.0	0.819911343948604
1.8039976540534564	0.0	0.8262258422832094
1.8054984840485093	0.0	0.8325221468150623
1.806999314043562	0.0	0.8388001515333723
1.8085001440386146	0.0	0.8450597474609198
1.8100009740336676	0.0	0.8513008251183134
1.8115018040287205	0.0	0.8575232774289462
1.8130026340237735	0.0	0.8637269983728177
1.814503464018826	0.0	0.8699118842896962
1.8160042940138788	0.0	0.8760778257402103
1.8175051240089317	0.0	0.882224717406779
1.8190059540039842	0.0	0.8883524589314411
1.8205067839990372	0.0	0.8944609434440509
1.82200761399409	0.0	0.9005500673305362
1.8235084439891427	0.0	0.9066197294535835
1.8250092739841954	0.0	0.9126698258695668
1.8265101039792484	0.0	0.9187002545385055
1.8280109339743014	0.0	0.9247109145141237
1.8295117639693539	0.0	0.9307017066892482
1.8310125939644066	0.0	0.9366725310324391
1.8325134239594596	0.0	0.9426232850940848
1.8340142539545121	0.0	0.9485538721513402
1.835515083949565	0.0	0.9544641943784831
1.837015913944618	0.0	0.9603541509385338
1.8385167439396708	0.0	0.9662236462992209
1.8400175739347233	0.0	0.9720725839256671
1.8415184039297763	0.0	0.9779008672828471
1.8430192339248292	0.0	0.9837084001591868
1.8445200639198818	0.0	0.9894950868977685
1.8460208939149347	0.0	0.9952608343583791
1.8475217239099875	0.0	1.0010055479297961
1.84902255390504	0.0	1.0067291336246573
1.850523383900093	0.0	1.0124314988911745
1.852024213895146	0.0	1.0181125507076776
1.8535250438901987	0.0	1.023772197133885
1.8550258738852514	0.0	1.0294103479315062
1.8565267038803042	0.0	1.0350269111523445
1.8580275338753571	0.0	1.040621796616697
1.8595283638704097	0.0	1.0461949152861132
1.8610291938654626	0.0	1.0517461775136503
1.8625300238605154	0.0	1.0572754952358712
1.864030853855568	0.0	1.062782779428158
1.8655316838506208	0.0	1.0682679425137844
1.8670325138456738	0.0	1.073730898969134
1.8685333438407268	0.0	1.0791715618905697
1.8700341738357793	0.0	1.0845898440017365
1.871535003830832	0.0	1.0899856602965399
1.873035833825885	0.0	1.0953589274124378
1.8745366638209375	0.0	1.1007095602648491
1.8760374938159905	0.0	1.1060374738153524
1.8775383238110435	0.0	1.1113425855023586
1.8790391538060962	0.0	1.1166248141628115
1.8805399838011487	0.0	1.1218840769331604
1.8820408137962017	0.0	1.1271202901058117
1.8835416437912547	0.0	1.1323333748989861
1.8850424737863072	0.0	1.1375232511723723
1.88654330378136	0.0	1.1426898372299499
1.888044133776413	0.0	1.1478330546703688
1.8895449637714654	0.0	1.1529528237984559
1.8910457937665184	0.0	1.1580490660110787
1.8925466237615713	0.0	1.1631217044625584
1.894047453756624	0.0	1.1681706621408676
1.8955482837516766	0.0	1.173195860934227
1.8970491137467296	0.0	1.1781972236026217
1.8985499437417825	0.0	1.1831746766427744
1.900050773736835	0.0	1.188128145254497
1.901551603731888	0.0	1.1930575521469726
1.9030524337269408	0.0	1.1979628239925015
1.9045532637219937	0.0	1.202843888801831
1.9060540937170463	0.0	1.207700670946154
1.9075549237120992	0.0	1.2125330988967977
1.909055753707152	0.0	1.2173411016734037
1.9105565837022047	0.0	1.2221246058297097
1.9120574136972575	0.0	1.2268835416360528
1.9135582436923104	0.0	1.2316178382492216
1.915059073687363	0.0	1.2363274242237272
1.916559903682416	0.0	1.2410122316243108
1.9180607336774687	0.0	1.245672191580868
1.9195615636725216	0.0	1.2503072350738482
1.9210623936675741	0.0	1.254917294343588
1.922563223662627	0.0	1.259502300230375
1.92406405365768	0.0	1.2640621872495774
1.9255648836527326	0.0	1.2685968908869345
1.9270657136477853	0.0	1.2731063433489405
1.9285665436428383	0.0	1.277590477850945
1.9300673736378908	0.0	1.2820492306765525
1.9315682036329438	0.0	1.2864825383434944
1.9330690336279968	0.0	1.290890335944727
1.9345698636230495	0.0	1.2952725605124158
1.936070693618102	0.0	1.2996291489231395
1.937571523613155	0.0	1.3039600385633427
1.939072353608208	0.0	1.3082651682457431
1.9405731836032605	0.0	1.3125444757895695
1.9420740135983134	0.0	1.3167979011797304
1.9435748435933662	0.0	1.3210253843902604
1.9450756735884192	0.0	1.3252268638380234
1.9465765035834717	0.0	1.3294022809835235
1.9480773335785246	0.0	1.333551577978754
1.9495781635735774	0.0	1.337674695629512
1.95107899356863	0.0	1.341771575351621
1.9525798235636829	0.0	1.3458421605308672
1.9540806535587358	0.0	1.349886394887251
1.9555814835537884	0.0	1.3539042212520502
1.9570823135488413	0.0	1.357895583855149
1.958583143543894	0.0	1.3618604273900263
1.960083973538947	0.0	1.3657986965916975
1.9615848035339996	0.0	1.3697103379511528
1.9630856335290525	0.0	1.3735952975235095
1.9645864635241053	0.0	1.3774535205905982
1.966087293519158	0.0	1.381284955217519
1.9675881235142108	0.0	1.3850895496912197
1.9690889535092637	0.0	1.3888672508908502
1.9705897835043162	0.0	1.3926180073651522
1.9720906134993692	0.0	1.3963417686548394
1.973591443494422	0.0	1.4000384843591571
1.975092273489475	0.0	1.403708104544034
1.9765931034845274	0.0	1.4073505795280565
1.9780939334795804	0.0	1.410965860011702
1.9795947634746334	0.0	1.4145538978076084
1.981095593469686	0.0	1.4181146450780515
1.9825964234647386	0.0	1.4216480542617111
1.9840972534597916	0.0	1.4251540785443666
1.9855980834548446	0.0	1.4286326705434182
1.987098913449897	0.0	1.4320837844435343
1.98859974344495	0.0	1.4355073755097905
1.9901005734400028	0.0	1.4389033976457166
1.9916014034350553	0.0	1.4422718062327677
1.9931022334301083	0.0	1.4456125577428491
1.9946030634251612	0.0	1.448925608400682
1.9961038934202138	0.0	1.4522109155753824
1.9976047234152667	0.0	1.4554684359014134
1.9991055534103195	0.0	1.4586981264598922
2.0006063834053722	0.0	1.461899946329621
2.002107213400425	0.0	1.4650738547504059
2.0036080433954777	0.0	1.4682198108765763
2.005108873390531	0.0	1.4713377738339446
2.006609703385583	0.0	1.4744277039143008
2.0081105333806364	0.0	1.477489562265072
2.009611363375689	0.0	1.480523309585497
2.011112193370742	0.0	1.483528907922489
2.0126130233657946	0.0	1.486506319788905
2.0141138533608474	0.0	1.4894555070599842
2.0156146833559005	0.0	1.4923764332867335
2.017115513350953	0.0	1.4952690621125724
2.0186163433460056	0.0	1.4981333571231834
2.020117173341059	0.0	1.5009692833597972
2.021618003336111	0.0	1.50377680595761
2.0231188333311643	0.0	1.5065558904460987
2.024619663326217	0.0	1.5093065027968462
2.0261204933212698	0.0	1.5120286090614745
2.0276213233163225	0.0	1.5147221763051226
2.0291221533113752	0.0	1.5173871724832433
2.0306229833064284	0.0	1.520023565602072
2.0321238133014807	0.0	1.522631323908167
2.0336246432965335	0.0	1.5252104159953574
2.0351254732915867	0.0	1.5277608114171177
2.036626303286639	0.0	1.5302824801928472
2.038127133281692	0.0	1.5327753922949343
2.039627963276745	0.0	1.5352395193084556
2.0411287932717976	0.0	1.5376748324881193
2.0426296232668504	0.0	1.5400813029568863
2.044130453261903	0.0	1.542458903565157
2.0456312832569563	0.0	1.5448076070694405
2.0471321132520086	0.0	1.5471273864440709
2.048632943247062	0.0	1.549418215570682
2.0501337732421145	0.0	1.5516800686759409
2.0516346032371673	0.0	1.5539129207196238
2.05313543323222	0.0	1.556116747025043
2.0546362632272728	0.0	1.5582915225304665
2.0561370932223255	0.0	1.560437223973163
2.0576379232173783	0.0	1.5625538283345421
2.059138753212431	0.0	1.5646413118020148
2.060639583207484	0.0	1.5666996525299128
2.0621404132025365	0.0	1.568728829160823
2.0636412431975897	0.0	1.5707288199137674
2.0651420731926424	0.0	1.5726996037463419
2.066642903187695	0.0	1.5746411603061619
2.068143733182748	0.0	1.57655346946958
2.0696445631778007	0.0	1.5784365120278765
2.071145393172854	0.0	1.5802902690380278
2.072646223167906	0.0	1.582114721950533
2.074147053162959	0.0	1.5839098529121154
2.075647883158012	0.0	1.5856756445531308
2.0771487131530644	0.0	1.5874120797927385
2.0786495431481176	0.0	1.589119141862785
2.0801503731431703	0.0	1.5907968148638032
2.081651203138223	0.0	1.5924450828894083
2.083152033133276	0.0	1.5940639313594116
2.0846528631283285	0.0	1.5956533461110036
2.0861536931233817	0.0	1.5972133125601213
2.087654523118434	0.0	1.598743817046876
2.089155353113487	0.0	1.60024484663993
2.09065618310854	0.0	1.6017163890425037
2.0921570131035927	0.0	1.6031584318346228
2.0936578430986454	0.0	1.604570963059168
2.095158673093698	0.0	1.605953972059001
2.096659503088751	0.0	1.6073074483726073
2.0981603330838037	0.0	1.6086313815630877
2.0996611630788564	0.0	1.6099257620183889
2.1011619930739096	0.0	1.6111905807025113
2.102662823068962	0.0	1.612425828748107
2.104163653064015	0.0	1.6136314978288637
2.105664483059068	0.0	1.614807580767488
2.1071653130541206	0.0	1.6159540703289408
2.1086661430491733	0.0	1.6170709595038397
2.110166973044226	0.0	1.618158242290911
2.111667803039279	0.0	1.6192159127816619
2.1131686330343316	0.0	1.6202439659805956
2.1146694630293843	0.0	1.6212423972492134
2.1161702930244375	0.0	1.622211202168072
2.11767112301949	0.0	1.6231503770509113
2.119171953014543	0.0	1.6240599183601312
2.1206727830095957	0.0	1.6249398236670936
2.1221736130046485	0.0	1.6257900909644507
2.123674442999701	0.0	1.626610717917151
2.125175272994754	0.0	1.6274017035605923
2.126676102989807	0.0	1.628163047330266
2.1281769329848594	0.0	1.6288947484629643
2.129677762979912	0.0	1.629596807530136
2.1311785929749654	0.0	1.6302692252041115
2.132679422970018	0.0	1.630912002319331
2.134180252965071	0.0	1.6315251408908442
2.1356810829601236	0.0	1.6321086430892824
2.1371819129551763	0.0	1.6326625114360795
2.138682742950229	0.0	1.6331867492324195
2.140183572945282	0.0	1.6336813600867695
2.141684402940335	0.0	1.634146348151698
2.1431852329353873	0.0	1.6345817179991133
2.1446860629304405	0.0	1.6349874746210495
2.1461868929254933	0.0	1.6353636238320197
2.147687722920546	0.0	1.6357101718112101
2.1491885529155987	0.0	1.6360271250739724
2.1506893829106515	0.0	1.6363144906104319
2.1521902129057042	0.0	1.6365722760383967
2.153691042900757	0.0	1.6368004895605828
2.1551918728958097	0.0	1.6369991395491335
2.156692702890863	0.0	1.6371682350030796
2.158193532885915	0.0	1.637307785713926
2.1596943628809684	0.0	1.6374178014947454
2.161195192876021	0.0	1.6374982928405666
2.162696022871074	0.0	1.637549270897556
2.1641968528661266	0.0	1.63757074693126
2.1656976828611794	0.0	1.6375627330786395
2.1671985128562326	0.0	1.6375252418844242
2.168699342851285	0.0	1.6374582860504656
2.1702001728463376	0.0	1.6373618789139757
2.171701002841391	0.0	1.6372360345830692
2.1732018328364435	0.0	1.637080767495868
2.1747026628314963	0.0	1.6368960923026608
2.176203492826549	0.0	1.6366820244489027
2.1777043228216018	0.0	1.6364385796596097
2.1792051528166545	0.0	1.6361657743178801
2.1807059828117072	0.0	1.6358636255384391
2.1822068128067604	0.0	1.635532150205743
2.1837076428018127	0.0	1.6351713659354896
2.1852084727968655	0.0	1.6347812911782038
2.1867093027919187	0.0	1.6343619446832258
2.1882101327869714	0.0	1.6339133455029404
2.189710962782024	0.0	1.633435513123323
2.191211792777077	0.0	1.632928467983389
2.1927126227721296	0.0	1.632392230674258
2.1942134527671824	0.0	1.6318268219707248
2.195714282762235	0.0	1.6312322636110232
2.1972151127572883	0.0	1.6306085775232284
2.198715942752341	0.0	1.6299557862068548
2.200216772747394	0.0	1.6292739126958902
2.2017176027424465	0.0	1.6285629800239385
2.2032184327374993	0.0	1.62782301239675
2.204719262732552	0.0	1.6270540343246631
2.2062200927276048	0.0	1.6262560702098128
2.2077209227226575	0.0	1.6254291456072258
2.2092217527177103	0.0	1.6245732861897615
2.210722582712763	0.0	1.6236885179441098
2.212223412707816	0.0	1.6227748678130811
2.213724242702869	0.0	1.6218323626093345
2.2152250726979217	0.0	1.6208610299264494
2.2167259026929744	0.0	1.6198608982629108
2.218226732688027	0.0	1.6188319957413784
2.21972756268308	0.0	1.6177743510197566
2.2212283926781327	0.0	1.6166879937648286
2.222729222673186	0.0	1.6155729539714556
2.224230052668238	0.0	1.6144292617569458
2.225730882663291	0.0	1.6132569478077439
2.227231712658344	0.0	1.612056043373645
2.228732542653397	0.0	1.610826580077961
2.2302333726484496	0.0	1.6095685900461347
2.2317342026435023	0.0	1.6082821056581325
2.233235032638555	0.0	1.6069671598857764
2.234735862633608	0.0	1.6056237862280436
2.2362366926286605	0.0	1.6042520185069848
2.2377375226237137	0.0	1.602851891218517
2.2392383526187665	0.0	1.601423439012196
2.2407391826138188	0.0	1.59996669655222
2.242240012608872	0.0	1.5984816995805893
2.2437408426039247	0.0	1.596968484570928
2.2452416725989774	0.0	1.5954270878786376
2.24674250259403	0.0	1.593857546121374
2.248243332589083	0.0	1.5922598965910304
2.2497441625841357	0.0	1.5906341771771124
2.2512449925791884	0.0	1.5889804260964697
2.2527458225742416	0.0	1.5872986818924635
2.2542466525692944	0.0	1.585588983531253
2.255747482564347	0.0	1.5838513705889685
2.2572483125594	0.0	1.582085882873153
2.2587491425544526	0.0	1.5802925603603852
2.2602499725495053	0.0	1.5784714437700624
2.261750802544558	0.0	1.5766225745886218
2.263251632539611	0.0	1.5747459946151656
2.2647524625346636	0.0	1.5728417453292196
2.2662532925297163	0.0	1.5709098688575855
2.2677541225247695	0.0	1.5689504081980903
2.2692549525198222	0.0	1.56696340646948
2.270755782514875	0.0	1.5649489073842715
2.2722566125099277	0.0	1.5629069549595735
2.2737574425049805	0.0	1.5608375934377505
2.275258272500033	0.0	1.5587408677392762
2.276759102495086	0.0	1.5566168229987332
2.278259932490139	0.0	1.554465504616774
2.279760762485192	0.0	1.5522869587360701
2.281261592480244	0.0	1.5500812317110941
2.2827624224752974	0.0	1.5478483704323291
2.28426325247035	0.0	1.5455884222065097
2.285764082465403	0.0	1.543301434321521
2.2872649124604556	0.0	1.5409874548372862
2.2887657424555083	0.0	1.538646532126407
2.290266572450561	0.0	1.536278714892278
2.291767402445614	0.0	1.5338840522449109
2.293268232440667	0.0	1.5314625934876194
2.2947690624357198	0.0	1.5290143891131998
2.2962698924307725	0.0	1.5265394893606723
2.2977707224258253	0.0	1.524037944056282
2.299271552420878	0.0	1.5215098049423745
2.3007723824159307	0.0	1.5189551235421757
2.3022732124109835	0.0	1.5163739510785585
2.3037740424060362	0.0	1.5137663401098291
2.3052748724010894	0.0	1.51113234328555
2.3067757023961417	0.0	1.5084720132310099
2.308276532391195	0.0	1.5057854033628164
2.3097773623862476	0.0	1.5030725677444972
2.3112781923813004	0.0	1.5003335599374634
2.312779022376353	0.0	1.4975684343229054
2.314279852371406	0.0	1.4947772461753965
2.3157806823664586	0.0	1.49196005021269
2.3172815123615114	0.0	1.4891169019145816
2.318782342356564	0.0	1.486247857420132
2.3202831723516173	0.0	1.483352972663522
2.3217840023466696	0.0	1.4804323046124588
2.323284832341723	0.0	1.4774859103332108
2.3247856623367755	0.0	1.4745138464962215
2.3262864923318283	0.0	1.4715161711212277
2.327787322326881	0.0	1.468492942311095
2.3292881523219338	0.0	1.4654442183296557
2.3307889823169865	0.0	1.462370058366489
2.3322898123120392	0.0	1.4592705213962618
2.3337906423070924	0.0	1.4561456664491026
2.335291472302145	0.0	1.4529955534700774
2.3367923022971975	0.0	1.4498202428185427
2.3382931322922507	0.0	1.4466197947930772
2.3397939622873034	0.0	1.4433942706494816
2.341294792282356	0.0	1.4401437315234413
2.342795622277409	0.0	1.4368682382025582
2.3442964522724616	0.0	1.4335678532495486
2.345797282267515	0.0	1.4302426397416184
2.347298112262567	0.0	1.4268926592726756
2.3487989422576203	0.0	1.423517974355403
2.350299772252673	0.0	1.4201186490258193
2.351800602247726	0.0	1.4166947469972504
2.3533014322427785	0.0	1.4132463317627744
2.3548022622378313	0.0	1.4097734680399594
2.356303092232884	0.0	1.4062762208713788
2.3578039222279368	0.0	1.4027546545395042
2.3593047522229895	0.0	1.3992088346891678
2.3608055822180427	0.0	1.3956388269220557
2.362306412213095	0.0	1.3920446971633145
2.363807242208148	0.0	1.3884265122807689
2.365308072203201	0.0	1.3847843386624294
2.3668089021982537	0.0	1.3811182433655216
2.3683097321933064	0.0	1.3774282935505011
2.369810562188359	0.0	1.3737145572296154
2.371311392183412	0.0	1.3699771027647407
2.3728122221784647	0.0	1.3662159981149367
2.374313052173518	0.0	1.362431312004801
2.3758138821685706	0.0	1.3586231137920008
2.377314712163623	0.0	1.354791472830301
2.378815542158676	0.0	1.3509364585674863
2.380316372153729	0.0	1.3470581414740697
2.3818172021487816	0.0	1.3431565918580237
2.3833180321438343	0.0	1.3392318804170533
2.384818862138887	0.0	1.335284078310904
2.3863196921339402	0.0	1.3313132568664474
2.3878205221289925	0.0	1.3273194878511436
2.3893213521240457	0.0	1.3233028436161445
2.3908221821190985	0.0	1.3192633968784209
2.3923230121141508	0.0	1.315201219656427
2.393823842109204	0.0	1.311116385367981
2.3953246721042567	0.0	1.30700896775513
2.3968255020993094	0.0	1.3028790399830528
2.398326332094362	0.0	1.2987266763968317
2.399827162089415	0.0	1.294551951912942
2.401327992084468	0.0	1.2903549413092315
2.4028288220795204	0.0	1.2861357191771896
2.4043296520745736	0.0	1.2818943612597096
2.4058304820696264	0.0	1.2776309437424378
2.407331312064679	0.0	1.273345542089386
2.408832142059732	0.0	1.2690382326249197
2.4103329720547846	0.0	1.264709093329903
2.4118338020498373	0.0	1.2603582013695633
2.41333463204489	0.0	1.2559856328102268
2.414835462039943	0.0	1.2515914662434862
2.416336292034996	0.0	1.2471757803756494
2.4178371220300483	0.0	1.2427386527979227
2.4193379520251015	0.0	1.2382801627402942
2.4208387820201542	0.0	1.2338003899072019
2.422339612015207	0.0	1.229299413428547
2.4238404420102597	0.0	1.2247773131003663
2.4253412720053125	0.0	1.2202341696822065
2.4268421020003657	0.0	1.2156700633937343
2.428342931995418	0.0	1.2110850749790176
2.429843761990471	0.0	1.206479286104783
2.431344591985524	0.0	1.2018527784285287
2.432845421980576	0.0	1.1972056336416323
2.4343462519756294	0.0	1.1925379342448954
2.435847081970682	0.0	1.1878497627560216
2.437347911965735	0.0	1.1831412019384195
2.4388487419607876	0.0	1.1784123355659262
2.4403495719558403	0.0	1.173663247537117
2.4418504019508935	0.0	1.1688940218290909
2.443351231945946	0.0	1.1641047426439197
2.444852061940999	0.0	1.1592954947411804
2.4463528919360518	0.0	1.1544663630976184
2.447853721931104	0.0	1.149617433994676
2.4493545519261573	0.0	1.144748792863447
2.45085538192121	0.0	1.1398605251212286
2.452356211916263	0.0	1.1349527184649548
2.4538570419113155	0.0	1.130025459798244
2.4553578719063682	0.0	1.1250788355441987
2.4568587019014214	0.0	1.1201129337478002
2.4583595318964737	0.0	1.1151278421675284
2.459860361891527	0.0	1.110123649426027
2.4613611918865796	0.0	1.1051004450808402
2.4628620218816324	0.0	1.100058316939715
2.464362851876685	0.0	1.0949973547481082
2.465863681871738	0.0	1.0899176490539833
2.467364511866791	0.0	1.0848192888511476
2.4688653418618434	0.0	1.0797023652712558
2.470366171856896	0.0	1.0745669694614233
2.4718670018519493	0.0	1.0694131928383257
2.4733678318470016	0.0	1.0642411274423875
2.474868661842055	0.0	1.05905086366447
2.4763694918371075	0.0	1.0538424947001925
2.4778703218321603	0.0	1.0486161139562413
2.479371151827213	0.0	1.0433718143002357
2.4808719818222658	0.0	1.0381096898103788
2.482372811817319	0.0	1.032829833479028
2.4838736418123712	0.0	1.0275323391995996
2.4853744718074244	0.0	1.0222173026875987
2.486875301802477	0.0	1.0168848188114359
2.4883761317975295	0.0	1.0115349822993784
2.4898769617925827	0.0	1.006167889983624
2.4913777917876354	0.0	1.0007836376259474
2.492878621782688	0.0	0.9953823210913
2.494379451777741	0.0	0.9899640384087214
2.4958802817727936	0.0	0.9845288865043925
2.497381111767847	0.0	0.9790769629282982
2.498881941762899	0.0	0.9736083663271787
2.5003827717579523	0.0	0.9681231943634594
2.501883601753005	0.0	0.96262154616743
2.503384431748058	0.0	0.9571035214101112
2.5048852617431105	0.0	0.9515692195652724
2.5063860917381633	0.0	0.9460187413836024
2.5078869217332165	0.0	0.9404521866932057
2.509387751728269	0.0	0.9348696555685756
2.5108885817233215	0.0	0.9292712502005438
2.5123894117183747	0.0	0.9236570712196656
2.513890241713427	0.0	0.9180272216362193
2.51539107170848	0.0	0.9123818049626182
2.516891901703533	0.0	0.9067209216322402
2.5183927316985857	0.0	0.9010446749110356
2.5198935616936384	0.0	0.8953531695297686
2.521394391688691	0.0	0.8896465107644468
2.5228952216837444	0.0	0.8839248016207435
2.5243960516787967	0.0	0.8781881453029521
2.5258968816738494	0.0	0.8724366492527409
2.5273977116689026	0.0	0.8666704185874619
2.528898541663955	0.0	0.8608895579639236
2.530399371659008	0.0	0.8550941756031655
2.531900201654061	0.0	0.8492843777161144
2.5334010316491136	0.0	0.8434602700577962
2.5349018616441663	0.0	0.8376219616887064
2.536402691639219	0.0	0.8317695607913252
2.5379035216342722	0.0	0.825903175469573
2.5394043516293245	0.0	0.8200229139044506
2.5409051816243777	0.0	0.8141288844186189
2.5424060116194305	0.0	0.8082211988789042
2.5439068416144828	0.0	0.8022999676673095
2.545407671609536	0.0	0.7963652980544939
2.5469085016045887	0.0	0.7904173013959205
2.5484093315996414	0.0	0.7844560913250979
2.549910161594694	0.0	0.7784817781485942
2.551410991589747	0.0	0.772494472712044
2.5529118215848	0.0	0.7664942879049818
2.5544126515798524	0.0	0.7604813368942516
2.5559134815749056	0.0	0.7544557341866801
2.5574143115699584	0.0	0.7484175921266141
2.558915141565011	0.0	0.7423670230599162
2.560415971560064	0.0	0.7363041433786944
2.5619168015551166	0.0	0.7302290675990776
2.5634176315501698	0.0	0.7241419093622863
2.564918461545222	0.0	0.7180427862988445
2.566419291540275	0.0	0.7119318139552641
2.567920121535328	0.0	0.7058091074237458
2.5694209515303803	0.0	0.6996747844087507
2.5709217815254335	0.0	0.6935289611884113
2.5724226115204862	0.0	0.6873717556920692
2.573923441515539	0.0	0.6812032859183984
2.5754242715105917	0.0	0.675023669941526
2.5769251015056445	0.0	0.6688330272233486
2.5784259315006977	0.0	0.6626314763724553
2.57992676149575	0.0	0.6564191360020769
2.581427591490803	0.0	0.6501961259792284
2.582928421485856	0.0	0.6439625670472938
2.584429251480908	0.0	0.6377185800236501
2.5859300814759614	0.0	0.6314642859243308
2.587430911471014	0.0	0.6251998054126434
2.588931741466067	0.0	0.6189252601284438
2.5904325714611196	0.0	0.6126407732765249
2.5919334014561723	0.0	0.606346466972654
2.5934342314512255	0.0	0.6000424631293179
2.594935061446278	0.0	0.5937288844784496
2.596435891441331	0.0	0.5874058544019174
2.5979367214363838	0.0	0.5810734994206918
2.5994375514314365	0.0	0.5747319431816155
2.6009383814264893	0.0	0.5683813079329615
2.602439211421542	0.0	0.5620217199061109
2.6039400414165947	0.0	0.555653305403312
2.6054408714116475	0.0	0.5492761893775469
2.6069417014067002	0.0	0.5428904976227885
2.6084425314017534	0.0	0.5364963564567088
2.6099433613968057	0.0	0.5300938922677909
2.611444191391859	0.0	0.5236832334468817
2.6129450213869116	0.0	0.5172645066074006
2.6144458513819644	0.0	0.5108378396781533
2.615946681377017	0.0	0.5044033609144107
2.61744751137207	0.0	0.4979611980077441
2.618948341367123	0.0	0.4915114806705999
2.6204491713621754	0.0	0.48505433636352874
2.621950001357228	0.0	0.47858989519015144
2.6234508313522813	0.0	0.472118288920703
2.6249516613473336	0.0	0.4656396455301303
2.626452491342387	0.0	0.4591540940161993
2.6279533213374395	0.0	0.4526617671472013
2.6294541513324923	0.0	0.44616279671493486
2.630954981327545	0.0	0.4396573124411303
2.6324558113225978	0.0	0.4331454465425109
2.633956641317651	0.0	0.4266273299114816
2.6354574713127032	0.0	0.42010309365589626
2.6369583013077564	0.0	0.41357287209355986
2.638459131302809	0.0	0.4070367973859742
2.639959961297862	0.0	0.40049500397414783
2.6414607912929147	0.0	0.39394762492520835
2.6429616212879674	0.0	0.3873947892707833
2.64446245128302	0.0	0.3808366335035853
2.645963281278073	0.0	0.3742732952190566
2.6474641112731256	0.0	0.36770490614746776
2.648964941268179	0.0	0.3611315993466627
2.650465771263231	0.0	0.354553510055496
2.6519666012582843	0.0	0.34797077379022423
2.653467431253337	0.0	0.34138352574043535
2.65496826124839	0.0	0.33479190196439296
2.6564690912434425	0.0	0.32819603840340816
2.6579699212384953	0.0	0.32159607033343324
2.6594707512335485	0.0	0.3149921340869164
2.660971581228601	0.0	0.3083843663043333
2.6624724112236535	0.0	0.30177290331214013
2.6639732412187067	0.0	0.29515788228997153
2.665474071213759	0.0	0.28853943921290764
2.666974901208812	0.0	0.28191771166422186
2.668475731203865	0.0	0.2752928391000967
2.6699765611989177	0.0	0.2686649573724087
2.6714773911939704	0.0	0.2620342031063208
2.672978221189023	0.0	0.255400714698376
2.6744790511840764	0.0	0.2487646316755128
2.6759798811791287	0.0	0.24212609296096857
2.6774807111741814	0.0	0.23548523434514745
2.6789815411692346	0.0	0.2288421952564178
2.6804823711642873	0.0	0.22219711530194292
2.68198320115934	0.0	0.21555013212036575
2.683484031154393	0.0	0.20890138669883346
2.6849848611494456	0.0	0.20225101689791075
2.6864856911444983	0.0	0.19559916016520287
2.687986521139551	0.0	0.18894595813782894
2.6894873511346042	0.0	0.18229155140876596
2.6909881811296565	0.0	0.1756360772377624
2.6924890111247097	0.0	0.16897967447104867
2.6939898411197625	0.0	0.162322484634857
2.695490671114815	0.0	0.15566464653229098
2.696991501109868	0.0	0.1490063006792838
2.6984923311049207	0.0	0.14234758896254265
2.6999931610999734	0.0	0.13568864918707782
2.701493991095026	0.0	0.12902962079671826
2.702994821090079	0.0	0.12237064414402561
2.704495651085132	0.0	0.11571185999444718
2.7059964810801844	0.0	0.10905340976654605
2.7074973110752376	0.0	0.10239543263603261
2.7089981410702904	0.0	0.09573806907567622
2.710498971065343	0.0	0.08908145973082744
2.711999801060396	0.0	0.08242574349383947
2.7135006310554486	0.0	0.07577106041546036
2.7150014610505018	0.0	0.06911755322340699
2.716502291045554	0.0	0.062465361703415774
2.718003121040607	0.0	0.055814624125719116
2.71950395103566	0.0	0.04916548239241078
2.7210047810307127	0.0	0.04251807714255354
2.7225056110257655	0.0	0.03587254793711402
2.7240064410208182	0.0	0.02922903343132197
2.725507271015871	0.0	0.022587673186070037
2.7270081010109237	0.0	0.015948611866674404
2.7285089310059765	0.0	0.009311987801917837
2.7300097610010297	0.0	0.0026779367513203494
2.731510590996082	0.0	-0.003953396589028723
2.7330114209911347	0.0	-0.01058187313873443
2.734512250986188	0.0	-0.017207356075456235
2.7360130809812406	0.0	-0.023829702804001575
2.7375139109762934	0.0	-0.030448777761990977
2.739014740971346	0.0	-0.037064440415034795
2.740515570966399	0.0	-0.04367654772431876
2.7420164009614516	0.0	-0.05028496351137149
2.7435172309565043	0.0	-0.05688954822447309
2.7450180609515575	0.0	-0.0634901635041786
2.7465188909466103	0.0	-0.07008667103413288
2.748019720941663	0.0	-0.07667893336354979
2.7495205509367158	0.0	-0.08326681114103088
2.7510213809317685	0.0	-0.08985016377052922
2.7525222109268213	0.0	-0.09642885693120691
2.754023040921874	0.0	-0.1030027524391961
2.7555238709169267	0.0	-0.10957171041004216
2.7570247009119795	0.0	-0.11613559603305175
2.7585255309070322	0.0	-0.1226942715525182
2.7600263609020854	0.0	-0.1292475971179779
2.761527190897138	0.0	-0.13579543997961438
2.763028020892191	0.0	-0.14233766402050257
2.7645288508872436	0.0	-0.1488741287895105
2.7660296808822964	0.0	-0.15540470162614523
2.767530510877349	0.0	-0.16192924628410127
2.769031340872402	0.0	-0.16844762649255077
2.770532170867455	0.0	-0.17495970932909605
2.7720330008625074	0.0	-0.1814653563264752
2.77353383085756	0.0	-0.18796443515689304
2.7750346608526133	0.0	-0.19445681307966894
2.776535490847666	0.0	-0.2009423521205032
2.778036320842719	0.0	-0.2074209205953589
2.7795371508377715	0.0	-0.21389238611478364
2.7810379808328243	0.0	-0.22035661407151239
2.782538810827877	0.0	-0.22681347253195716
2.7840396408229298	0.0	-0.23326282867850434
2.785540470817983	0.0	-0.23970455036207988
2.7870413008130357	0.0	-0.24613850689681413
2.7885421308080884	0.0	-0.2525645642759995
2.790042960803141	0.0	-0.258982593230848
2.791543790798194	0.0	-0.2653924653088372
2.7930446207932467	0.0	-0.271794048286919
2.7945454507882994	0.0	-0.27818721144538067
2.796046280783352	0.0	-0.2845718239319482
2.797547110778405	0.0	-0.29094775857569755
2.7990479407734576	0.0	-0.2973148879592234
2.800548770768511	0.0	-0.303673083821041
2.8020496007635636	0.0	-0.31002221813686287
2.8035504307586163	0.0	-0.316362160091402
2.805051260753669	0.0	-0.3226927833392834
2.806552090748722	0.0	-0.3290139645048529
2.8080529207437745	0.0	-0.3353255772088183
2.8095537507388273	0.0	-0.3416274945881721
2.81105458073388	0.0	-0.34791958990022537
2.812555410728933	0.0	-0.3542017390514807
2.8140562407239855	0.0	-0.36047381897416336
2.8155570707190387	0.0	-0.3667357060677382
2.8170579007140915	0.0	-0.37298727552093885
2.818558730709144	0.0	-0.37922840364993554
2.820059560704197	0.0	-0.38545897096969617
2.8215603906992497	0.0	-0.39167885457278445
2.8230612206943024	0.0	-0.3978879307322809
2.824562050689355	0.0	-0.40408608080101915
2.8260628806844084	0.0	-0.4102731847333187
2.827563710679461	0.0	-0.41644912034568915
2.8290645406745134	0.0	-0.42261377140613926
2.8305653706695666	0.0	-0.4287670181277123
2.8320662006646193	0.0	-0.43490873878588926
2.833567030659672	0.0	-0.4410388203401733
2.835067860654725	0.0	-0.44715714493514125
2.8365686906497776	0.0	-0.4532635928053997
2.8380695206448303	0.0	-0.4593580493301653
2.839570350639883	0.0	-0.46544039950043925
2.8410711806349362	0.0	-0.4715105286953827
2.842572010629989	0.0	-0.47756832175817854
2.8440728406250417	0.0	-0.4836136658423267
2.8455736706200945	0.0	-0.48964644766397464
2.847074500615147	0.0	-0.4956665524975548
2.8485753306102	0.0	-0.5016738686918565
2.8500761606052527	0.0	-0.5076682858648953
2.8515769906003055	0.0	-0.5136496941028863
2.853077820595358	0.0	-0.5196179803622258
2.854578650590411	0.0	-0.5255730361831606
2.856079480585464	0.0	-0.5315147572154116
2.857580310580517	0.0	-0.5374430286902661
2.8590811405755696	0.0	-0.5433577410820987
2.8605819705706224	0.0	-0.5492587924988767
2.862082800565675	0.0	-0.555146073057644
2.863583630560728	0.0	-0.5610194777734804
2.8650844605557806	0.0	-0.5668789035837711
2.8665852905508338	0.0	-0.5727242422567322
2.8680861205458865	0.0	-0.5785553907173767
2.869586950540939	0.0	-0.5843722465499919
2.871087780535992	0.0	-0.5901747056075973
2.8725886105310448	0.0	-0.5959626669222983
2.8740894405260975	0.0	-0.6017360273821764
2.8755902705211502	0.0	-0.6074946861487541
2.877091100516203	0.0	-0.6132385458152604
2.8785919305112557	0.0	-0.6189675033437136
2.8800927605063085	0.0	-0.6246814588998697
2.8815935905013617	0.0	-0.6303803195190923
2.8830944204964144	0.0	-0.636063985595125
2.8845952504914667	0.0	-0.6417323545274309
2.88609608048652	0.0	-0.6473853329755309
2.8875969104815726	0.0	-0.653022829065331
2.8890977404766254	0.0	-0.6586447458953022
2.890598570471678	0.0	-0.6642509896690452
2.892099400466731	0.0	-0.669841465185433
2.893600230461784	0.0	-0.675416078296986
2.8951010604568364	0.0	-0.6809747387561123
2.8966018904518895	0.0	-0.6865173538938864
2.8981027204469423	0.0	-0.6920438336414189
2.899603550441995	0.0	-0.6975540872828813
2.9011043804370478	0.0	-0.7030480251498419
2.9026052104321005	0.0	-0.7085255580051188
2.9041060404271533	0.0	-0.7139865962049323
2.905606870422206	0.0	-0.7194310555457492
2.9071077004172587	0.0	-0.7248588486263652
2.908608530412312	0.0	-0.7302698868072521
2.9101093604073642	0.0	-0.7356640867104631
2.9116101904024174	0.0	-0.7410413611011611
2.91311102039747	0.0	-0.746401625276748
2.914611850392523	0.0	-0.7517448002952534
2.9161126803875757	0.0	-0.757070799574919
2.9176135103826284	0.0	-0.7623795397131277
2.919114340377681	0.0	-0.7676709442508257
2.920615170372734	0.0	-0.7729449287195239
2.922116000367787	0.0	-0.7782014136535349
2.92361683036284	0.0	-0.783440320431251
2.925117660357892	0.0	-0.7886615665927047
2.9266184903529453	0.0	-0.7938650780508352
2.928119320347998	0.0	-0.799050778334235
2.929620150343051	0.0	-0.8042185864492851
2.9311209803381035	0.0	-0.8093684277482946
2.9326218103331563	0.0	-0.8145002269612669
2.9341226403282095	0.0	-0.8196139090523143
2.9356234703232618	0.0	-0.8247094029964716
2.937124300318315	0.0	-0.8297866326796808
2.9386251303133677	0.0	-0.8348455234542326
2.94012596030842	0.0	-0.8398860041596043
2.941626790303473	0.0	-0.8449080055204994
2.943127620298526	0.0	-0.8499114570418091
2.9446284502935787	0.0	-0.8548962869468821
2.9461292802886314	0.0	-0.8598624240382272
2.947630110283684	0.0	-0.8648097999770762
2.9491309402787373	0.0	-0.8697383498748607
2.9506317702737896	0.0	-0.8746480040250711
2.952132600268843	0.0	-0.8795386926472429
2.9536334302638956	0.0	-0.8844103545310136
2.9551342602589483	0.0	-0.8892629242949079
2.956635090254001	0.0	-0.8940963316471346
2.958135920249054	0.0	-0.8989105136460271
2.9596367502441066	0.0	-0.9037054084034736
2.9611375802391593	0.0	-0.9084809522508283
2.962638410234212	0.0	-0.9132370822587595
2.9641392402292652	0.0	-0.917973737001271
2.9656400702243175	0.0	-0.9226908532532462
2.9671409002193707	0.0	-0.92738837251519
2.9686417302144235	0.0	-0.9320662381606091
2.970142560209476	0.0	-0.9367243857814695
2.971643390204529	0.0	-0.9413627541920611
2.9731442201995817	0.0	-0.9459812891994845
2.974645050194635	0.0	-0.9505799311643622
2.976145880189687	0.0	-0.9551586228009818
2.9776467101847404	0.0	-0.9597173139149948
2.979147540179793	0.0	-0.9642559421561557
2.9806483701748454	0.0	-0.9687744510951118
2.9821492001698986	0.0	-0.9732727894654656
2.9836500301649513	0.0	-0.97775090121367
2.985150860160004	0.0	-0.9822087345558063
2.986651690155057	0.0	-0.9866462356193194
2.9881525201501096	0.0	-0.9910633528297844
2.9896533501451628	0.0	-0.9954600308175067
2.991154180140215	0.0	-0.9998362179464223
2.9926550101352682	0.0	-1.0041918669117527
2.994155840130321	0.0	-1.0085269263854613
2.9956566701253737	0.0	-1.012841348039969
2.9971575001204265	0.0	-1.0171350804610964
2.998658330115479	0.0	-1.0203450185493308
3.000159160110532	0.0	-1.0214132696480718
