0.0	0.0	1.9999247636792907
0.0015008299950527925	0.0	1.9999021568667446
0.003001659990105585	0.0	1.9998252711704836
0.004502489985158378	0.0	1.999698553410264
0.00600331998021117	0.0	1.999535509550026
0.0075041499752639615	0.0	1.9993359483155644
0.009004979970316756	0.0	1.9990994581454968
0.010505809965369548	0.0	1.9988258866728232
0.01200663996042234	0.0	1.9985151613362764
0.01350746995547513	0.0	1.9981667837743582
0.015008299950527923	0.0	1.9977800887367982
0.016509129945580715	0.0	1.9973544564205012
0.01800995994063351	0.0	1.9968895196804513
0.019510789935686303	0.0	1.9963849690354833
0.021011619930739096	0.0	1.9958397563118144
0.022512449925791888	0.0	1.9952520983358017
0.02401327992084468	0.0	1.9946193994154504
0.02551410991589747	0.0	1.9939389132772563
0.02701493991095026	0.0	1.9932108671856732
0.028515769906003054	0.0	1.9924388693055968
0.030016599901055846	0.0	1.9916261441612155
0.03151742989610864	0.0	1.9907737729272046
0.03301825989116143	0.0	1.9898818778351461
0.03451908988621422	0.0	1.9889504981296795
0.03601991988126702	0.0	1.9879796769930387
0.037520749876319814	0.0	1.9869694571784189
0.03902157987137261	0.0	1.985919879900861
0.0405224098664254	0.0	1.984830990189271
0.04202323986147819	0.0	1.983702833416131
0.043524069856530984	0.0	1.9825354527280068
0.045024899851583776	0.0	1.9813288909621272
0.04652572984663657	0.0	1.9800831912315842
0.04802655984168936	0.0	1.9787983996063192
0.04952738983674215	0.0	1.9774745658241828
0.05102821983179494	0.0	1.9761117408257962
0.05252904982684774	0.0	1.9747099765322678
0.05402987982190052	0.0	1.9732693257935825
0.05553070981695332	0.0	1.9717898413125319
0.05703153981200611	0.0	1.9702715762146583
0.05853236980705891	0.0	1.9687145849300307
0.06003319980211169	0.0	1.9671189235578328
0.06153402979716449	0.0	1.9654846499363718
0.06303485979221728	0.0	1.9638118232328543
0.06453568978727008	0.0	1.9621005036638905
0.06603651978232286	0.0	1.9603507526789223
0.06753734977737566	0.0	1.9585626330631523
0.06903817977242845	0.0	1.9567362085947908
0.07053900976748124	0.0	1.9548715438412483
0.07203983976253404	0.0	1.9529687044189414
0.07354066975758683	0.0	1.9510277572355295
0.07504149975263963	0.0	1.9490487701755068
0.07654232974769241	0.0	1.9470318123405346
0.07804315974274521	0.0	1.9449769543726618
0.079543989737798	0.0	1.94288426795892
0.0810448197328508	0.0	1.9407538259269737
0.08254564972790358	0.0	1.9385857024143427
0.08404647972295638	0.0	1.9363799727007331
0.08554730971800917	0.0	1.9341367132908311
0.08704813971306197	0.0	1.9318560019602604
0.08854896970811475	0.0	1.9295379174734166
0.09004979970316755	0.0	1.9271825395136277
0.09155062969822034	0.0	1.9247899491206264
0.09305145969327314	0.0	1.922360228620977
0.09455228968832592	0.0	1.9198934612728722
0.09605311968337872	0.0	1.9173897311358732
0.0975539496784315	0.0	1.9148491235329141
0.0990547796734843	0.0	1.9122717251470052
0.10055560966853709	0.0	1.909657623366812
0.10205643966358988	0.0	1.907006906678016
0.10355726965864268	0.0	1.9043196647427045
0.10505809965369547	0.0	1.901595988219904
0.10655892964874826	0.0	1.898835969123713
0.10805975964380105	0.0	1.8960397001817277
0.10956058963885383	0.0	1.8932072748622266
0.11106141963390664	0.0	1.890338787911175
0.11256224962895943	0.0	1.8874343349586198
0.11406307962401221	0.0	1.8844940127952214
0.115563909619065	0.0	1.8815179193418052
0.11706473961411781	0.0	1.8785061532648906
0.1185655696091706	0.0	1.875458814069852
0.12006639960422338	0.0	1.8723760022411005
0.1215672295992762	0.0	1.869257819313152
0.12306805959432898	0.0	1.8661043678326537
0.12456888958938177	0.0	1.8629157509145937
0.12606971958443455	0.0	1.85969207238694
0.12757054957948735	0.0	1.8564334377344447
0.12907137957454015	0.0	1.8531399530143728
0.13057220956959295	0.0	1.8498117246150132
0.13207303956464572	0.0	1.846448860406223
0.13357386955969852	0.0	1.843051469077981
0.13507469955475132	0.0	1.8396196598397845
0.1365755295498041	0.0	1.836153542629682
0.1380763595448569	0.0	1.8326532280822418
0.1395771895399097	0.0	1.8291188281590511
0.1410780195349625	0.0	1.8255504556403106
0.14257884953001526	0.0	1.8219482238060631
0.1440796795250681	0.0	1.818312246722251
0.14558050952012086	0.0	1.8146426389299872
0.14708133951517366	0.0	1.810939515797562
0.14858216951022643	0.0	1.8072029937097784
0.15008299950527926	0.0	1.8034331898370242
0.15158382950033203	0.0	1.7996302217963414
0.15308465949538483	0.0	1.7957942078659141
0.1545854894904376	0.0	1.7919252671503456
0.15608631948549043	0.0	1.7880235195339604
0.1575871494805432	0.0	1.7840890854243565
0.159087979475596	0.0	1.7801220854194486
0.16058880947064877	0.0	1.776122641348891
0.1620896394657016	0.0	1.7720908756361642
0.16359046946075437	0.0	1.768026910938469
0.16509129945580717	0.0	1.7639308711944937
0.16659212945085994	0.0	1.7598028806772152
0.16809295944591277	0.0	1.7556430637381149
0.16959378944096554	0.0	1.751451545370213
0.17109461943601834	0.0	1.7472284516667078
0.17259544943107114	0.0	1.7429739090549554
0.17409627942612393	0.0	1.738688044131417
0.1755971094211767	0.0	1.7343709845819122
0.1770979394162295	0.0	1.7300228589489899
0.1785987694112823	0.0	1.7256437954240815
0.1800995994063351	0.0	1.7212339222386015
0.18160042940138788	0.0	1.716793369701467
0.18310125939644067	0.0	1.712322267515822
0.18460208939149347	0.0	1.7078207450640788
0.18610291938654627	0.0	1.7032889343613815
0.18760374938159904	0.0	1.6987269669176142
0.18910457937665184	0.0	1.6941349736912954
0.19060540937170464	0.0	1.6895130873521653
0.19210623936675744	0.0	1.6848614402942255
0.1936070693618102	0.0	1.6801801650609234
0.195107899356863	0.0	1.67546939560504
0.1966087293519158	0.0	1.6707292659186543
0.1981095593469686	0.0	1.665959910088514
0.19961038934202138	0.0	1.661161462022756
0.20111121933707418	0.0	1.6563340559991842
0.20261204933212695	0.0	1.6514778279097133
0.20411287932717975	0.0	1.646592913598656
0.20561370932223258	0.0	1.6416794487184363
0.20711453931728535	0.0	1.6367375695884647
0.20861536931233815	0.0	1.6317674122101378
0.21011619930739095	0.0	1.6267691135173667
0.21161702930244372	0.0	1.6217428105172975
0.21311785929749652	0.0	1.6166886401092966
0.2146186892925493	0.0	1.6116067408800376
0.2161195192876021	0.0	1.6064972503133368
0.21762034928265492	0.0	1.6013603058183878
0.21912117927770766	0.0	1.5961960462706781
0.2206220092727605	0.0	1.5910046099934978
0.2221228392678133	0.0	1.5857861361334116
0.22362366926286606	0.0	1.5805407640888467
0.22512449925791886	0.0	1.5752686325034932
0.22662532925297169	0.0	1.5699698811669711
0.22812615924802443	0.0	1.5646446498858957
0.22962698924307726	0.0	1.5592930779947074
0.23112781923813	0.0	1.5539153057105026
0.23262864923318283	0.0	1.5485114732018332
0.23412947922823563	0.0	1.543081720111999
0.2356303092232884	0.0	1.5376261869183923
0.2371311392183412	0.0	1.532145013928155
0.238631969213394	0.0	1.5266383413198807
0.24013279920844677	0.0	1.5211063109048046
0.2416336292034996	0.0	1.5155490643524463
0.2431344591985524	0.0	1.5099667422957843
0.24463528919360517	0.0	1.5043594864366652
0.24613611918865796	0.0	1.4987274390014655
0.24763694918371074	0.0	1.4930707415750235
0.24913777917876354	0.0	1.4873895362581084
0.25063860917381636	0.0	1.4816839652563294
0.2521394391688691	0.0	1.475954170899201
0.2536402691639219	0.0	1.4702002953122002
0.2551410991589747	0.0	1.4644224816350786
0.2566419291540275	0.0	1.4586208725847158
0.2581427591490803	0.0	1.452795609173743
0.25964358914413305	0.0	1.4469468339520069
0.2611444191391859	0.0	1.4410746903457043
0.2626452491342387	0.0	1.4351793211364057
0.26414607912929144	0.0	1.4292608688177555
0.26564690912434424	0.0	1.4233194764147534
0.26714773911939704	0.0	1.417355285345815
0.26864856911444984	0.0	1.4113684389070351
0.27014939910950264	0.0	1.4053590818824033
0.27165022910455544	0.0	1.3993273552744898
0.2731510590996082	0.0	1.39327340168165
0.27465188909466104	0.0	1.3871973651408096
0.2761527190897138	0.0	1.3810993885383227
0.2776535490847666	0.0	1.3749796147159
0.2791543790798194	0.0	1.3688381859468364
0.2806552090748722	0.0	1.362675245476389
0.282156039069925	0.0	1.3564909373599776
0.2836568690649778	0.0	1.350285404560944
0.2851576990600305	0.0	1.3440587891770805
0.2866585290550834	0.0	1.3378112341686779
0.2881593590501362	0.0	1.3315428826253703
0.2896601890451889	0.0	1.325253878046571
0.2911610190402417	0.0	1.318944363655881
0.2926618490352945	0.0	1.3126144813385279
0.2941626790303473	0.0	1.3062643751792806
0.2956635090254001	0.0	1.2998941884263735
0.29716433902045286	0.0	1.2935040621594212
0.2986651690155057	0.0	1.287094140222851
0.3001659990105585	0.0	1.2806645659327316
0.30166682900561126	0.0	1.2742154812543673
0.30316765900066406	0.0	1.267747030286286
0.30466848899571686	0.0	1.261259355157053
0.30616931899076966	0.0	1.2547525975347082
0.30767014898582246	0.0	1.2482269014329685
0.3091709789808752	0.0	1.2416824095180043
0.31067180897592805	0.0	1.2351192648302574
0.31217263897098085	0.0	1.2285376093071811
0.3136734689660336	0.0	1.2219375843641946
0.3151742989610864	0.0	1.2153193343386137
0.3166751289561392	0.0	1.2086830011849057
0.318175958951192	0.0	1.2020287265233236
0.3196767889462448	0.0	1.19535665372083
0.32117761894129754	0.0	1.1886669250045232
0.3226784489363504	0.0	1.1819596825260483
0.3241792789314032	0.0	1.1752350691363254
0.32568010892645594	0.0	1.168493226541861
0.32718093892150873	0.0	1.1617342953155119
0.32868176891656153	0.0	1.1549584192971185
0.33018259891161433	0.0	1.148165741713389
0.33168342890666713	0.0	1.1413564022376936
0.3331842589017199	0.0	1.1345305430863672
0.3346850888967727	0.0	1.1276883078896827
0.33618591889182553	0.0	1.1208298368385687
0.3376867488868783	0.0	1.1139552715979586
0.3391875788819311	0.0	1.1070647562971905
0.3406884088769839	0.0	1.1001584315629733
0.34218923887203667	0.0	1.0932364375893429
0.34369006886708947	0.0	1.0862989173088495
0.34519089886214227	0.0	1.079346011841165
0.346691728857195	0.0	1.072377862296751
0.34819255885224787	0.0	1.065394612019342
0.3496933888473006	0.0	1.0583964015494678
0.3511942188423534	0.0	1.051383370817743
0.3526950488374062	0.0	1.044355662246926
0.354195878832459	0.0	1.0373134179948027
0.3556967088275118	0.0	1.0302567786634849
0.3571975388225646	0.0	1.023185884548575
0.35869836881761735	0.0	1.016100876914548
0.3601991988126702	0.0	1.0090018981303106
0.361700028807723	0.0	1.0018890895726302
0.36320085880277575	0.0	0.9947625911505211
0.36470168879782855	0.0	0.9876225447276846
0.36620251879288135	0.0	0.9804690908892932
0.36770334878793415	0.0	0.9733023689867457
0.36920417878298695	0.0	0.9661225215459949
0.3707050087780397	0.0	0.958929689689745
0.37220583877309255	0.0	0.9517240133732809
0.37370666876814534	0.0	0.9445056345279531
0.3752074987631981	0.0	0.9372746931906394
0.3767083287582509	0.0	0.9300313289853692
0.3782091587533037	0.0	0.9227756843040548
0.3797099887483565	0.0	0.9155078998074703
0.3812108187434093	0.0	0.9082281148962067
0.38271164873846203	0.0	0.9009364708347765
0.3842124787335149	0.0	0.8936331090694091
0.3857133087285677	0.0	0.8863181692379299
0.3872141387236204	0.0	0.878991791689979
0.38871496871867317	0.0	0.8716541177608245
0.390215798713726	0.0	0.8643052881480797
0.3917166287087788	0.0	0.8569454435955914
0.3932174587038316	0.0	0.8495747212521843
0.3947182886988844	0.0	0.8421932623515234
0.3962191186939372	0.0	0.834801211306378
0.39771994868898997	0.0	0.8273987054935972
0.39922077868404277	0.0	0.8199858856630569
0.40072160867909556	0.0	0.812562892472461
0.40222243867414836	0.0	0.8051298635203958
0.4037232686692012	0.0	0.7976869421937229
0.4052240986642539	0.0	0.790234268882139
0.4067249286593067	0.0	0.7827719813751566
0.4082257586543595	0.0	0.7753002219969279
0.40972658864941236	0.0	0.7678191325818606
0.41122741864446516	0.0	0.7603288505806668
0.41272824863951796	0.0	0.7528295156559163
0.4142290786345707	0.0	0.7453212702980915
0.4157299086296235	0.0	0.7378042541944695
0.4172307386246763	0.0	0.7302786072848005
0.4187315686197291	0.0	0.7227444705593757
0.4202323986147819	0.0	0.7152019830677797
0.42173322860983464	0.0	0.7076512852149479
0.42323405860488744	0.0	0.7000925197101405
0.42473488859994024	0.0	0.6925258243768244
0.42623571859499304	0.0	0.684951338785139
0.42773654859004584	0.0	0.6773692065161276
0.4292373785850986	0.0	0.6697795659569753
0.4307382085801514	0.0	0.6621825569735692
0.4322390385752042	0.0	0.6545783211785431
0.43373986857025704	0.0	0.6469669974119138
0.43524069856530984	0.0	0.6393487264760043
0.43674152856036264	0.0	0.6317236507380936
0.4382423585554153	0.0	0.6240919092077466
0.4397431885504682	0.0	0.6164536403830725
0.441244018545521	0.0	0.6088089877650005
0.4427448485405738	0.0	0.6011580908343097
0.4442456785356266	0.0	0.5935010887175176
0.4457465085306793	0.0	0.5858381233168292
0.4472473385257321	0.0	0.5781693329794095
0.4487481685207849	0.0	0.5704948604236918
0.4502489985158377	0.0	0.5628148474932934
0.4517498285108905	0.0	0.5551294321041116
0.45325065850594337	0.0	0.547438754571795
0.45475148850099606	0.0	0.5397429567491339
0.45625231849604886	0.0	0.5320421789025103
0.45775314849110166	0.0	0.5243365605682205
0.4592539784861545	0.0	0.5166262440519231
0.4607548084812073	0.0	0.5089113696600202
0.46225563847626	0.0	0.5011920754500688
0.46375646847131285	0.0	0.4934685045995846
0.46525729846636565	0.0	0.4857407999718046
0.46675812846141845	0.0	0.4780090984044559
0.46825895845647125	0.0	0.470273540872443
0.46975978845152405	0.0	0.46253427008184533
0.4712606184465768	0.0	0.45479142548888246
0.4727614484416296	0.0	0.44704514788049105
0.4742622784366824	0.0	0.4392955771811087
0.4757631084317352	0.0	0.4315428554530196
0.477263938426788	0.0	0.4237871250111663
0.47876476842184074	0.0	0.4160285233432846
0.48026559841689354	0.0	0.4082671920248366
0.48176642841194633	0.0	0.40050327346944564
0.4832672584069992	0.0	0.39273690715485776
0.484768088402052	0.0	0.384968234939929
0.4862689183971048	0.0	0.37719739625628246
0.4877697483921575	0.0	0.36942453165987127
0.48927057838721033	0.0	0.36164978277856774
0.49077140838226313	0.0	0.3538732911479618
0.49227223837731593	0.0	0.3460951979986488
0.49377306837236873	0.0	0.33831564160071326
0.4952738983674215	0.0	0.3305347643060843
0.49677472836247427	0.0	0.32275270818629315
0.49827555835752707	0.0	0.3149696118935365
0.49977638835257987	0.0	0.30718561711734405
0.5012772183476327	0.0	0.2994008646138423
0.5027780483426855	0.0	0.291615493654464
0.5042788783377382	0.0	0.2838296471978725
0.5057797083327911	0.0	0.27604346627134585
0.5072805383278438	0.0	0.2682570892867396
0.5087813683228967	0.0	0.26047065675074005
0.5102821983179494	0.0	0.2526843108087783
0.5117830283130022	0.0	0.24489819434876178
0.513283858308055	0.0	0.23711244597358366
0.5147846883031078	0.0	0.22932720497612905
0.5162855182981606	0.0	0.22154261201088424
0.5177863482932135	0.0	0.21375880772619574
0.5192871782882661	0.0	0.20597593455713956
0.520788008283319	0.0	0.1981941313437693
0.5222888382783718	0.0	0.19041353887919843
0.5237896682734245	0.0	0.18263429769781667
0.5252904982684774	0.0	0.17485654801359551
0.5267913282635301	0.0	0.16708042991112612
0.5282921582585829	0.0	0.15930608249543676
0.5297929882536357	0.0	0.15153364784419832
0.5312938182486885	0.0	0.14376326615910265
0.5327946482437413	0.0	0.13599507539606695
0.5342954782387941	0.0	0.12822921448757527
0.5357963082338468	0.0	0.12046582560997969
0.5372971382288997	0.0	0.11270505009851174
0.5387979682239524	0.0	0.10494702598920233
0.5402987982190053	0.0	0.09719189205752585
0.5417996282140581	0.0	0.08943979037493936
0.5433004582091109	0.0	0.08169085871874997
0.5448012882041636	0.0	0.07394523195820134
0.5463021181992164	0.0	0.06620305541786538
0.5478029481942692	0.0	0.05846447023598098
0.5493037781893221	0.0	0.050729610188124184
0.5508046081843748	0.0	0.0429986163292762
0.5523054381794276	0.0	0.0352716280139794
0.5538062681744804	0.0	0.027548781975176823
0.5553070981695332	0.0	0.019830216760281197
0.556807928164586	0.0	0.012116073073119479
0.5583087581596388	0.0	0.004406490194223107
0.5598095881546916	0.0	-0.0032983947028761176
0.5613104181497444	0.0	-0.01099844573545459
0.5628112481447971	0.0	-0.01869352513548897
0.56431207813985	0.0	-0.026383491475243357
0.5658129081349027	0.0	-0.03406820805254787
0.5673137381299556	0.0	-0.04174753730879938
0.5688145681250083	0.0	-0.04942134243722886
0.570315398120061	0.0	-0.057089487591951725
0.5718162281151139	0.0	-0.0647518346167664
0.5733170581101668	0.0	-0.07240824717308489
0.5748178881052195	0.0	-0.08005858608808183
0.5763187181002724	0.0	-0.08770271373550492
0.5778195480953251	0.0	-0.09534049821261326
0.5793203780903778	0.0	-0.10297180336556876
0.5808212080854307	0.0	-0.11059649065624244
0.5823220380804834	0.0	-0.11821442434974758
0.5838228680755363	0.0	-0.1258254680950686
0.585323698070589	0.0	-0.13342948718625924
0.5868245280656418	0.0	-0.14102634884572587
0.5883253580606946	0.0	-0.1486159154841662
0.5898261880557474	0.0	-0.15619804980177487
0.5913270180508002	0.0	-0.16377262336448586
0.592827848045853	0.0	-0.17133950112755233
0.5943286780409057	0.0	-0.17889854045568784
0.5958295080359586	0.0	-0.18644961375272914
0.5973303380310114	0.0	-0.19399259333640728
0.5988311680260642	0.0	-0.2015273365344489
0.600331998021117	0.0	-0.20905370999625822
0.6018328280161698	0.0	-0.21657158671113869
0.6033336580112225	0.0	-0.2240808317574731
0.6048344880062754	0.0	-0.23158131149509467
0.6063353180013281	0.0	-0.23907289468676907
0.607836147996381	0.0	-0.2465554495407163
0.6093369779914337	0.0	-0.2540288431375716
0.6108378079864865	0.0	-0.26149294552787594
0.6123386379815393	0.0	-0.26894762717472287
0.6138394679765921	0.0	-0.2763927551034151
0.6153402979716449	0.0	-0.283828199530676
0.6168411279666978	0.0	-0.2912538313878911
0.6183419579617504	0.0	-0.2986695175464235
0.6198427879568033	0.0	-0.3060751291347622
0.6213436179518561	0.0	-0.3134705407501822
0.6228444479469089	0.0	-0.3208556226710271
0.6243452779419617	0.0	-0.3282302416885091
0.6258461079370145	0.0	-0.3355942720918018
0.6273469379320672	0.0	-0.34294759127528246
0.62884776792712	0.0	-0.35029006519840056
0.6303485979221728	0.0	-0.3576215657290515
0.6318494279172256	0.0	-0.36494197064982803
0.6333502579122784	0.0	-0.3722511519086655
0.6348510879073311	0.0	-0.3795489835667866
0.636351917902384	0.0	-0.38683533873052167
0.6378527478974367	0.0	-0.3941100891507765
0.6393535778924896	0.0	-0.401373114150281
0.6408544078875424	0.0	-0.4086242892381128
0.6423552378825951	0.0	-0.41586348656563565
0.6438560678776479	0.0	-0.4230905842111529
0.6453568978727008	0.0	-0.430305459211711
0.6468577278677535	0.0	-0.4375079880128605
0.6483585578628064	0.0	-0.44469804856966433
0.6498593878578591	0.0	-0.45187551743859705
0.6513602178529119	0.0	-0.4590402696975423
0.6528610478479647	0.0	-0.4661921851745459
0.6543618778430175	0.0	-0.4733311451515376
0.6558627078380703	0.0	-0.480457029037612
0.6573635378331231	0.0	-0.48756971583530273
0.6588643678281758	0.0	-0.4946690844114755
0.6603651978232287	0.0	-0.5017550134296784
0.6618660278182814	0.0	-0.5088273853055658
0.6633668578133343	0.0	-0.5158860846913568
0.6648676878083871	0.0	-0.5229309911686162
0.6663685178034398	0.0	-0.5299619853785853
0.6678693477984926	0.0	-0.536978949250318
0.6693701777935454	0.0	-0.543981766653426
0.6708710077885982	0.0	-0.5509703237495298
0.6723718377836511	0.0	-0.5579445025415829
0.6738726677787038	0.0	-0.5649041874968699
0.6753734977737565	0.0	-0.5718492649125312
0.6768743277688094	0.0	-0.5787796170934081
0.6783751577638621	0.0	-0.5856951305769456
0.679875987758915	0.0	-0.592595694235539
0.6813768177539677	0.0	-0.5994811926536843
0.6828776477490205	0.0	-0.6063515124180932
0.6843784777440733	0.0	-0.613206542395095
0.6858793077391261	0.0	-0.6200461695225925
0.6873801377341789	0.0	-0.6268702838375528
0.6888809677292317	0.0	-0.6336787768678875
0.6903817977242845	0.0	-0.6404715344117091
0.6918826277193373	0.0	-0.6472484450889768
0.69338345771439	0.0	-0.6540094046663457
0.6948842877094429	0.0	-0.6607543016959779
0.6963851177044957	0.0	-0.6674830236210183
0.6978859476995485	0.0	-0.6741954679949624
0.6993867776946012	0.0	-0.6808915276209958
0.7008876076896541	0.0	-0.6875710917721564
0.7023884376847068	0.0	-0.6942340565725783
0.7038892676797597	0.0	-0.7008803156016926
0.7053900976748124	0.0	-0.707509763480409
0.7068909276698653	0.0	-0.7141222961479639
0.708391757664918	0.0	-0.7207178058346514
0.7098925876599708	0.0	-0.7272961932299072
0.7113934176550236	0.0	-0.7338573551417178
0.7128942476500764	0.0	-0.7404011818411774
0.7143950776451292	0.0	-0.7469275741286088
0.715895907640182	0.0	-0.7534364339319193
0.7173967376352347	0.0	-0.7599276590262672
0.7188975676302876	0.0	-0.7664011481419629
0.7203983976253404	0.0	-0.7728567960476789
0.7218992276203932	0.0	-0.7792945074066937
0.723400057615446	0.0	-0.7857141870919282
0.7249008876104988	0.0	-0.7921157273768034
0.7264017176055515	0.0	-0.7984990353459496
0.7279025476006044	0.0	-0.8048640169010801
0.7294033775956571	0.0	-0.8112105698236781
0.73090420759071	0.0	-0.8175385971752277
0.7324050375857627	0.0	-0.8238480023436967
0.7339058675808154	0.0	-0.8301386919332178
0.7354066975758683	0.0	-0.8364105738232345
0.736907527570921	0.0	-0.8426635525415791
0.7384083575659739	0.0	-0.8488975285312801
0.7399091875610266	0.0	-0.8551124096162633
0.7414100175560794	0.0	-0.8613081082106117
0.7429108475511322	0.0	-0.8674845314667526
0.7444116775461851	0.0	-0.8736415866294701
0.7459125075412378	0.0	-0.8797791782759742
0.7474133375362907	0.0	-0.8858972140207705
0.7489141675313434	0.0	-0.8919956125559617
0.7504149975263962	0.0	-0.8980742823524499
0.751915827521449	0.0	-0.9041331291333753
0.7534166575165018	0.0	-0.9101720693482467
0.7549174875115546	0.0	-0.9161910122010477
0.7564183175066074	0.0	-0.9221898664030957
0.7579191475016601	0.0	-0.9281685495990966
0.759419977496713	0.0	-0.9341269813868527
0.7609208074917657	0.0	-0.9400650689312193
0.7624216374868186	0.0	-0.9459827195879045
0.7639224674818714	0.0	-0.951879855831964
0.7654232974769241	0.0	-0.9577563999535927
0.7669241274719769	0.0	-0.9636122619208882
0.7684249574670298	0.0	-0.9694473533346267
0.7699257874620825	0.0	-0.9752615981669487
0.7714266174571354	0.0	-0.9810549127195259
0.772927447452188	0.0	-0.9868272124006472
0.7744282774472409	0.0	-0.9925784194204678
0.7759291074422937	0.0	-0.9983084505612311
0.7774299374373463	0.0	-1.0040172262216187
0.7789307674323993	0.0	-1.009704671051631
0.780431597427452	0.0	-1.0153707014145237
0.7819324274225049	0.0	-1.0210152355896245
0.7834332574175576	0.0	-1.0266381998041691
0.7849340874126104	0.0	-1.032239516015581
0.7864349174076632	0.0	-1.0378191073273615
0.787935747402716	0.0	-1.0433768977056592
0.7894365773977688	0.0	-1.0489128077648264
0.7909374073928216	0.0	-1.0544267620623224
0.7924382373878744	0.0	-1.059918686609749
0.7939390673829272	0.0	-1.0653885079361183
0.7954398973779799	0.0	-1.070836152213112
0.7969407273730328	0.0	-1.0762615425134954
0.7984415573680855	0.0	-1.0816646073501508
0.7999423873631384	0.0	-1.0870452765544352
0.8014432173581911	0.0	-1.0924034725644916
0.8029440473532439	0.0	-1.0977391269553165
0.8044448773482967	0.0	-1.1030521711355021
0.8059457073433495	0.0	-1.1083425275000274
0.8074465373384024	0.0	-1.113610126909227
0.8089473673334551	0.0	-1.118854904345078
0.8104481973285078	0.0	-1.1240767898546822
0.8119490273235607	0.0	-1.1292757118154388
0.8134498573186134	0.0	-1.1344516006624805
0.8149506873136664	0.0	-1.1396043885869322
0.816451517308719	0.0	-1.1447340108726962
0.8179523473037718	0.0	-1.1498404007336616
0.8194531772988247	0.0	-1.154923489769458
0.8209540072938774	0.0	-1.1599832101649974
0.8224548372889303	0.0	-1.1650194933843523
0.8239556672839831	0.0	-1.170032281445568
0.8254564972790359	0.0	-1.1750215087576934
0.8269573272740887	0.0	-1.1799871059099856
0.8284581572691414	0.0	-1.1849290165531312
0.8299589872641943	0.0	-1.1898471695203943
0.831459817259247	0.0	-1.1947414963683884
0.8329606472542999	0.0	-1.1996119464651724
0.8344614772493526	0.0	-1.2044584565302974
0.8359623072444053	0.0	-1.2092809597900056
0.8374631372394582	0.0	-1.2140793957052858
0.8389639672345109	0.0	-1.2188537034293938
0.8404647972295638	0.0	-1.223603824986515
0.8419656272246165	0.0	-1.2283296945268638
0.8434664572196693	0.0	-1.2330312544936872
0.8449672872147221	0.0	-1.2377084495973487
0.8464681172097749	0.0	-1.2423612142223015
0.8479689472048277	0.0	-1.246989493387047
0.8494697771998805	0.0	-1.2515932328369923
0.8509706071949332	0.0	-1.2561723712446928
0.8524714371899861	0.0	-1.2607268461183543
0.8539722671850388	0.0	-1.2652566017309137
0.8554730971800917	0.0	-1.2697615871239825
0.8569739271751444	0.0	-1.2742417451535455
0.8584747571701972	0.0	-1.2786970178376111
0.85997558716525	0.0	-1.2831273489747586
0.8614764171603028	0.0	-1.2875326811929295
0.8629772471553557	0.0	-1.2919129639527793
0.8644780771504084	0.0	-1.2962681432647265
0.8659789071454613	0.0	-1.3005981578875245
0.8674797371405141	0.0	-1.3049029603500457
0.8689805671355667	0.0	-1.3091825027868074
0.8704813971306197	0.0	-1.3134367248376664
0.8719822271256723	0.0	-1.3176655704983427
0.8734830571207253	0.0	-1.321868988933707
0.874983887115778	0.0	-1.3260469307441862
0.8764847171108306	0.0	-1.330199345840179
0.8779855471058836	0.0	-1.3343261814334961
0.8794863771009364	0.0	-1.338427386676654
0.8809872070959892	0.0	-1.3425029114738933
0.882488037091042	0.0	-1.3465527027536301
0.8839888670860947	0.0	-1.3505767104755482
0.8854896970811476	0.0	-1.3545748878708097
0.8869905270762003	0.0	-1.3585471873203947
0.8884913570712532	0.0	-1.3624935572375245
0.8899921870663059	0.0	-1.3664139437496814
0.8914930170613586	0.0	-1.3703083045856799
0.8929938470564115	0.0	-1.3741765945723927
0.8944946770514642	0.0	-1.3780187586851953
0.8959955070465171	0.0	-1.3818347515846479
0.8974963370415698	0.0	-1.385624527315201
0.8989971670366227	0.0	-1.389388039009484
0.9004979970316754	0.0	-1.3931252448029643
0.9019988270267282	0.0	-1.3968360916055096
0.903499657021781	0.0	-1.400520530806165
0.9050004870168338	0.0	-1.4041785246498353
0.9065013170118867	0.0	-1.4078100261828403
0.9080021470069394	0.0	-1.4114149863444825
0.9095029770019921	0.0	-1.4149933626663984
0.911003806997045	0.0	-1.418545113746079
0.9125046369920977	0.0	-1.4220701929194517
0.9140054669871507	0.0	-1.4255685541016425
0.9155062969822033	0.0	-1.4290401520640987
0.9170071269772561	0.0	-1.4324849475421948
0.918507956972309	0.0	-1.4359029035632767
0.9200087869673617	0.0	-1.4392939684050452
0.9215096169624146	0.0	-1.4426580981081558
0.9230104469574674	0.0	-1.4459952559709952
0.92451127695252	0.0	-1.4493053984963151
0.926012106947573	0.0	-1.4525884834437037
0.9275129369426257	0.0	-1.455844469262796
0.9290137669376786	0.0	-1.4590733178966093
0.9305145969327313	0.0	-1.4622749869383456
0.932015426927784	0.0	-1.4654494311594712
0.9335162569228369	0.0	-1.4685966131930321
0.9350170869178897	0.0	-1.4717164944028482
0.9365179169129425	0.0	-1.4748090366210134
0.9380187469079952	0.0	-1.4778742000653613
0.9395195769030481	0.0	-1.4809119407334208
0.9410204068981008	0.0	-1.4839222234331089
0.9425212368931536	0.0	-1.486905011598369
0.9440220668882064	0.0	-1.4898602621200578
0.9455228968832592	0.0	-1.4927879348710502
0.947023726878312	0.0	-1.4956879977151267
0.9485245568733648	0.0	-1.4985604166184325
0.9500253868684175	0.0	-1.5014051461368183
0.9515262168634704	0.0	-1.5042221472767545
0.9530270468585231	0.0	-1.5070113875138798
0.954527876853576	0.0	-1.509772832974549
0.9560287068486287	0.0	-1.5125064480785004
0.9575295368436815	0.0	-1.5152121934009368
0.9590303668387343	0.0	-1.5178900310449916
0.9605311968337871	0.0	-1.5205399255536816
0.96203202682884	0.0	-1.5231618492575363
0.9635328568238927	0.0	-1.5257557638715487
0.9650336868189454	0.0	-1.5283216253316638
0.9665345168139984	0.0	-1.5308594076257795
0.968035346809051	0.0	-1.5333690787963414
0.969536176804104	0.0	-1.5358506012237378
0.9710370067991567	0.0	-1.5383039441333688
0.9725378367942096	0.0	-1.5407290740150965
0.9740386667892623	0.0	-1.5431259532369928
0.975539496784315	0.0	-1.5454945512893765
0.9770403267793679	0.0	-1.5478348388639407
0.9785411567744207	0.0	-1.5501467775463347
0.9800419867694735	0.0	-1.5524303383117006
0.9815428167645263	0.0	-1.554685494864487
0.983043646759579	0.0	-1.5569122107187692
0.9845444767546319	0.0	-1.5591104554264497
0.9860453067496846	0.0	-1.5612801965925664
0.9875461367447375	0.0	-1.563421403732035
0.9890469667397902	0.0	-1.5655340523791967
0.990547796734843	0.0	-1.5676181089931034
0.9920486267298958	0.0	-1.5696735400697759
0.9935494567249485	0.0	-1.5717003142184853
0.9950502867200014	0.0	-1.5736984113355936
0.9965511167150541	0.0	-1.5756678067213334
0.9980519467101069	0.0	-1.5776084610802685
0.9995527767051597	0.0	-1.5795203476548427
1.0010536067002125	0.0	-1.5814034433902464
1.0025544366952654	0.0	-1.5832577159653993
1.0040552666903182	0.0	-1.5850831390725248
1.005556096685371	0.0	-1.5868796912094156
1.0070569266804237	0.0	-1.5886473401042946
1.0085577566754764	0.0	-1.5903860574038395
1.0100585866705294	0.0	-1.5920958258077293
1.0115594166655821	0.0	-1.593776616211011
1.0130602466606349	0.0	-1.5954283962063316
1.0145610766556876	0.0	-1.597051146127554
1.0160619066507404	0.0	-1.5986448448298205
1.0175627366457933	0.0	-1.6002094668308664
1.019063566640846	0.0	-1.6017449880716679
1.0205643966358988	0.0	-1.6032513834211521
1.0220652266309516	0.0	-1.60472862549328
1.0235660566260043	0.0	-1.6061766939934408
1.0250668866210573	0.0	-1.6075955740795964
1.02656771661611	0.0	-1.6089852399552693
1.0280685466111628	0.0	-1.610345661326394
1.0295693766062155	0.0	-1.6116768240840975
1.0310702066012682	0.0	-1.612978707724293
1.0325710365963212	0.0	-1.6142512875286918
1.034071866591374	0.0	-1.615494551433883
1.035572696586427	0.0	-1.616708474167106
1.0370735265814794	0.0	-1.61789302850868
1.0385743565765322	0.0	-1.619048206399903
1.0400751865715852	0.0	-1.620173988470339
1.041576016566638	0.0	-1.621270347216876
1.0430768465616909	0.0	-1.6223372731514414
1.0445776765567436	0.0	-1.623374747655267
1.0460785065517963	0.0	-1.6243827508033806
1.047579336546849	0.0	-1.6253612687210086
1.0490801665419018	0.0	-1.6263102808671055
1.0505809965369548	0.0	-1.6272297719005682
1.0520818265320075	0.0	-1.6281197339352107
1.0535826565270603	0.0	-1.6289801486849074
1.055083486522113	0.0	-1.6298109928114917
1.0565843165171658	0.0	-1.6306122604003217
1.0580851465122187	0.0	-1.6313839383652233
1.0595859765072715	0.0	-1.6321260065717949
1.0610868065023242	0.0	-1.6328384572201045
1.062587636497377	0.0	-1.6335212805386479
1.0640884664924297	0.0	-1.63417445894371
1.0655892964874827	0.0	-1.634797981493195
1.0670901264825354	0.0	-1.6353918413729294
1.0685909564775882	0.0	-1.6359560264332673
1.070091786472641	0.0	-1.6364905256828286
1.0715926164676937	0.0	-1.6369953276003852
1.0730934464627466	0.0	-1.6374704215518971
1.0745942764577994	0.0	-1.6379158053809872
1.0760951064528521	0.0	-1.638331471879191
1.0775959364479049	0.0	-1.6387174063954346
1.0790967664429576	0.0	-1.639073604888059
1.0805975964380106	0.0	-1.6394000583741968
1.0820984264330633	0.0	-1.6396967629230763
1.0835992564281163	0.0	-1.6399637187072047
1.0851000864231688	0.0	-1.6402009109153264
1.0866009164182218	0.0	-1.6404083359247341
1.0881017464132745	0.0	-1.6405859944994032
1.0896025764083273	0.0	-1.6407338818952926
1.0911034064033802	0.0	-1.6408519963626502
1.0926042363984327	0.0	-1.6409403337242607
1.0941050663934857	0.0	-1.6409988897536323
1.0956058963885384	0.0	-1.6410276657692304
1.0971067263835912	0.0	-1.6410266626459167
1.0986075563786442	0.0	-1.6409958739022386
1.100108386373697	0.0	-1.6409353002405642
1.1016092163687496	0.0	-1.6408449546731083
1.1031100463638024	0.0	-1.640724830656788
1.1046108763588551	0.0	-1.6405749232627387
1.106111706353908	0.0	-1.6403952492367915
1.1076125363489608	0.0	-1.640185803083261
1.1091133663440136	0.0	-1.6399465804893787
1.1106141963390663	0.0	-1.6396775994701656
1.112115026334119	0.0	-1.6393788660758153
1.113615856329172	0.0	-1.6390503773859575
1.1151166863242248	0.0	-1.6386921412251714
1.1166175163192775	0.0	-1.6383041714805608
1.1181183463143303	0.0	-1.6378864657246432
1.1196191763093832	0.0	-1.6374390303279847
1.121120006304436	0.0	-1.6369618854619878
1.1226208362994887	0.0	-1.6364550334924917
1.1241216662945415	0.0	-1.635918485534108
1.1256224962895942	0.0	-1.635352257063483
1.1271233262846472	0.0	-1.6347563500275188
1.1286241562797	0.0	-1.6341307745550362
1.1301249862747527	0.0	-1.6334755523577
1.1316258162698054	0.0	-1.632790696866685
1.1331266462648582	0.0	-1.63207621584495
1.1346274762599111	0.0	-1.6313321259397517
1.1361283062549639	0.0	-1.630558442652386
1.1376291362500166	0.0	-1.6297551821865042
1.1391299662450696	0.0	-1.628922360795049
1.140630796240122	0.0	-1.6280599905291027
1.142131626235175	0.0	-1.6271680936178634
1.1436324562302278	0.0	-1.6262466890374767
1.1451332862252805	0.0	-1.6252957907859287
1.1466341162203335	0.0	-1.6243154241236681
1.1481349462153863	0.0	-1.623305613978446
1.149635776210439	0.0	-1.622266374989006
1.1511366062054917	0.0	-1.6211977255769923
1.1526374362005447	0.0	-1.620099691101433
1.1541382661955975	0.0	-1.6189722932247026
1.1556390961906502	0.0	-1.6178155614460816
1.157139926185703	0.0	-1.6166295196829052
1.1586407561807557	0.0	-1.6154141859378632
1.1601415861758086	0.0	-1.6141695914353373
1.1616424161708614	0.0	-1.6128957645532882
1.1631432461659141	0.0	-1.6115927306507465
1.1646440761609669	0.0	-1.6102605156782004
1.1661449061560196	0.0	-1.6088991464486952
1.1676457361510726	0.0	-1.6075086606187894
1.1691465661461253	0.0	-1.6060890864678634
1.170647396141178	0.0	-1.604640446730322
1.1721482261362308	0.0	-1.603162778853245
1.1736490561312836	0.0	-1.6016561196059909
1.1751498861263365	0.0	-1.600120497859406
1.1766507161213893	0.0	-1.5985559452445042
1.178151546116442	0.0	-1.5969624991467526
1.1796523761114948	0.0	-1.5953401935260554
1.1811532061065475	0.0	-1.5936890623423154
1.1826540361016005	0.0	-1.592009147330727
1.1841548660966532	0.0	-1.5903004821184956
1.185655696091706	0.0	-1.5885631016143296
1.187156526086759	0.0	-1.5867970553163937
1.1886573560818114	0.0	-1.5850023827542137
1.1901581860768644	0.0	-1.5831791145853484
1.1916590160719172	0.0	-1.581327289747858
1.1931598460669701	0.0	-1.5794469574318533
1.1946606760620229	0.0	-1.5775381625639675
1.1961615060570754	0.0	-1.5756009457580789
1.1976623360521284	0.0	-1.5736353498706983
1.199163166047181	0.0	-1.5716414187687524
1.200663996042234	0.0	-1.5696191974281684
1.2021648260372868	0.0	-1.5675687337698696
1.2036656560323395	0.0	-1.565490076491079
1.2051664860273923	0.0	-1.5633832714056237
1.206667316022445	0.0	-1.5612483707348677
1.208168146017498	0.0	-1.559085419171325
1.2096689760125507	0.0	-1.5568944635885367
1.2111698060076035	0.0	-1.5546755612722747
1.2126706360026562	0.0	-1.5524287636183147
1.214171465997709	0.0	-1.550154119668901
1.215672295992762	0.0	-1.547851680080474
1.2171731259878147	0.0	-1.5455214993539994
1.2186739559828674	0.0	-1.5431636383117193
1.2201747859779202	0.0	-1.5407781521692754
1.221675615972973	0.0	-1.5383650862599298
1.2231764459680259	0.0	-1.5359244994713517
1.2246772759630786	0.0	-1.5334564558788304
1.2261781059581316	0.0	-1.5309610099586775
1.2276789359531841	0.0	-1.528438222865826
1.2291797659482369	0.0	-1.5258881523789454
1.2306805959432898	0.0	-1.5233108499800627
1.2321814259383426	0.0	-1.52070638881358
1.2336822559333955	0.0	-1.5180748312789811
1.235183085928448	0.0	-1.5154162262952857
1.2366839159235008	0.0	-1.5127306424723397
1.2381847459185538	0.0	-1.510018149183964
1.2396855759136065	0.0	-1.5072788097168301
1.2411864059086595	0.0	-1.5045126868154373
1.2426872359037122	0.0	-1.5017198428299658
1.2441880658987647	0.0	-1.4989003439304807
1.2456888958938177	0.0	-1.4960542635817742
1.2471897258888704	0.0	-1.4931816712562282
1.2486905558839234	0.0	-1.4902826289590136
1.2501913858789762	0.0	-1.4873572006422071
1.251692215874029	0.0	-1.4844054657838128
1.2531930458690816	0.0	-1.4814275017793759
1.2546938758641344	0.0	-1.4784233677999683
1.2561947058591874	0.0	-1.4753931309151782
1.25769553585424	0.0	-1.4723368715271525
1.2591963658492928	0.0	-1.469254662792637
1.2606971958443456	0.0	-1.4661465768332933
1.2621980258393983	0.0	-1.4630126931887364
1.2636988558344513	0.0	-1.4598530831427294
1.265199685829504	0.0	-1.4566678194700078
1.2667005158245568	0.0	-1.453456984026764
1.2682013458196095	0.0	-1.4502206509801445
1.2697021758146623	0.0	-1.4469588973437122
1.2712030058097152	0.0	-1.443671807512019
1.272703835804768	0.0	-1.4403594522759398
1.2742046657998207	0.0	-1.4370219090803233
1.2757054957948735	0.0	-1.4336592661395975
1.2772063257899262	0.0	-1.4302716061108791
1.2787071557849792	0.0	-1.4268590082750137
1.280207985780032	0.0	-1.4234215480067165
1.2817088157750849	0.0	-1.4199593076304353
1.2832096457701374	0.0	-1.416472378712218
1.2847104757651902	0.0	-1.4129608448333377
1.2862113057602431	0.0	-1.409424782070884
1.2877121357552959	0.0	-1.4058642797359575
1.2892129657503488	0.0	-1.4022794272998398
1.2907137957454016	0.0	-1.3986703041419555
1.292214625740454	0.0	-1.395037001507999
1.293715455735507	0.0	-1.3913796096578606
1.2952162857305598	0.0	-1.3876982086486769
1.2967171157256128	0.0	-1.3839928867811386
1.2982179457206655	0.0	-1.3802637387018366
1.2997187757157183	0.0	-1.376510853684912
1.301219605710771	0.0	-1.3727343168888826
1.3027204357058237	0.0	-1.368934216971761
1.3042212657008767	0.0	-1.365110649923274
1.3057220956959295	0.0	-1.36126371016821
1.3072229256909822	0.0	-1.3573934832224461
1.308723755686035	0.0	-1.3535000650140794
1.3102245856810877	0.0	-1.3495835486987098
1.3117254156761406	0.0	-1.3456440224784667
1.3132262456711934	0.0	-1.3416815890956022
1.3147270756662461	0.0	-1.337696340966393
1.3162279056612989	0.0	-1.3336883639517212
1.3177287356563516	0.0	-1.329657757836546
1.3192295656514046	0.0	-1.3256046226276095
1.3207303956464573	0.0	-1.3215290539942295
1.32223122564151	0.0	-1.3174311458683343
1.3237320556365628	0.0	-1.313310993956219
1.3252328856316156	0.0	-1.309168699312005
1.3267337156266685	0.0	-1.3050043633841397
1.3282345456217213	0.0	-1.300818079180368
1.3297353756167742	0.0	-1.296609940669559
1.3312362056118268	0.0	-1.2923800541181203
1.3327370356068795	0.0	-1.288128518608638
1.3342378656019325	0.0	-1.2838554355956995
1.3357386955969852	0.0	-1.2795609063244267
1.3372395255920382	0.0	-1.2752450213689321
1.3387403555870907	0.0	-1.270907890131619
1.3402411855821437	0.0	-1.2665496166794004
1.3417420155771964	0.0	-1.2621702952953404
1.3432428455722492	0.0	-1.2577700349012797
1.3447436755673021	0.0	-1.2533489383134166
1.3462445055623549	0.0	-1.2489071026674357
1.3477453355574076	0.0	-1.2444446311122146
1.3492461655524604	0.0	-1.2399616343747981
1.350746995547513	0.0	-1.2354582155917566
1.352247825542566	0.0	-1.230934472200644
1.3537486555376188	0.0	-1.2263905111024802
1.3552494855326715	0.0	-1.2218264393707474
1.3567503155277243	0.0	-1.217242362249108
1.358251145522777	0.0	-1.212638384851862
1.35975197551783	0.0	-1.2080146113568186
1.3612528055128827	0.0	-1.2033711497123305
1.3627536355079355	0.0	-1.1987081086738804
1.3642544655029882	0.0	-1.194025588815045
1.365755295498041	0.0	-1.1893236979794488
1.367256125493094	0.0	-1.1846025508865192
1.3687569554881467	0.0	-1.1798622458856587
1.3702577854831994	0.0	-1.175102889754638
1.3717586154782522	0.0	-1.1703246001209302
1.3732594454733051	0.0	-1.1655274802689422
1.3747602754683579	0.0	-1.1607116345859396
1.3762611054634106	0.0	-1.155877174562962
1.3777619354584634	0.0	-1.151024209910439
1.3792627654535161	0.0	-1.1461528486814898
1.380763595448569	0.0	-1.1412631981652668
1.3822644254436218	0.0	-1.136355369224326
1.3837652554386746	0.0	-1.131429476066732
1.3852660854337275	0.0	-1.1264856250266708
1.38676691542878	0.0	-1.1215239214340398
1.388267745423833	0.0	-1.1165444759419194
1.3897685754188858	0.0	-1.1115474011441704
1.3912694054139385	0.0	-1.1065328115507262
1.3927702354089915	0.0	-1.1015008152331989
1.3942710654040442	0.0	-1.0964515176262513
1.395771895399097	0.0	-1.0913850323464336
1.3972727253941497	0.0	-1.0863014737373493
1.3987735553892024	0.0	-1.0812009489895622
1.4002743853842554	0.0	-1.076083571590279
1.4017752153793082	0.0	-1.0709494550944483
1.403276045374361	0.0	-1.0657987048566377
1.4047768753694136	0.0	-1.0606314339636147
1.4062777053644664	0.0	-1.0554477546949435
1.4077785353595194	0.0	-1.0502477773833598
1.409279365354572	0.0	-1.0450316166127716
1.4107801953496248	0.0	-1.0397993841082522
1.4122810253446776	0.0	-1.0345511949589143
1.4137818553397306	0.0	-1.0292871575444158
1.4152826853347833	0.0	-1.0240073782050456
1.416783515329836	0.0	-1.0187119723934426
1.4182843453248888	0.0	-1.0134010562953641
1.4197851753199415	0.0	-1.0080747462813364
1.4212860053149945	0.0	-1.0027331477182808
1.4227868353100472	0.0	-0.9973763685176373
1.4242876653051	0.0	-0.9920045278655463
1.4257884953001527	0.0	-0.9866177379615686
1.4272893252952055	0.0	-0.9812161092678395
1.4287901552902584	0.0	-0.9757997552899671
1.4302909852853112	0.0	-0.9703687875375018
1.431791815280364	0.0	-0.9649233211919126
1.4332926452754169	0.0	-0.95946346892096
1.4347934752704694	0.0	-0.9539893394678469
1.4362943052655224	0.0	-0.9485010440770754
1.4377951352605751	0.0	-0.9429986982320759
1.4392959652556279	0.0	-0.9374824199915707
1.4407967952506808	0.0	-0.931952314864141
1.4422976252457334	0.0	-0.9264084970454979
1.4437984552407863	0.0	-0.9208510828261088
1.445299285235839	0.0	-0.9152801757923611
1.446800115230892	0.0	-0.9096958931958657
1.4483009452259448	0.0	-0.9040983543706741
1.4498017752209975	0.0	-0.8984876661191717
1.4513026052160503	0.0	-0.8928639342334084
1.452803435211103	0.0	-0.8872272780166436
1.454304265206156	0.0	-0.8815778135436741
1.4558050952012087	0.0	-0.8759156457008866
1.4573059251962615	0.0	-0.870240889109083
1.4588067551913142	0.0	-0.8645536595720381
1.460307585186367	0.0	-0.8588540638120976
1.46180841518142	0.0	-0.8531422174234866
1.4633092451764727	0.0	-0.847418235205765
1.4648100751715254	0.0	-0.8416822212751213
1.4663109051665781	0.0	-0.8359342931049405
1.4678117351616309	0.0	-0.8301745628393401
1.4693125651566838	0.0	-0.8244031364735948
1.4708133951517366	0.0	-0.8186201341304102
1.4723142251467893	0.0	-0.8128256677135999
1.473815055141842	0.0	-0.8070198387023664
1.4753158851368948	0.0	-0.8012027618284726
1.4768167151319478	0.0	-0.7953745554217552
1.4783175451270005	0.0	-0.7895353255945339
1.4798183751220533	0.0	-0.7836851879657594
1.481319205117106	0.0	-0.7778242561089108
1.4828200351121588	0.0	-0.771952632593696
1.4843208651072117	0.0	-0.7660704289049953
1.4858216951022645	0.0	-0.7601777580679375
1.4873225250973174	0.0	-0.7542747315056901
1.4888233550923702	0.0	-0.7483614598282623
1.4903241850874227	0.0	-0.7424380574840042
1.4918250150824757	0.0	-0.7365046348055965
1.4933258450775284	0.0	-0.7305612966424022
1.4948266750725814	0.0	-0.7246081600242583
1.4963275050676341	0.0	-0.7186453324744081
1.4978283350626869	0.0	-0.7126729183616611
1.4993291650577396	0.0	-0.7066910349930903
1.5008299950527924	0.0	-0.700699792035981
1.5023308250478453	0.0	-0.6946992976790458
1.503831655042898	0.0	-0.688689665292391
1.5053324850379508	0.0	-0.6826710013457227
1.5068333150330036	0.0	-0.6766434134547517
1.5083341450280563	0.0	-0.6706070151374763
1.5098349750231093	0.0	-0.6645619152541264
1.511335805018162	0.0	-0.6585082213833885
1.5128366350132147	0.0	-0.6524460460390095
1.5143374650082675	0.0	-0.6463754973850315
1.5158382950033202	0.0	-0.6402966801352604
1.5173391249983732	0.0	-0.6342097104754166
1.518839954993426	0.0	-0.62811469722264
1.5203407849884787	0.0	-0.6220117405438356
1.5218416149835314	0.0	-0.6159009534579367
1.5233424449785842	0.0	-0.6097824511156945
1.5248432749736371	0.0	-0.6036563382493527
1.5263441049686899	0.0	-0.5975227188395426
1.5278449349637429	0.0	-0.5913817026152252
1.5293457649587954	0.0	-0.585233402749366
1.5308465949538481	0.0	-0.5790779262354069
1.532347424948901	0.0	-0.5729153741644278
1.5338482549439538	0.0	-0.5667458611572495
1.5353490849390068	0.0	-0.5605694976574946
1.5368499149340595	0.0	-0.5543863853600374
1.538350744929112	0.0	-0.5481966336611407
1.539851574924165	0.0	-0.5420003494679191
1.5413524049192178	0.0	-0.5357976428543663
1.5428532349142707	0.0	-0.5295886234200445
1.5443540649093235	0.0	-0.5233733940118975
1.545854894904376	0.0	-0.5171520638968082
1.547355724899429	0.0	-0.5109247413681993
1.5488565548944817	0.0	-0.5046915282995917
1.5503573848895347	0.0	-0.4984525315057246
1.5518582148845874	0.0	-0.49220786608802714
1.5533590448796402	0.0	-0.4859576394711907
1.5548598748746927	0.0	-0.4797019505282607
1.5563607048697456	0.0	-0.47344090862470883
1.5578615348647986	0.0	-0.46717462499895274
1.5593623648598514	0.0	-0.4609032006989085
1.560863194854904	0.0	-0.4546267401118793
1.5623640248499568	0.0	-0.4483453560165311
1.5638648548450098	0.0	-0.44205915702664933
1.5653656848400623	0.0	-0.4357682463034376
1.5668665148351153	0.0	-0.4294727247839621
1.568367344830168	0.0	-0.42317269994221784
1.5698681748252208	0.0	-0.4168682831583011
1.5713690048202735	0.0	-0.4105595819246634
1.5728698348153265	0.0	-0.40424670063472923
1.5743706648103795	0.0	-0.39792974132840514
1.575871494805432	0.0	-0.39160881003184983
1.5773723248004847	0.0	-0.3852840138308431
1.5788731547955377	0.0	-0.37895546337234404
1.5803739847905902	0.0	-0.37262326155263703
1.5818748147856432	0.0	-0.36628751097227724
1.5833756447806961	0.0	-0.35994832219810996
1.584876474775749	0.0	-0.3536057968387552
1.5863773047708014	0.0	-0.3472600459662819
1.5878781347658544	0.0	-0.34091117359211304
1.5893789647609073	0.0	-0.3345592762543252
1.5908797947559599	0.0	-0.32820447073009756
1.5923806247510128	0.0	-0.32184686101239673
1.5938814547460656	0.0	-0.3154865443416818
1.595382284741118	0.0	-0.3091236349937403
1.596883114736171	0.0	-0.30275823922878436
1.598383944731224	0.0	-0.29639045391760704
1.5998847747262768	0.0	-0.2900203909763381
1.6013856047213293	0.0	-0.28364816209308286
1.6028864347163823	0.0	-0.27727386126139947
1.6043872647114352	0.0	-0.270897591081843
1.6058880947064877	0.0	-0.2645194694591035
1.6073889247015407	0.0	-0.2581395963629638
1.6088897546965935	0.0	-0.25175807179396176
1.6103905846916464	0.0	-0.24537500998485048
1.611891414686699	0.0	-0.23899051343757782
1.613392244681752	0.0	-0.23260468728488223
1.6148930746768049	0.0	-0.22621763785482848
1.6163939046718574	0.0	-0.21982946589348212
1.6178947346669101	0.0	-0.2134402793307025
1.619395564661963	0.0	-0.2070501862565951
1.6208963946570156	0.0	-0.20065928906223934
1.6223972246520686	0.0	-0.19426769528323207
1.6238980546471213	0.0	-0.187875510797821
1.6253988846421743	0.0	-0.1814828359392971
1.6268997146372268	0.0	-0.17508977937071246
1.6284005446322798	0.0	-0.1686964527617343
1.6299013746273328	0.0	-0.1623029553058632
1.6314022046223853	0.0	-0.1559093891538927
1.632903034617438	0.0	-0.14951586588305965
1.634403864612491	0.0	-0.14312248928920848
1.6359046946075435	0.0	-0.13672936377192196
1.6374055246025965	0.0	-0.13033659511699894
1.6389063545976494	0.0	-0.12394429124207461
1.6404071845927022	0.0	-0.11755256122915245
1.6419080145877547	0.0	-0.11116150465369742
1.6434088445828077	0.0	-0.1047712241470378
1.6449096745778606	0.0	-0.09838183266038378
1.6464105045729132	0.0	-0.09199343645400303
1.6479113345679661	0.0	-0.0856061390833802
1.6494121645630189	0.0	-0.0792200441102138
1.6509129945580718	0.0	-0.07283525666110238
1.6524138245531244	0.0	-0.06645189032184158
1.6539146545481773	0.0	-0.060070046910545696
1.65541548454323	0.0	-0.05368982947131756
1.6569163145382828	0.0	-0.04731135001271751
1.6584171445333356	0.0	-0.04093471195472845
1.6599179745283885	0.0	-0.03456001919790495
1.661418804523441	0.0	-0.028187380867414267
1.662919634518494	0.0	-0.021816902219198433
1.6644204645135467	0.0	-0.01544868857087524
1.6659212945085997	0.0	-0.009082849910129552
1.6674221245036522	0.0	-0.0027194931995930664
1.6689229544987052	0.0	0.003641276988625753
1.6704237844937582	0.0	0.009999355860663073
1.6719246144888107	0.0	0.016354637045345805
1.6734254444838634	0.0	0.022707009643130865
1.6749262744789164	0.0	0.029056368681433395
1.676427104473969	0.0	0.03540261183081275
1.6779279344690219	0.0	0.041745625770429465
1.6794287644640746	0.0	0.048085301485984715
1.6809295944591276	0.0	0.05442153825608329
1.6824304244541801	0.0	0.060754230430428116
1.683931254449233	0.0	0.06708326493462388
1.685432084444286	0.0	0.07340853557002322
1.6869329144393386	0.0	0.07972993818346905
1.6884337444343913	0.0	0.08604736395173722
1.6899345744294443	0.0	0.09236070498803965
1.6914354044244972	0.0	0.0986698536458741
1.6929362344195498	0.0	0.10497470540859408
1.6944370644146027	0.0	0.11127514901316704
1.6959378944096555	0.0	0.11757107790977286
1.697438724404708	0.0	0.12386238766801864
1.698939554399761	0.0	0.13014896332203252
1.700440384394814	0.0	0.1364307001888191
1.7019412143898665	0.0	0.14270749791045406
1.7034420443849194	0.0	0.14897924121300116
1.7049428743799722	0.0	0.15524581957893716
1.7064437043750251	0.0	0.16150713188639046
1.7079445343700776	0.0	0.1677630684063631
1.7094453643651306	0.0	0.17401351931753753
1.7109461943601834	0.0	0.18025837941939674
1.712447024355236	0.0	0.1864975365616648
1.7139478543502888	0.0	0.19273087917324477
1.7154486843453418	0.0	0.19895830669291348
1.7169495143403943	0.0	0.2051797145054542
1.7184503443354473	0.0	0.2113949871151197
1.7199511743305	0.0	0.21760401531668444
1.721452004325553	0.0	0.22380669537596123
1.7229528343206055	0.0	0.23000291411996604
1.7244536643156585	0.0	0.2361925630581355
1.7259544943107115	0.0	0.24237553879510151
1.727455324305764	0.0	0.24855172914369367
1.7289561543008167	0.0	0.2547210290389522
1.7304569842958697	0.0	0.2608833317769692
1.7319578142909227	0.0	0.26703852182508453
1.7334586442859752	0.0	0.27318649128424893
1.7349594742810281	0.0	0.27932713376477736
1.736460304276081	0.0	0.2854603436287263
1.7379611342711334	0.0	0.2915860100381915
1.7394619642661864	0.0	0.2977040210030692
1.7409627942612393	0.0	0.30381427154463453
1.7424636242562919	0.0	0.30991665472496327
1.7439644542513446	0.0	0.3160110612463623
1.7454652842463976	0.0	0.32209737966711516
1.7469661142414505	0.0	0.32817550162607584
1.748466944236503	0.0	0.334245319482882
1.749967774231556	0.0	0.3403067258498476
1.7514686042266088	0.0	0.3463596122302326
1.7529694342216613	0.0	0.35240386861168177
1.7544702642167143	0.0	0.3584393878837449
1.7559710942117672	0.0	0.36446606093976686
1.75747192420682	0.0	0.37048377794605797
1.7589727542018727	0.0	0.37649243300585844
1.7604735841969255	0.0	0.3824919196679739
1.7619744141919784	0.0	0.3884821245499262
1.763475244187031	0.0	0.39446293886542255
1.764976074182084	0.0	0.40043425921295506
1.7664769041771367	0.0	0.4063959748039231
1.7679777341721894	0.0	0.41234797865104317
1.7694785641672421	0.0	0.41829016419833676
1.770979394162295	0.0	0.42422242056475423
1.772480224157348	0.0	0.4301446387114006
1.7739810541524006	0.0	0.4360567114662237
1.7754818841474533	0.0	0.4419585351073162
1.7769827141425063	0.0	0.44784999810053105
1.7784835441375588	0.0	0.4537309942595746
1.7799843741326118	0.0	0.45960141717020225
1.7814852041276648	0.0	0.4654611544972959
1.7829860341227173	0.0	0.4713101029749233
1.78448686411777	0.0	0.47714815751963113
1.785987694112823	0.0	0.4829752068005714
1.787488524107876	0.0	0.48879114508735155
1.7889893541029285	0.0	0.4945958695453076
1.7904901840979814	0.0	0.5003892651531426
1.7919910140930342	0.0	0.5061712268150312
1.7934918440880867	0.0	0.5119416552574146
1.7949926740831397	0.0	0.517700440991636
1.7964935040781926	0.0	0.5234474747816598
1.7979943340732454	0.0	0.5291826508663019
1.7994951640682981	0.0	0.5349058650307665
1.8009959940633509	0.0	0.540617011372154
1.8024968240584038	0.0	0.5463159848439981
1.8039976540534564	0.0	0.5520026784713504
1.8054984840485093	0.0	0.5576769869981765
1.806999314043562	0.0	0.5633388069922506
1.8085001440386146	0.0	0.568988032870999
1.8100009740336676	0.0	0.5746245563779857
1.8115018040287205	0.0	0.5802482738406622
1.8130026340237735	0.0	0.5858590865029362
1.814503464018826	0.0	0.5914568876486939
1.8160042940138788	0.0	0.5970415694774007
1.8175051240089317	0.0	0.6026130310334787
1.8190059540039842	0.0	0.6081711694637886
1.8205067839990372	0.0	0.6137158791057536
1.82200761399409	0.0	0.6192470583506984
1.8235084439891427	0.0	0.6247646029838452
1.8250092739841954	0.0	0.6302684111378689
1.8265101039792484	0.0	0.6357583824671431
1.8280109339743014	0.0	0.6412344113151757
1.8295117639693539	0.0	0.6466963959932881
1.8310125939644066	0.0	0.652144235718428
1.8325134239594596	0.0	0.6575778321473325
1.8340142539545121	0.0	0.6629970803814094
1.835515083949565	0.0	0.6684018744868934
1.837015913944618	0.0	0.6737921231873445
1.8385167439396708	0.0	0.6791677266793286
1.8400175739347233	0.0	0.6845285766755626
1.8415184039297763	0.0	0.6898745770077103
1.8430192339248292	0.0	0.695205630121145
1.8445200639198818	0.0	0.7005216320845021
1.8460208939149347	0.0	0.7058224874810389
1.8475217239099875	0.0	0.711108099994508
1.84902255390504	0.0	0.7163783665930678
1.850523383900093	0.0	0.7216331889088409
1.852024213895146	0.0	0.726872473053053
1.8535250438901987	0.0	0.732096123270087
1.8550258738852514	0.0	0.7373040394238295
1.8565267038803042	0.0	0.7424961242615599
1.8580275338753571	0.0	0.7476722818243622
1.8595283638704097	0.0	0.7528324139106708
1.8610291938654626	0.0	0.7579764279070592
1.8625300238605154	0.0	0.7631042303067364
1.864030853855568	0.0	0.7682157232531881
1.8655316838506208	0.0	0.7733108131595464
1.8670325138456738	0.0	0.7783894082009286
1.8685333438407268	0.0	0.783451413441182
1.8700341738357793	0.0	0.7884967320157646
1.871535003830832	0.0	0.7935252706889442
1.873035833825885	0.0	0.7985369419116793
1.8745366638209375	0.0	0.8035316516288658
1.8760374938159905	0.0	0.8085093053417403
1.8775383238110435	0.0	0.8134698154458548
1.8790391538060962	0.0	0.8184130923959818
1.8805399838011487	0.0	0.823339042118486
1.8820408137962017	0.0	0.8282475730473565
1.8835416437912547	0.0	0.8331385975041345
1.8850424737863072	0.0	0.8380120258265841
1.88654330378136	0.0	0.8428677700220788
1.888044133776413	0.0	0.8477057422150197
1.8895449637714654	0.0	0.8525258533530855
1.8910457937665184	0.0	0.8573280164849073
1.8925466237615713	0.0	0.8621121448562199
1.894047453756624	0.0	0.8668781493530447
1.8955482837516766	0.0	0.8716259458581579
1.8970491137467296	0.0	0.876355451338553
1.8985499437417825	0.0	0.8810665763106221
1.900050773736835	0.0	0.88575923579455
1.901551603731888	0.0	0.89043334870425
1.9030524337269408	0.0	0.8950888312058368
1.9045532637219937	0.0	0.8997255978265882
1.9060540937170463	0.0	0.9043435651577286
1.9075549237120992	0.0	0.9089426533084609
1.909055753707152	0.0	0.9135227809893998
1.9105565837022047	0.0	0.9180838643666414
1.9120574136972575	0.0	0.9226258222740965
1.9135582436923104	0.0	0.9271485762811211
1.915059073687363	0.0	0.9316520481111219
1.916559903682416	0.0	0.9361361581320625
1.9180607336774687	0.0	0.9406008240133377
1.9195615636725216	0.0	0.9450459665727279
1.9210623936675741	0.0	0.9494715122160423
1.922563223662627	0.0	0.9538773835168884
1.92406405365768	0.0	0.9582635018598353
1.9255648836527326	0.0	0.9626297927265726
1.9270657136477853	0.0	0.9669761797997248
1.9285665436428383	0.0	0.9713025885362929
1.9300673736378908	0.0	0.9756089432103789
1.9315682036329438	0.0	0.9798951686136433
1.9330690336279968	0.0	0.984161193024878
1.9345698636230495	0.0	0.9884069438603021
1.936070693618102	0.0	0.9926323492015854
1.937571523613155	0.0	0.996837336908587
1.939072353608208	0.0	1.0010218347425588
1.9405731836032605	0.0	1.00518577117947
1.9420740135983134	0.0	1.0093290770118584
1.9435748435933662	0.0	1.0134516834265417
1.9450756735884192	0.0	1.017553521068184
1.9465765035834717	0.0	1.0216345207416018
1.9480773335785246	0.0	1.025694614890542
1.9495781635735774	0.0	1.029733736451602
1.95107899356863	0.0	1.0337518180778746
1.9525798235636829	0.0	1.037748794258597
1.9540806535587358	0.0	1.0417245987251242
1.9555814835537884	0.0	1.0456791668414906
1.9570823135488413	0.0	1.0496124338115949
1.958583143543894	0.0	1.0535243345989949
1.960083973538947	0.0	1.057414807327877
1.9615848035339996	0.0	1.0612837894447902
1.9630856335290525	0.0	1.0651312182976378
1.9645864635241053	0.0	1.0689570312343057
1.966087293519158	0.0	1.0727611675065654
1.9675881235142108	0.0	1.076543567247088
1.9690889535092637	0.0	1.0803041708288865
1.9705897835043162	0.0	1.084042920159119
1.9720906134993692	0.0	1.0877597538425439
1.973591443494422	0.0	1.0914546145934116
1.975092273489475	0.0	1.0951274462287586
1.9765931034845274	0.0	1.0987781886225503
1.9780939334795804	0.0	1.102406788019333
1.9795947634746334	0.0	1.106013188488745
1.981095593469686	0.0	1.1095973336445601
1.9825964234647386	0.0	1.113159170378208
1.9840972534597916	0.0	1.1166986431290118
1.9855980834548446	0.0	1.1202156986867606
1.987098913449897	0.0	1.1237102840076112
1.98859974344495	0.0	1.1271823472367593
1.9901005734400028	0.0	1.1306318368890846
1.9916014034350553	0.0	1.1340587016335364
1.9931022334301083	0.0	1.1374628913927745
1.9946030634251612	0.0	1.140844355556587
1.9961038934202138	0.0	1.1442030432590529
1.9976047234152667	0.0	1.1475389070012763
1.9991055534103195	0.0	1.1508519007414542
2.0006063834053722	0.0	1.1541419735736178
2.002107213400425	0.0	1.157409078790605
2.0036080433954777	0.0	1.1606531719709565
2.005108873390531	0.0	1.1638742058468339
2.006609703385583	0.0	1.1670721342008568
2.0081105333806364	0.0	1.1702469131784186
2.009611363375689	0.0	1.173398498715446
2.011112193370742	0.0	1.1765268468494876
2.0126130233657946	0.0	1.1796319153339916
2.0141138533608474	0.0	1.1827136601202803
2.0156146833559005	0.0	1.1857720402248055
2.017115513350953	0.0	1.1888070142235216
2.0186163433460056	0.0	1.191818540014644
2.020117173341059	0.0	1.1948065802465775
2.021618003336111	0.0	1.1977710939912445
2.0231188333311643	0.0	1.2007120390452108
2.024619663326217	0.0	1.2036293792644595
2.0261204933212698	0.0	1.2065230787483483
2.0276213233163225	0.0	1.2093930980936616
2.0291221533113752	0.0	1.2122393988767737
2.0306229833064284	0.0	1.2150619464723902
2.0321238133014807	0.0	1.2178607063229947
2.0336246432965335	0.0	1.2206356421182127
2.0351254732915867	0.0	1.2233867168422445
2.036626303286639	0.0	1.2261138975055628
2.038127133281692	0.0	1.2288171525264469
2.039627963276745	0.0	1.2314964464663232
2.0411287932717976	0.0	1.234151748131613
2.0426296232668504	0.0	1.236783026242502
2.044130453261903	0.0	1.2393902460227328
2.0456312832569563	0.0	1.2419733778097468
2.0471321132520086	0.0	1.2445323946518796
2.048632943247062	0.0	1.2470672637567723
2.0501337732421145	0.0	1.2495779536905596
2.0516346032371673	0.0	1.2520644390603102
2.05313543323222	0.0	1.25452669034519
2.0546362632272728	0.0	1.2569646773220005
2.0561370932223255	0.0	1.2593783754634627
2.0576379232173783	0.0	1.2617677581844904
2.059138753212431	0.0	1.2641327967805702
2.060639583207484	0.0	1.2664734686898182
2.0621404132025365	0.0	1.2687897487041544
2.0636412431975897	0.0	1.271081607065538
2.0651420731926424	0.0	1.2733490194931247
2.066642903187695	0.0	1.2755919664562696
2.068143733182748	0.0	1.277810425796644
2.0696445631778007	0.0	1.2800043720473893
2.071145393172854	0.0	1.282173781405153
2.072646223167906	0.0	1.2843186315575565
2.074147053162959	0.0	1.286438903491495
2.075647883158012	0.0	1.2885345769862941
2.0771487131530644	0.0	1.2906056293229404
2.0786495431481176	0.0	1.292652041032409
2.0801503731431703	0.0	1.2946737930122534
2.081651203138223	0.0	1.2966708635508084
2.083152033133276	0.0	1.2986432373839782
2.0846528631283285	0.0	1.300590898403605
2.0861536931233817	0.0	1.3025138228494728
2.087654523118434	0.0	1.3044119962461036
2.089155353113487	0.0	1.3062854019061974
2.09065618310854	0.0	1.3081340222860582
2.0921570131035927	0.0	1.3099578455841348
2.0936578430986454	0.0	1.3117568524053387
2.095158673093698	0.0	1.313531026031542
2.096659503088751	0.0	1.3152803545472176
2.0981603330838037	0.0	1.3170048234707326
2.0996611630788564	0.0	1.318704419808348
2.1011619930739096	0.0	1.3203791306125627
2.102662823068962	0.0	1.3220289405083752
2.104163653064015	0.0	1.3236538365359398
2.105664483059068	0.0	1.3252538089391812
2.1071653130541206	0.0	1.3268288462338351
2.1086661430491733	0.0	1.328378935552473
2.110166973044226	0.0	1.3299040674655584
2.111667803039279	0.0	1.3314042302731888
2.1131686330343316	0.0	1.3328794121891985
2.1146694630293843	0.0	1.3343296064456427
2.1161702930244375	0.0	1.33575480410279
2.11767112301949	0.0	1.3371549952905704
2.119171953014543	0.0	1.338530171137031
2.1206727830095957	0.0	1.3398803218583606
2.1221736130046485	0.0	1.3412054403847176
2.123674442999701	0.0	1.3425055228222986
2.125175272994754	0.0	1.3437805598370494
2.126676102989807	0.0	1.345030543650606
2.1281769329848594	0.0	1.346255470128884
2.129677762979912	0.0	1.3474553311515658
2.1311785929749654	0.0	1.3486301229819502
2.132679422970018	0.0	1.3497798415814535
2.134180252965071	0.0	1.3509044797908918
2.1356810829601236	0.0	1.3520040337133785
2.1371819129551763	0.0	1.3530784997662355
2.138682742950229	0.0	1.3541278734734479
2.140183572945282	0.0	1.3551521522689152
2.141684402940335	0.0	1.356151333290808
2.1431852329353873	0.0	1.3571254126823007
2.1446860629304405	0.0	1.3580743893713538
2.1461868929254933	0.0	1.3589982622982584
2.147687722920546	0.0	1.3598970296023736
2.1491885529155987	0.0	1.360770688797701
2.1506893829106515	0.0	1.3616192375830733
2.1521902129057042	0.0	1.3624426771198537
2.153691042900757	0.0	1.3632410075405041
2.1551918728958097	0.0	1.3640142288296284
2.156692702890863	0.0	1.364762341507837
2.158193532885915	0.0	1.3654853450144628
2.1596943628809684	0.0	1.3661832416475985
2.161195192876021	0.0	1.3668560322605545
2.162696022871074	0.0	1.3675037184706136
2.1641968528661266	0.0	1.3681263024649608
2.1656976828611794	0.0	1.3687237857869468
2.1671985128562326	0.0	1.3692961730512274
2.168699342851285	0.0	1.3698434660229528
2.1702001728463376	0.0	1.3703656677456992
2.171701002841391	0.0	1.3708627823751196
2.1732018328364435	0.0	1.3713348128007625
2.1747026628314963	0.0	1.3717817650697326
2.176203492826549	0.0	1.3722036434331781
2.1777043228216018	0.0	1.372600451424485
2.1792051528166545	0.0	1.3729721953156373
2.1807059828117072	0.0	1.3733188796411921
2.1822068128067604	0.0	1.3736405082764733
2.1837076428018127	0.0	1.373937088734924
2.1852084727968655	0.0	1.3742086317491569
2.1867093027919187	0.0	1.3744551419060989
2.1882101327869714	0.0	1.374676621383695
2.189710962782024	0.0	1.3748730810254546
2.191211792777077	0.0	1.37504452946922
2.1927126227721296	0.0	1.3751909726573583
2.1942134527671824	0.0	1.3753124192954838
2.195714282762235	0.0	1.3754088784742777
2.1972151127572883	0.0	1.3754803582370374
2.198715942752341	0.0	1.3755268664884361
2.200216772747394	0.0	1.3755484145155823
2.2017176027424465	0.0	1.3755450138982368
2.2032184327374993	0.0	1.3755166713180955
2.204719262732552	0.0	1.3754633940883674
2.2062200927276048	0.0	1.3753851981200564
2.2077209227226575	0.0	1.3752820951253877
2.2092217527177103	0.0	1.3751540902396249
2.210722582712763	0.0	1.3750011985574258
2.212223412707816	0.0	1.3748234354691848
2.213724242702869	0.0	1.3746208069603965
2.2152250726979217	0.0	1.3743933253994385
2.2167259026929744	0.0	1.374141005742346
2.218226732688027	0.0	1.373863860243519
2.21972756268308	0.0	1.3735619045151495
2.2212283926781327	0.0	1.3732351500414994
2.222729222673186	0.0	1.3728836079618136
2.224230052668238	0.0	1.3725072951143358
2.225730882663291	0.0	1.3721062277119633
2.227231712658344	0.0	1.3716804191519794
2.228732542653397	0.0	1.3712298819968343
2.2302333726484496	0.0	1.370754630993089
2.2317342026435023	0.0	1.370254683804573
2.233235032638555	0.0	1.369730057706972
2.234735862633608	0.0	1.3691807690579716
2.2362366926286605	0.0	1.3686068322806675
2.2377375226237137	0.0	1.3680082630180603
2.2392383526187665	0.0	1.367385080997942
2.2407391826138188	0.0	1.3667373020789468
2.242240012608872	0.0	1.3660649430777594
2.2437408426039247	0.0	1.3653680253271407
2.2452416725989774	0.0	1.364646565113923
2.24674250259403	0.0	1.3639005795197097
2.248243332589083	0.0	1.3631300895846075
2.2497441625841357	0.0	1.3623351132712629
2.2512449925791884	0.0	1.3615156717399302
2.2527458225742416	0.0	1.3606717856548811
2.2542466525692944	0.0	1.3598034711304414
2.255747482564347	0.0	1.358910751205992
2.2572483125594	0.0	1.3579936472112055
2.2587491425544526	0.0	1.3570521788122656
2.2602499725495053	0.0	1.3560863687435865
2.261750802544558	0.0	1.3550962373429105
2.263251632539611	0.0	1.3540818072029275
2.2647524625346636	0.0	1.3530431023642002
2.2662532925297163	0.0	1.351980146426777
2.2677541225247695	0.0	1.3508929592293395
2.2692549525198222	0.0	1.3497815627176752
2.270755782514875	0.0	1.348645984493457
2.2722566125099277	0.0	1.3474862492965145
2.2737574425049805	0.0	1.3463023797904088
2.275258272500033	0.0	1.345094400117348
2.276759102495086	0.0	1.343862334607461
2.278259932490139	0.0	1.3426062098119496
2.279760762485192	0.0	1.341326054968235
2.281261592480244	0.0	1.3400218938211514
2.2827624224752974	0.0	1.3386937490619817
2.28426325247035	0.0	1.3373416496108408
2.285764082465403	0.0	1.3359656246435625
2.2872649124604556	0.0	1.3345657013952372
2.2887657424555083	0.0	1.3331419075784063
2.290266572450561	0.0	1.3316942718575353
2.291767402445614	0.0	1.3302228222255086
2.293268232440667	0.0	1.3287275847960873
2.2947690624357198	0.0	1.3272085920474357
2.2962698924307725	0.0	1.3256658764700437
2.2977707224258253	0.0	1.3240994647321722
2.299271552420878	0.0	1.3225093851809573
2.3007723824159307	0.0	1.3208956709784612
2.3022732124109835	0.0	1.3192583561338775
2.3037740424060362	0.0	1.3175974677128364
2.3052748724010894	0.0	1.3159130388404228
2.3067757023961417	0.0	1.3142051055990516
2.308276532391195	0.0	1.3124736972569357
2.3097773623862476	0.0	1.3107188465694941
2.3112781923813004	0.0	1.308940588399237
2.312779022376353	0.0	1.3071389566382856
2.314279852371406	0.0	1.3053139869654988
2.3157806823664586	0.0	1.3034657108054948
2.3172815123615114	0.0	1.301594162965304
2.318782342356564	0.0	1.2996993838400956
2.3202831723516173	0.0	1.2977814067521134
2.3217840023466696	0.0	1.29584026757426
2.323284832341723	0.0	1.293876004212629
2.3247856623367755	0.0	1.2918886517607615
2.3262864923318283	0.0	1.2898782489595568
2.327787322326881	0.0	1.2878448351136604
2.3292881523219338	0.0	1.2857884467860403
2.3307889823169865	0.0	1.283709124091523
2.3322898123120392	0.0	1.2816069074560699
2.3337906423070924	0.0	1.2794818329004658
2.335291472302145	0.0	1.2773339427482977
2.3367923022971975	0.0	1.2751632782511033
2.3382931322922507	0.0	1.2729698764955306
2.3397939622873034	0.0	1.2707537834402272
2.341294792282356	0.0	1.2685150425300575
2.342795622277409	0.0	1.266253691723481
2.3442964522724616	0.0	1.2639697733410045
2.345797282267515	0.0	1.2616633310277408
2.347298112262567	0.0	1.2593344114323566
2.3487989422576203	0.0	1.2569830579596974
2.350299772252673	0.0	1.2546093117442556
2.351800602247726	0.0	1.252213220115499
2.3533014322427785	0.0	1.2497948309727718
2.3548022622378313	0.0	1.2473541870801659
2.356303092232884	0.0	1.244891332492536
2.3578039222279368	0.0	1.2424063187781758
2.3593047522229895	0.0	1.2398991915414257
2.3608055822180427	0.0	1.237369996204881
2.362306412213095	0.0	1.234818784626416
2.363807242208148	0.0	1.2322456024750794
2.365308072203201	0.0	1.2296504992151436
2.3668089021982537	0.0	1.2270335273020814
2.3683097321933064	0.0	1.2243947345274386
2.369810562188359	0.0	1.2217341707497966
2.371311392183412	0.0	1.219051886844332
2.3728122221784647	0.0	1.2163479365942393
2.374313052173518	0.0	1.2136223712812935
2.3758138821685706	0.0	1.2108752403790408
2.377314712163623	0.0	1.2081065988166244
2.378815542158676	0.0	1.205316501267515
2.380316372153729	0.0	1.2025050009819802
2.3818172021487816	0.0	1.199672150403176
2.3833180321438343	0.0	1.1968180056000728
2.384818862138887	0.0	1.1939426217174665
2.3863196921339402	0.0	1.191046052332145
2.3878205221289925	0.0	1.1881283584542424
2.3893213521240457	0.0	1.1851895958077512
2.3908221821190985	0.0	1.1822298173163623
2.3923230121141508	0.0	1.179249083900849
2.393823842109204	0.0	1.176247454726194
2.3953246721042567	0.0	1.1732249866006637
2.3968255020993094	0.0	1.1701817364680622
2.398326332094362	0.0	1.1671177661148426
2.399827162089415	0.0	1.1640331395824424
2.401327992084468	0.0	1.1609279137099189
2.4028288220795204	0.0	1.1578021482012848
2.4043296520745736	0.0	1.1546559062292463
2.4058304820696264	0.0	1.1514892513422967
2.407331312064679	0.0	1.1483022459984797
2.408832142059732	0.0	1.1450949499571779
2.4103329720547846	0.0	1.1418674288586455
2.4118338020498373	0.0	1.1386197478317366
2.41333463204489	0.0	1.1353519694791883
2.414835462039943	0.0	1.1320641593056793
2.416336292034996	0.0	1.128756383801665
2.4178371220300483	0.0	1.1254287099628062
2.4193379520251015	0.0	1.1220812012482357
2.4208387820201542	0.0	1.1187139240251684
2.422339612015207	0.0	1.1153269505138963
2.4238404420102597	0.0	1.1119203474882318
2.4253412720053125	0.0	1.1084941800770107
2.4268421020003657	0.0	1.1050485176848919
2.428342931995418	0.0	1.1015834307761734
2.429843761990471	0.0	1.0980989909857914
2.431344591985524	0.0	1.094595269240215
2.432845421980576	0.0	1.091072332430302
2.4343462519756294	0.0	1.0875302533308155
2.435847081970682	0.0	1.0839691064600852
2.437347911965735	0.0	1.0803889584687194
2.4388487419607876	0.0	1.0767898858404794
2.4403495719558403	0.0	1.0731719648125897
2.4418504019508935	0.0	1.0695352643645624
2.443351231945946	0.0	1.0658798589531426
2.444852061940999	0.0	1.0622058241501968
2.4463528919360518	0.0	1.058513238792985
2.447853721931104	0.0	1.0548021739311428
2.4493545519261573	0.0	1.0510727030356022
2.45085538192121	0.0	1.0473249092009347
2.452356211916263	0.0	1.0435588666435816
2.4538570419113155	0.0	1.0397746524510234
2.4553578719063682	0.0	1.0359723444747624
2.4568587019014214	0.0	1.0321520191492377
2.4583595318964737	0.0	1.0283137597969523
2.459860361891527	0.0	1.0244576438134334
2.4613611918865796	0.0	1.0205837497094201
2.4628620218816324	0.0	1.0166921604747738
2.464362851876685	0.0	1.0127829522050213
2.465863681871738	0.0	1.0088562065899696
2.467364511866791	0.0	1.0049120083199363
2.4688653418618434	0.0	1.000950437273421
2.470366171856896	0.0	0.9969715763477989
2.4718670018519493	0.0	0.9929755090565738
2.4733678318470016	0.0	0.9889623182478917
2.474868661842055	0.0	0.9849320861907006
2.4763694918371075	0.0	0.9808848965587137
2.4778703218321603	0.0	0.9768208360445945
2.479371151827213	0.0	0.9727399893324109
2.4808719818222658	0.0	0.9686424396399932
2.482372811817319	0.0	0.9645282731978712
2.4838736418123712	0.0	0.9603975767602917
2.4853744718074244	0.0	0.9562504377037889
2.486875301802477	0.0	0.9520869438546214
2.4883761317975295	0.0	0.9479071772538051
2.4898769617925827	0.0	0.9437112270707252
2.4913777917876354	0.0	0.9394991874837448
2.492878621782688	0.0	0.9352711421604192
2.494379451777741	0.0	0.9310271781999909
2.4958802817727936	0.0	0.9267673854434174
2.497381111767847	0.0	0.9224918572188427
2.498881941762899	0.0	0.9182006849690743
2.5003827717579523	0.0	0.913893950716653
2.501883601753005	0.0	0.9095717475987039
2.503384431748058	0.0	0.9052341712476221
2.5048852617431105	0.0	0.9008813115474363
2.5063860917381633	0.0	0.89651325717468
2.5078869217332165	0.0	0.8921300999973445
2.509387751728269	0.0	0.8877319357278275
2.5108885817233215	0.0	0.8833188571151129
2.5123894117183747	0.0	0.8788909559778882
2.513890241713427	0.0	0.8744483237898079
2.51539107170848	0.0	0.8699910569040507
2.516891901703533	0.0	0.8655192492586942
2.5183927316985857	0.0	0.8610329930790424
2.5198935616936384	0.0	0.8565323842685493
2.521394391688691	0.0	0.8520175161923091
2.5228952216837444	0.0	0.8474884852466645
2.5243960516787967	0.0	0.8429453883146694
2.5258968816738494	0.0	0.8383883213798919
2.5273977116689026	0.0	0.8338173797296943
2.528898541663955	0.0	0.8292326589286563
2.530399371659008	0.0	0.8246342540115376
2.531900201654061	0.0	0.8200222613808023
2.5334010316491136	0.0	0.8153967842531712
2.5349018616441663	0.0	0.8107579189633667
2.536402691639219	0.0	0.8061057582110319
2.5379035216342722	0.0	0.8014404014977689
2.5394043516293245	0.0	0.7967619496127512
2.5409051816243777	0.0	0.7920704998210161
2.5424060116194305	0.0	0.7873661487222604
2.5439068416144828	0.0	0.7826489967483083
2.545407671609536	0.0	0.7779191426120704
2.5469085016045887	0.0	0.7731766863203166
2.5484093315996414	0.0	0.7684217300423152
2.549910161594694	0.0	0.7636543697554578
2.551410991589747	0.0	0.7588747057437314
2.5529118215848	0.0	0.75408283774895
2.5544126515798524	0.0	0.7492788654143572
2.5559134815749056	0.0	0.7444628947599163
2.5574143115699584	0.0	0.7396350236298063
2.558915141565011	0.0	0.7347953513530664
2.560415971560064	0.0	0.7299439800435403
2.5619168015551166	0.0	0.7250810092458457
2.5634176315501698	0.0	0.7202065418686394
2.564918461545222	0.0	0.7153206803276339
2.566419291540275	0.0	0.7104235253442429
2.567920121535328	0.0	0.7055151822052743
2.5694209515303803	0.0	0.7005957512809687
2.5709217815254335	0.0	0.6956653286719398
2.5724226115204862	0.0	0.6907240206445576
2.573923441515539	0.0	0.6857719318572401
2.5754242715105917	0.0	0.6808091642512865
2.5769251015056445	0.0	0.675835818997872
2.5784259315006977	0.0	0.6708520002624889
2.57992676149575	0.0	0.6658578137508593
2.581427591490803	0.0	0.6608533575844349
2.582928421485856	0.0	0.6558387341481552
2.584429251480908	0.0	0.6508140477923179
2.5859300814759614	0.0	0.6457794025468581
2.587430911471014	0.0	0.6407349049122921
2.588931741466067	0.0	0.6356806562877461
2.5904325714611196	0.0	0.6306167568956422
2.5919334014561723	0.0	0.6255433121768023
2.5934342314512255	0.0	0.6204604274549281
2.594935061446278	0.0	0.6153682075978947
2.596435891441331	0.0	0.6102667555451315
2.5979367214363838	0.0	0.6051561721905228
2.5994375514314365	0.0	0.6000365625436771
2.6009383814264893	0.0	0.5949080299999255
2.602439211421542	0.0	0.5897706799815408
2.6039400414165947	0.0	0.584624619870124
2.6054408714116475	0.0	0.5794699475653535
2.6069417014067002	0.0	0.5743067670663354
2.6084425314017534	0.0	0.569135187843196
2.6099433613968057	0.0	0.5639553117695116
2.611444191391859	0.0	0.5587672411686199
2.6129450213869116	0.0	0.5535710788875017
2.6144458513819644	0.0	0.5483669330716874
2.615946681377017	0.0	0.5431549090141244
2.61744751137207	0.0	0.5379351055386289
2.618948341367123	0.0	0.5327076276547538
2.6204491713621754	0.0	0.5274725785360564
2.621950001357228	0.0	0.5222300650650179
2.6234508313522813	0.0	0.5169801934094382
2.6249516613473336	0.0	0.5117230649377074
2.626452491342387	0.0	0.5064587844745546
2.6279533213374395	0.0	0.5011874523716905
2.6294541513324923	0.0	0.49590917398984113
2.630954981327545	0.0	0.49062405368548095
2.6324558113225978	0.0	0.48533219498951674
2.633956641317651	0.0	0.4800337034352004
2.6354574713127032	0.0	0.4747286805817929
2.6369583013077564	0.0	0.4694172315621066
2.638459131302809	0.0	0.4640994591738742
2.639959961297862	0.0	0.45877546615313397
2.6414607912929147	0.0	0.45344535823647375
2.6429616212879674	0.0	0.448109236311693
2.64446245128302	0.0	0.4427672007490327
2.645963281278073	0.0	0.43741936039633184
2.6474641112731256	0.0	0.4320658187598639
2.648964941268179	0.0	0.4267066753412123
2.650465771263231	0.0	0.42134203320911334
2.6519666012582843	0.0	0.41597199278309294
2.653467431253337	0.0	0.4105966615248481
2.65496826124839	0.0	0.4052161429159634
2.6564690912434425	0.0	0.39983053411674735
2.6579699212384953	0.0	0.3944399418988124
2.6594707512335485	0.0	0.3890444673840486
2.660971581228601	0.0	0.3836442093162135
2.6624724112236535	0.0	0.3782392751507717
2.6639732412187067	0.0	0.37282976619443714
2.665474071213759	0.0	0.367415779669157
2.666974901208812	0.0	0.3619974192413584
2.668475731203865	0.0	0.35657478690168126
2.6699765611989177	0.0	0.3511479848070406
2.6714773911939704	0.0	0.34571711521297704
2.672978221189023	0.0	0.3402822785760036
2.6744790511840764	0.0	0.33484357679432997
2.6759798811791287	0.0	0.32940110653537613
2.6774807111741814	0.0	0.3239549703503935
2.6789815411692346	0.0	0.31850527359395003
2.6804823711642873	0.0	0.3130521135003279
2.68198320115934	0.0	0.3075955884620565
2.683484031154393	0.0	0.3021357982702162
2.6849848611494456	0.0	0.29667284358463747
2.6864856911444983	0.0	0.2912068299939786
2.687986521139551	0.0	0.28573785517612516
2.6894873511346042	0.0	0.28026601284120417
2.6909881811296565	0.0	0.2747914079987135
2.6924890111247097	0.0	0.2693141407478165
2.6939898411197625	0.0	0.263834303079708
2.695490671114815	0.0	0.2583519974039238
2.696991501109868	0.0	0.2528673283603695
2.6984923311049207	0.0	0.2473803922529573
2.6999931610999734	0.0	0.24189128294582793
2.701493991095026	0.0	0.23640009984193916
2.702994821090079	0.0	0.23090694617027313
2.704495651085132	0.0	0.2254119151480686
2.7059964810801844	0.0	0.2199151040280459
2.7074973110752376	0.0	0.2144166134084336
2.7089981410702904	0.0	0.20891653953150513
2.710498971065343	0.0	0.2034149840860128
2.711999801060396	0.0	0.19791204458961467
2.7135006310554486	0.0	0.19240781040267785
2.7150014610505018	0.0	0.18690237861780604
2.716502291045554	0.0	0.1813958507265002
2.718003121040607	0.0	0.17588832135070853
2.71950395103566	0.0	0.1703798921792019
2.7210047810307127	0.0	0.16487065721779973
2.7225056110257655	0.0	0.15936070534013907
2.7240064410208182	0.0	0.1538501377112553
2.725507271015871	0.0	0.14833905138058845
2.7270081010109237	0.0	0.14282754215304097
2.7285089310059765	0.0	0.13731570585191633
2.7300097610010297	0.0	0.13180363330393
2.731510590996082	0.0	0.12629141970410632
2.7330114209911347	0.0	0.12077916395012407
2.734512250986188	0.0	0.11526696086103509
2.7360130809812406	0.0	0.10975490377127127
2.7375139109762934	0.0	0.1042430855529644
2.739014740971346	0.0	0.0987316034710775
2.740515570966399	0.0	0.09322055210458001
2.7420164009614516	0.0	0.08771001911953998
2.7435172309565043	0.0	0.08220010215674504
2.7450180609515575	0.0	0.07669089851211633
2.7465188909466103	0.0	0.07118249844558099
2.748019720941663	0.0	0.06567499354778333
2.7495205509367158	0.0	0.06016847888433033
2.7510213809317685	0.0	0.05466305067903882
2.7525222109268213	0.0	0.04915879808278175
2.754023040921874	0.0	0.04365581276021433
2.7555238709169267	0.0	0.03815418548264556
2.7570247009119795	0.0	0.03265401092129034
2.7585255309070322	0.0	0.027155389624999676
2.7600263609020854	0.0	0.0216584064566733
2.761527190897138	0.0	0.016163149612217608
2.763028020892191	0.0	0.010669714169445243
2.7645288508872436	0.0	0.005178194189729988
2.7660296808822964	0.0	-0.00031132062772343293
2.767530510877349	0.0	-0.005798743183672232
2.769031340872402	0.0	-0.011283974481756406
2.770532170867455	0.0	-0.016766925568206584
2.7720330008625074	0.0	-0.022247509035678535
2.77353383085756	0.0	-0.027725628420162015
2.7750346608526133	0.0	-0.03320120006024197
2.776535490847666	0.0	-0.03867413138552629
2.778036320842719	0.0	-0.04414432439168245
2.7795371508377715	0.0	-0.049611698103584914
2.7810379808328243	0.0	-0.055076163117702776
2.782538810827877	0.0	-0.06053762112770491
2.7840396408229298	0.0	-0.065995985558084
2.785540470817983	0.0	-0.07145116837308722
2.7870413008130357	0.0	-0.07690308002744962
2.7885421308080884	0.0	-0.08235163364373925
2.790042960803141	0.0	-0.08779673204931254
2.791543790798194	0.0	-0.09323828784300209
2.7930446207932467	0.0	-0.09867621756057036
2.7945454507882994	0.0	-0.10411042979612296
2.796046280783352	0.0	-0.10954083575615504
2.797547110778405	0.0	-0.11496734068319811
2.7990479407734576	0.0	-0.12038985953566837
2.800548770768511	0.0	-0.1258083092622138
2.8020496007635636	0.0	-0.13122259504995945
2.8035504307586163	0.0	-0.13663263163547368
2.805051260753669	0.0	-0.14203833043474584
2.806552090748722	0.0	-0.1474395975282472
2.8080529207437745	0.0	-0.15283634951944483
2.8095537507388273	0.0	-0.15822850028869584
2.81105458073388	0.0	-0.1636159600012382
2.812555410728933	0.0	-0.16899864262368267
2.8140562407239855	0.0	-0.17437645885722688
2.8155570707190387	0.0	-0.17974931636566174
2.8170579007140915	0.0	-0.18511713166631175
2.818558730709144	0.0	-0.19047982187409973
2.820059560704197	0.0	-0.1958372954414343
2.8215603906992497	0.0	-0.2011894620221716
2.8230612206943024	0.0	-0.20653623596486828
2.824562050689355	0.0	-0.21187753187689723
2.8260628806844084	0.0	-0.21721326518505915
2.827563710679461	0.0	-0.2225433457341555
2.8290645406745134	0.0	-0.22786768365861412
2.8305653706695666	0.0	-0.23318619672026
2.8320662006646193	0.0	-0.23849879979134828
2.833567030659672	0.0	-0.2438054031788325
2.835067860654725	0.0	-0.24910591505172708
2.8365686906497776	0.0	-0.25440025264200017
2.8380695206448303	0.0	-0.2596883340195042
2.839570350639883	0.0	-0.26497006911536825
2.8410711806349362	0.0	-0.2702453729066314
2.842572010629989	0.0	-0.2755141579366089
2.8440728406250417	0.0	-0.28077633706296806
2.8455736706200945	0.0	-0.2860318255091738
2.847074500615147	0.0	-0.29128053598492704
2.8485753306102	0.0	-0.2965223817668096
2.8500761606052527	0.0	-0.30175727716642825
2.8515769906003055	0.0	-0.3069851399086763
2.853077820595358	0.0	-0.3122058821795934
2.854578650590411	0.0	-0.3174194141135519
2.856079480585464	0.0	-0.3226256523264465
2.857580310580517	0.0	-0.32782451195547
2.8590811405755696	0.0	-0.3330159075094251
2.8605819705706224	0.0	-0.3381997542364098
2.862082800565675	0.0	-0.34337596161773626
2.863583630560728	0.0	-0.34854444670672546
2.8650844605557806	0.0	-0.353705126994088
2.8665852905508338	0.0	-0.35885791198586164
2.8680861205458865	0.0	-0.36400271681922064
2.869586950540939	0.0	-0.36913945922514285
2.871087780535992	0.0	-0.37426805459967427
2.8725886105310448	0.0	-0.37938841383501337
2.8740894405260975	0.0	-0.38450044758305413
2.8755902705211502	0.0	-0.38960407997623847
2.877091100516203	0.0	-0.39469922386601997
2.8785919305112557	0.0	-0.39978578453798297
2.8800927605063085	0.0	-0.4048636876155325
2.8815935905013617	0.0	-0.4099328458515149
2.8830944204964144	0.0	-0.4149931677846293
2.8845952504914667	0.0	-0.42004457481791974
2.88609608048652	0.0	-0.42508697923597755
2.8875969104815726	0.0	-0.4301202935637353
2.8890977404766254	0.0	-0.4351444396416635
2.890598570471678	0.0	-0.44015933024110193
2.892099400466731	0.0	-0.44516487395617466
2.893600230461784	0.0	-0.45016098703925
2.8951010604568364	0.0	-0.4551475902403117
2.8966018904518895	0.0	-0.46012460002118516
2.8981027204469423	0.0	-0.46509192504375463
2.899603550441995	0.0	-0.47004948451771844
2.9011043804370478	0.0	-0.4749971937096868
2.9026052104321005	0.0	-0.4799349612630504
2.9041060404271533	0.0	-0.4848627085623783
2.905606870422206	0.0	-0.4897803523159586
2.9071077004172587	0.0	-0.4946878059481917
2.908608530412312	0.0	-0.4995849847749912
2.9101093604073642	0.0	-0.5044718006250286
2.9116101904024174	0.0	-0.5093481720733984
2.91311102039747	0.0	-0.5142140159701227
2.914611850392523	0.0	-0.5190692442979055
2.9161126803875757	0.0	-0.523913775225206
2.9176135103826284	0.0	-0.5287475272285488
2.919114340377681	0.0	-0.5335704123276428
2.920615170372734	0.0	-0.5383823403118646
2.922116000367787	0.0	-0.5431832319681292
2.92361683036284	0.0	-0.5479730089397482
2.925117660357892	0.0	-0.5527515826056868
2.9266184903529453	0.0	-0.5575188668401068
2.928119320347998	0.0	-0.5622747779323265
2.929620150343051	0.0	-0.5670192328864189
2.9311209803381035	0.0	-0.5717521462973663
2.9326218103331563	0.0	-0.5764734374549437
2.9341226403282095	0.0	-0.5811830193646556
2.9356234703232618	0.0	-0.585880804495954
2.937124300318315	0.0	-0.5905667202774115
2.9386251303133677	0.0	-0.5952406779708743
2.94012596030842	0.0	-0.5999025880188348
2.941626790303473	0.0	-0.6045523694584839
2.943127620298526	0.0	-0.6091899384004376
2.9446284502935787	0.0	-0.6138152163709804
2.9461292802886314	0.0	-0.6184281167514042
2.947630110283684	0.0	-0.6230285506803517
2.9491309402787373	0.0	-0.6276164457650978
2.9506317702737896	0.0	-0.6321917207902127
2.952132600268843	0.0	-0.636754278164083
2.9536334302638956	0.0	-0.6413040343608694
2.9551342602589483	0.0	-0.6458409165996686
2.956635090254001	0.0	-0.6503648436835443
2.958135920249054	0.0	-0.6548757294188982
2.9596367502441066	0.0	-0.6593734892941141
2.9611375802391593	0.0	-0.6638580371464409
2.962638410234212	0.0	-0.6683292948779508
2.9641392402292652	0.0	-0.6727871858385525
2.9656400702243175	0.0	-0.6772316161579651
2.9671409002193707	0.0	-0.6816625027292825
2.9686417302144235	0.0	-0.6860797782426582
2.970142560209476	0.0	-0.690483355956199
2.971643390204529	0.0	-0.6948731448090066
2.9731442201995817	0.0	-0.6992490647254969
2.974645050194635	0.0	-0.7036110388645963
2.976145880189687	0.0	-0.7079589866762335
2.9776467101847404	0.0	-0.7122928221024228
2.979147540179793	0.0	-0.716612470224359
2.9806483701748454	0.0	-0.7209178479782438
2.9821492001698986	0.0	-0.725208865375283
2.9836500301649513	0.0	-0.7294854483592443
2.985150860160004	0.0	-0.7337475202492262
2.986651690155057	0.0	-0.7379949965397895
2.9881525201501096	0.0	-0.7422277960278396
2.9896533501451628	0.0	-0.7464458404059914
2.991154180140215	0.0	-0.7506490450455281
2.9926550101352682	0.0	-0.7548373321319716
2.994155840130321	0.0	-0.7590106258223417
2.9956566701253737	0.0	-0.7631688404405986
2.9971575001204265	0.0	-0.767311903902045
2.998658330115479	0.0	-0.7704116054840406
3.000159160110532	0.0	-0.7714435705702145
