0.0	1.999924555099547	0.0
0.0015008299950527925	1.999915374193072	0.0
0.003001659990105585	1.9998606802481338	0.0
0.004502489985158378	1.9997648053297685	0.0
0.00600331998021117	1.9996410315921882	0.0
0.0075041499752639615	1.9994890489655197	0.0
0.009004979970316756	1.9993085258896224	0.0
0.010505809965369548	1.9990988384690929	0.0
0.01200663996042234	1.9988591662591302	0.0
0.01350746995547513	1.9985888686758169	0.0
0.015008299950527923	1.9982874594226385	0.0
0.016509129945580715	1.9979540966681653	0.0
0.01800995994063351	1.997587350122717	0.0
0.019510789935686303	1.997185368826573	0.0
0.021011619930739096	1.9967467603080158	0.0
0.022512449925791888	1.9962726003728604	0.0
0.02401327992084468	1.9957657751938156	0.0
0.02551410991589747	1.9952279348412392	0.0
0.02701493991095026	1.9946592997353967	0.0
0.028515769906003054	1.9940599153253493	0.0
0.030016599901055846	1.9934297970223496	0.0
0.03151742989610864	1.9927689042740329	0.0
0.03301825989116143	1.9920772516731609	0.0
0.03451908988621422	1.9913549057050244	0.0
0.03601991988126702	1.990601870952858	0.0
0.037520749876319814	1.9898181133866781	0.0
0.03902157987137261	1.9890036718048727	0.0
0.0405224098664254	1.9881585811539393	0.0
0.04202323986147819	1.9872828417603656	0.0
0.043524069856530984	1.9863764728951905	0.0
0.045024899851583776	1.9854394890418432	0.0
0.04652572984663657	1.9844718984300171	0.0
0.04802655984168936	1.9834737283456758	0.0
0.04952738983674215	1.9824450051325588	0.0
0.05102821983179494	1.9813857374466814	0.0
0.05252904982684774	1.9802959407530498	0.0
0.05402987982190052	1.9791756350709717	0.0
0.05553070981695332	1.9780248354740047	0.0
0.05703153981200611	1.9768435766483952	0.0
0.05853236980705891	1.97563188579708	0.0
0.06003319980211169	1.974389750257345	0.0
0.06153402979716449	1.9731171865419934	0.0
0.06303485979221728	1.9718142537463217	0.0
0.06453568978727008	1.9704809663694633	0.0
0.06603651978232286	1.9691173207210009	0.0
0.06753734977737566	1.96772335969883	0.0
0.06903817977242845	1.9662991077040548	0.0
0.07053900976748124	1.964844565823335	0.0
0.07203983976253404	1.9633597734893335	0.0
0.07354066975758683	1.9618447683356708	0.0
0.07504149975263963	1.9602995519910122	0.0
0.07654232974769241	1.958724148646598	0.0
0.07804315974274521	1.9571185943734184	0.0
0.079543989737798	1.9554829211285607	0.0
0.0810448197328508	1.9538171570021443	0.0
0.08254564972790358	1.9521213067980252	0.0
0.08404647972295638	1.9503954141624906	0.0
0.08554730971800917	1.9486395276496893	0.0
0.08704813971306197	1.9468536535899312	0.0
0.08854896970811475	1.9450378155074757	0.0
0.09004979970316755	1.943192048674585	0.0
0.09155062969822034	1.9413163834279301	0.0
0.09305145969327314	1.9394108566164099	0.0
0.09455228968832592	1.937475501177182	0.0
0.09605311968337872	1.9355103476518385	0.0
0.0975539496784315	1.933515415450489	0.0
0.0990547796734843	1.9314907280084694	0.0
0.10055560966853709	1.9294363471657499	0.0
0.10205643966358988	1.927352327415643	0.0
0.10355726965864268	1.925238670153224	0.0
0.10505809965369547	1.9230953955630605	0.0
0.10655892964874826	1.9209225564699357	0.0
0.10805975964380105	1.918720180117392	0.0
0.10956058963885383	1.916488317124217	0.0
0.11106141963390664	1.9142270233593726	0.0
0.11256224962895943	1.9119363096189455	0.0
0.11406307962401221	1.9096162082155326	0.0
0.115563909619065	1.9072667726092818	0.0
0.11706473961411781	1.9048880278242084	0.0
0.1185655696091706	1.9024800155232233	0.0
0.12006639960422338	1.9000428008970864	0.0
0.1215672295992762	1.8975764160941078	0.0
0.12306805959432898	1.8950808886972739	0.0
0.12456888958938177	1.892556266295286	0.0
0.12606971958443455	1.890002587871222	0.0
0.12757054957948735	1.8874198968154667	0.0
0.12907137957454015	1.884808240285699	0.0
0.13057220956959295	1.8821676650920607	0.0
0.13207303956464572	1.8794982264097555	0.0
0.13357386955969852	1.8767999627042424	0.0
0.13507469955475132	1.8740729029772787	0.0
0.1365755295498041	1.8713170971910502	0.0
0.1380763595448569	1.8685326071013975	0.0
0.1395771895399097	1.865719469686443	0.0
0.1410780195349625	1.8628777263015244	0.0
0.14257884953001526	1.8600074453159101	0.0
0.1440796795250681	1.857108675880916	0.0
0.14558050952012086	1.8541814570861241	0.0
0.14708133951517366	1.8512258390925909	0.0
0.14858216951022643	1.8482418745329008	0.0
0.15008299950527926	1.8452296137063553	0.0
0.15158382950033203	1.8421891016963934	0.0
0.15308465949538483	1.8391204000461965	0.0
0.1545854894904376	1.8360235642716112	0.0
0.15608631948549043	1.832898634324753	0.0
0.1575871494805432	1.82974567732805	0.0
0.159087979475596	1.826564758655096	0.0
0.16058880947064877	1.8233559156978099	0.0
0.1620896394657016	1.8201191932687593	0.0
0.16359046946075437	1.8168546627382742	0.0
0.16509129945580717	1.8135623893695803	0.0
0.16659212945085994	1.8102424187530322	0.0
0.16809295944591277	1.806894807045525	0.0
0.16959378944096554	1.8035196230416322	0.0
0.17109461943601834	1.800116929950205	0.0
0.17259544943107114	1.7966867714835886	0.0
0.17409627942612393	1.7932292057690686	0.0
0.1755971094211767	1.789744308911003	0.0
0.1770979394162295	1.7862321276008888	0.0
0.1785987694112823	1.782692718499884	0.0
0.1800995994063351	1.7791261676841783	0.0
0.18160042940138788	1.7755325310932717	0.0
0.18310125939644067	1.7719118614301068	0.0
0.18460208939149347	1.7682642428859248	0.0
0.18610291938654627	1.7645897270047044	0.0
0.18760374938159904	1.760888364191766	0.0
0.18910457937665184	1.7571602336206162	0.0
0.19060540937170464	1.7534054006364919	0.0
0.19210623936675744	1.749623934279544	0.0
0.1936070693618102	1.7458158976377087	0.0
0.195107899356863	1.741981359442848	0.0
0.1966087293519158	1.7381203979903737	0.0
0.1981095593469686	1.73423306652751	0.0
0.19961038934202138	1.7303194354699836	0.0
0.20111121933707418	1.7263795940789528	0.0
0.20261204933212695	1.7224135976988975	0.0
0.20411287932717975	1.718421511588483	0.0
0.20561370932223258	1.714403424734797	0.0
0.20711453931728535	1.710359401071404	0.0
0.20861536931233815	1.7062894985045822	0.0
0.21011619930739095	1.7021938011739246	0.0
0.21161702930244372	1.6980723903857666	0.0
0.21311785929749652	1.6939253281272506	0.0
0.2146186892925493	1.6897526939476337	0.0
0.2161195192876021	1.6855545662668614	0.0
0.21762034928265492	1.6813310116812583	0.0
0.21912117927770766	1.6770821129111968	0.0
0.2206220092727605	1.6728079524509438	0.0
0.2221228392678133	1.6685085980667682	0.0
0.22362366926286606	1.6641841287362193	0.0
0.22512449925791886	1.6598346273547027	0.0
0.22662532925297169	1.655460162586217	0.0
0.22812615924802443	1.6510608162197318	0.0
0.22962698924307726	1.6466366790918319	0.0
0.23112781923813	1.642187827380343	0.0
0.23262864923318283	1.637714339154166	0.0
0.23412947922823563	1.6332163029507807	0.0
0.2356303092232884	1.628693791543683	0.0
0.2371311392183412	1.6241468839387783	0.0
0.238631969213394	1.6195756770324028	0.0
0.24013279920844677	1.6149802466869574	0.0
0.2416336292034996	1.610360663775743	0.0
0.2431344591985524	1.605717029228407	0.0
0.24463528919360517	1.6010494385445857	0.0
0.24613611918865796	1.5963579557462482	0.0
0.24763694918371074	1.5916426653660927	0.0
0.24913777917876354	1.5869036616177723	0.0
0.25063860917381636	1.5821410356561914	0.0
0.2521394391688691	1.5773548775873767	0.0
0.2536402691639219	1.5725452594284293	0.0
0.2551410991589747	1.567712275759529	0.0
0.2566419291540275	1.562856021594769	0.0
0.2581427591490803	1.5579765862226063	0.0
0.25964358914413305	1.5530740563371088	0.0
0.2611444191391859	1.5481485074013193	0.0
0.2626452491342387	1.5432000403933712	0.0
0.26414607912929144	1.5382287489942483	0.0
0.26564690912434424	1.5332347249491498	0.0
0.26714773911939704	1.528218067298283	0.0
0.26864856911444984	1.5231788506242439	0.0
0.27014939910950264	1.518117168870853	0.0
0.27165022910455544	1.5130331330896258	0.0
0.2731510590996082	1.5079268300883968	0.0
0.27465188909466104	1.502798342998231	0.0
0.2761527190897138	1.497647777385495	0.0
0.2776535490847666	1.492475226726884	0.0
0.2791543790798194	1.4872807714618057	0.0
0.2806552090748722	1.4820645112164859	0.0
0.282156039069925	1.4768265533827414	0.0
0.2836568690649778	1.4715669976921193	0.0
0.2851576990600305	1.4662859282699876	0.0
0.2866585290550834	1.4609834427168227	0.0
0.2881593590501362	1.4556596499534997	0.0
0.2896601890451889	1.4503146364603725	0.0
0.2911610190402417	1.4449484974904536	0.0
0.2926618490352945	1.439561345314739	0.0
0.2941626790303473	1.434153279219163	0.0
0.2956635090254001	1.4287243923572663	0.0
0.29716433902045286	1.4232747762741393	0.0
0.2986651690155057	1.4178045355956708	0.0
0.3001659990105585	1.4123137728494608	0.0
0.30166682900561126	1.4068025808387314	0.0
0.30316765900066406	1.4012710789574818	0.0
0.30466848899571686	1.3957193692020473	0.0
0.30616931899076966	1.39014753278392	0.0
0.30767014898582246	1.3845556791365234	0.0
0.3091709789808752	1.378943916565468	0.0
0.31067180897592805	1.3733123439573567	0.0
0.31217263897098085	1.3676610632882067	0.0
0.3136734689660336	1.3619901843940878	0.0
0.3151742989610864	1.3562998113440456	0.0
0.3166751289561392	1.350590038967005	0.0
0.318175958951192	1.3448609752550922	0.0
0.3196767889462448	1.3391127248041592	0.0
0.32117761894129754	1.3333453942125724	0.0
0.3226784489363504	1.3275590908629828	0.0
0.3241792789314032	1.3217539117476693	0.0
0.32568010892645594	1.3159299656992556	0.0
0.32718093892150873	1.3100873656419707	0.0
0.32868176891656153	1.3042262170842096	0.0
0.33018259891161433	1.2983466198451685	0.0
0.33168342890666713	1.2924486778405435	0.0
0.3331842589017199	1.2865325058488393	0.0
0.3346850888967727	1.2805982136051115	0.0
0.33618591889182553	1.27464590128054	0.0
0.3376867488868783	1.268675682612528	0.0
0.3391875788819311	1.2626876660907542	0.0
0.3406884088769839	1.2566819486250318	0.0
0.34218923887203667	1.2506586544355578	0.0
0.34369006886708947	1.2446178942192858	0.0
0.34519089886214227	1.2385597542216882	0.0
0.346691728857195	1.2324843448491585	0.0
0.34819255885224787	1.2263917962593907	0.0
0.3496933888473006	1.2202822169733027	0.0
0.3511942188423534	1.2141557021814573	0.0
0.3526950488374062	1.2080123655986093	0.0
0.354195878832459	1.2018523272542314	0.0
0.3556967088275118	1.1956756941729794	0.0
0.3571975388225646	1.189482562668339	0.0
0.35869836881761735	1.1832730492604302	0.0
0.3601991988126702	1.177047273118827	0.0
0.361700028807723	1.1708053405751597	0.0
0.36320085880277575	1.1645473668612525	0.0
0.36470168879782855	1.1582734603507543	0.0
0.36620251879288135	1.1519837280439928	0.0
0.36770334878793415	1.145678285341275	0.0
0.36920417878298695	1.1393572496372029	0.0
0.3707050087780397	1.13302072473465	0.0
0.37220583877309255	1.126668812626521	0.0
0.37370666876814534	1.120301642294179	0.0
0.3752074987631981	1.1139193290215583	0.0
0.3767083287582509	1.1075219706388064	0.0
0.3782091587533037	1.1011096841204309	0.0
0.3797099887483565	1.0946825851814923	0.0
0.3812108187434093	1.088240781108209	0.0
0.38271164873846203	1.0817843882567901	0.0
0.3842124787335149	1.075313517995586	0.0
0.3857133087285677	1.0688282872425665	0.0
0.3872141387236204	1.0623288059473084	0.0
0.38871496871867317	1.0558151825022637	0.0
0.390215798713726	1.049287536498153	0.0
0.3917166287087788	1.0427459736620284	0.0
0.3932174587038316	1.0361906165782697	0.0
0.3947182886988844	1.029621578333485	0.0
0.3962191186939372	1.0230389618154645	0.0
0.39771994868898997	1.0164428890047272	0.0
0.39922077868404277	1.0098334691483015	0.0
0.40072160867909556	1.0032108149896726	0.0
0.40222243867414836	0.996575047920955	0.0
0.4037232686692012	0.9899262716523765	0.0
0.4052240986642539	0.9832645982875523	0.0
0.4067249286593067	0.9765901507157335	0.0
0.4082257586543595	0.9699030380924976	0.0
0.40972658864941236	0.9632033708250742	0.0
0.41122741864446516	0.9564912700868087	0.0
0.41272824863951796	0.9497668504941086	0.0
0.4142290786345707	0.9430302094000169	0.0
0.4157299086296235	0.9362814643920263	0.0
0.4172307386246763	0.929520743374801	0.0
0.4187315686197291	0.9227481556148296	0.0
0.4202323986147819	0.9159638110015393	0.0
0.42173322860983464	0.9091678189152855	0.0
0.42323405860488744	0.9023602993806883	0.0
0.42473488859994024	0.8955413642156307	0.0
0.42623571859499304	0.8887111211359212	0.0
0.42773654859004584	0.8818696928071518	0.0
0.4292373785850986	0.8750171835151472	0.0
0.4307382085801514	0.8681536998193767	0.0
0.4322390385752042	0.8612793763079098	0.0
0.43373986857025704	0.8543943268283465	0.0
0.43524069856530984	0.8474986399548894	0.0
0.43674152856036264	0.8405924437302885	0.0
0.4382423585554153	0.8336758566873393	0.0
0.4397431885504682	0.8267489761691107	0.0
0.441244018545521	0.8198119265716913	0.0
0.4427448485405738	0.8128648208023002	0.0
0.4442456785356266	0.805907765049785	0.0
0.4457465085306793	0.7989408708741013	0.0
0.4472473385257321	0.7919642627369118	0.0
0.4487481685207849	0.7849780560946398	0.0
0.4502489985158377	0.7779823439812681	0.0
0.4517498285108905	0.7709772413572594	0.0
0.45325065850594337	0.7639628676013861	0.0
0.45475148850099606	0.7569393367413658	0.0
0.45625231849604886	0.7499067631234614	0.0
0.45775314849110166	0.7428652570397842	0.0
0.4592539784861545	0.735814928426685	0.0
0.4607548084812073	0.7287558838228043	0.0
0.46225563847626	0.7216882369061794	0.0
0.46375646847131285	0.7146121056494374	0.0
0.46525729846636565	0.7075275981633662	0.0
0.46675812846141845	0.7004348271154988	0.0
0.46825895845647125	0.6933339069100942	0.0
0.46975978845152405	0.6862249364878548	0.0
0.4712606184465768	0.6791080350002595	0.0
0.4727614484416296	0.6719833165015827	0.0
0.4742622784366824	0.6648508852434961	0.0
0.4757631084317352	0.6577108609740188	0.0
0.477263938426788	0.6505633501300527	0.0
0.47876476842184074	0.6434084570767014	0.0
0.48026559841689354	0.6362462940529938	0.0
0.48176642841194633	0.6290769836994528	0.0
0.4832672584069992	0.6219006314459419	0.0
0.484768088402052	0.6147173332514917	0.0
0.4862689183971048	0.6075272117713997	0.0
0.4877697483921575	0.6003303749565563	0.0
0.48927057838721033	0.5931269244584761	0.0
0.49077140838226313	0.5859169878045181	0.0
0.49227223837731593	0.5787006667324522	0.0
0.49377306837236873	0.5714780575973482	0.0
0.4952738983674215	0.5642492782112458	0.0
0.49677472836247427	0.5570144451963983	0.0
0.49827555835752707	0.5497736657802845	0.0
0.49977638835257987	0.5425270324864718	0.0
0.5012772183476327	0.535274666374641	0.0
0.5027780483426855	0.5280166889106921	0.0
0.5042788783377382	0.5207531856301523	0.0
0.5057797083327911	0.5134842747004792	0.0
0.5072805383278438	0.5062100750697391	0.0
0.5087813683228967	0.4989306699946149	0.0
0.5102821983179494	0.49164618028476137	0.0
0.5117830283130022	0.4843567221504478	0.0
0.513283858308055	0.4770623905198741	0.0
0.5147846883031078	0.46976330275970396	0.0
0.5162855182981606	0.46245956840124774	0.0
0.5177863482932135	0.45515128145280537	0.0
0.5192871782882661	0.4478385497772925	0.0
0.520788008283319	0.4405214873431158	0.0
0.5222888382783718	0.4332002025566877	0.0
0.5237896682734245	0.4258748006545488	0.0
0.5252904982684774	0.41854538350762543	0.0
0.5267913282635301	0.4112120677733638	0.0
0.5282921582585829	0.40387495825687214	0.0
0.5297929882536357	0.3965341506846722	0.0
0.5312938182486885	0.3891897507317853	0.0
0.5327946482437413	0.38184186872482706	0.0
0.5342954782387941	0.37449061960626756	0.0
0.5357963082338468	0.36713610328242274	0.0
0.5372971382288997	0.3597784191279908	0.0
0.5387979682239524	0.3524176787779154	0.0
0.5402987982190053	0.34505398695580375	0.0
0.5417996282140581	0.3376874498542513	0.0
0.5433004582091109	0.33031817306648714	0.0
0.5448012882041636	0.32294625573455177	0.0
0.5463021181992164	0.31557180603988894	0.0
0.5478029481942692	0.3081949324684459	0.0
0.5493037781893221	0.3008157386121444	0.0
0.5508046081843748	0.2934343239714323	0.0
0.5523054381794276	0.28605079387584165	0.0
0.5538062681744804	0.2786652563311653	0.0
0.5553070981695332	0.27127781625409797	0.0
0.556807928164586	0.26388858030408724	0.0
0.5583087581596388	0.25649764453788193	0.0
0.5598095881546916	0.24910511461940832	0.0
0.5613104181497444	0.2417110974542953	0.0
0.5628112481447971	0.23431569679251846	0.0
0.56431207813985	0.2269190165814552	0.0
0.5658129081349027	0.21952115298237457	0.0
0.5673137381299556	0.2121222205320498	0.0
0.5688145681250083	0.20472232339645025	0.0
0.570315398120061	0.19732155119503123	0.0
0.5718162281151139	0.18992001164352815	0.0
0.5733170581101668	0.18251781691474828	0.0
0.5748178881052195	0.17511506467609034	0.0
0.5763187181002724	0.16771185562559485	0.0
0.5778195480953251	0.1603082977690818	0.0
0.5793203780903778	0.15290448990973632	0.0
0.5808212080854307	0.1455005311623136	0.0
0.5823220380804834	0.1380965262530166	0.0
0.5838228680755363	0.13069258441187648	0.0
0.585323698070589	0.12328880760672023	0.0
0.5868245280656418	0.1158852917519258	0.0
0.5883253580606946	0.10848214113888821	0.0
0.5898261880557474	0.10107945708901045	0.0
0.5913270180508002	0.09367734379568621	0.0
0.592827848045853	0.08627590371700239	0.0
0.5943286780409057	0.07887523576599642	0.0
0.5958295080359586	0.07147544683317825	0.0
0.5973303380310114	0.06407663474612152	0.0
0.5988311680260642	0.05667890077809162	0.0
0.600331998021117	0.049282350980128675	0.0
0.6018328280161698	0.04188708435303906	0.0
0.6033336580112225	0.03449320237380732	0.0
0.6048344880062754	0.02710081160926614	0.0
0.6063353180013281	0.019710006109005362	0.0
0.607836147996381	0.01232088492882183	0.0
0.6093369779914337	0.004933564294133497	0.0
0.6108378079864865	-0.002451864010769411	0.0
0.6123386379815393	-0.009835303068160384	0.0
0.6138394679765921	-0.017216640388717397	0.0
0.6153402979716449	-0.024595783040560593	0.0
0.6168411279666978	-0.031972633570689746	0.0
0.6183419579617504	-0.03934707588236147	0.0
0.6198427879568033	-0.04671901121424604	0.0
0.6213436179518561	-0.05408835185520372	0.0
0.6228444479469089	-0.06145499000479537	0.0
0.6243452779419617	-0.06881882622373031	0.0
0.6258461079370145	-0.0761797561371168	0.0
0.6273469379320672	-0.08353766921318423	0.0
0.62884776792712	-0.09089247834746678	0.0
0.6303485979221728	-0.0982440856184803	0.0
0.6318494279172256	-0.10559237505305974	0.0
0.6333502579122784	-0.11293725199456212	0.0
0.6348510879073311	-0.12027862421172691	0.0
0.636351917902384	-0.1276163796804971	0.0
0.6378527478974367	-0.13495041793035828	0.0
0.6393535778924896	-0.14228064533606477	0.0
0.6408544078875424	-0.1496069571014253	0.0
0.6423552378825951	-0.15692924728812208	0.0
0.6438560678776479	-0.16424742177753743	0.0
0.6453568978727008	-0.1715613806611675	0.0
0.6468577278677535	-0.178871012916199	0.0
0.6483585578628064	-0.18617622545972484	0.0
0.6498593878578591	-0.19347692456600646	0.0
0.6513602178529119	-0.20077299488060574	0.0
0.6528610478479647	-0.2080643355350532	0.0
0.6543618778430175	-0.21535086180953333	0.0
0.6558627078380703	-0.22263246181920243	0.0
0.6573635378331231	-0.2299090255560417	0.0
0.6588643678281758	-0.23718047102328782	0.0
0.6603651978232287	-0.2444466940953418	0.0
0.6618660278182814	-0.2517075847446258	0.0
0.6633668578133343	-0.2589630423693802	0.0
0.6648676878083871	-0.2662129686209689	0.0
0.6663685178034398	-0.27345726684795363	0.0
0.6678693477984926	-0.28069582765360096	0.0
0.6693701777935454	-0.28792855887461244	0.0
0.6708710077885982	-0.295155359050081	0.0
0.6723718377836511	-0.3023761183815359	0.0
0.6738726677787038	-0.3095907466292269	0.0
0.6753734977737565	-0.31679913782032665	0.0
0.6768743277688094	-0.3240011885461583	0.0
0.6783751577638621	-0.33119680582241456	0.0
0.679875987758915	-0.3383858818648115	0.0
0.6813768177539677	-0.345568316797656	0.0
0.6828776477490205	-0.35274401140706174	0.0
0.6843784777440733	-0.3599128614594832	0.0
0.6858793077391261	-0.3670747707251535	0.0
0.6873801377341789	-0.37422963074380006	0.0
0.6888809677292317	-0.3813773503721686	0.0
0.6903817977242845	-0.38851782978329236	0.0
0.6918826277193373	-0.3956509533553717	0.0
0.69338345771439	-0.40277663410419284	0.0
0.6948842877094429	-0.4098947694334187	0.0
0.6963851177044957	-0.41700524938936023	0.0
0.6978859476995485	-0.4241079789873802	0.0
0.6993867776946012	-0.4312028600851556	0.0
0.7008876076896541	-0.4382897901492449	0.0
0.7023884376847068	-0.44536866670240277	0.0
0.7038892676797597	-0.4524393885176973	0.0
0.7053900976748124	-0.45950185422498974	0.0
0.7068909276698653	-0.46655596540287364	0.0
0.708391757664918	-0.4736016224741959	0.0
0.7098925876599708	-0.4806387211316913	0.0
0.7113934176550236	-0.4876671596685965	0.0
0.7128942476500764	-0.49468684139261176	0.0
0.7143950776451292	-0.5016976642867375	0.0
0.715895907640182	-0.5086995254564552	0.0
0.7173967376352347	-0.5156923236547739	0.0
0.7188975676302876	-0.522675956730511	0.0
0.7203983976253404	-0.5296503325569228	0.0
0.7218992276203932	-0.53661534659225	0.0
0.723400057615446	-0.5435708933874627	0.0
0.7249008876104988	-0.5505168790182646	0.0
0.7264017176055515	-0.5574531951583788	0.0
0.7279025476006044	-0.5643797444129244	0.0
0.7294033775956571	-0.5712964297078776	0.0
0.73090420759071	-0.5782031471053765	0.0
0.7324050375857627	-0.585099799825396	0.0
0.7339058675808154	-0.5919862822753057	0.0
0.7354066975758683	-0.5988624934305402	0.0
0.736907527570921	-0.6057283403947619	0.0
0.7384083575659739	-0.6125837236495966	0.0
0.7399091875610266	-0.6194285327900186	0.0
0.7414100175560794	-0.6262626677542199	0.0
0.7429108475511322	-0.6330860373936146	0.0
0.7444116775461851	-0.6398985385611237	0.0
0.7459125075412378	-0.6467000696152442	0.0
0.7474133375362907	-0.6534905335245027	0.0
0.7489141675313434	-0.660269829918505	0.0
0.7504149975263962	-0.6670378567259284	0.0
0.751915827521449	-0.6737945152135081	0.0
0.7534166575165018	-0.6805397054996979	0.0
0.7549174875115546	-0.68727332460683	0.0
0.7564183175066074	-0.6939952768110047	0.0
0.7579191475016601	-0.7007054689834051	0.0
0.759419977496713	-0.7074037946073382	0.0
0.7609208074917657	-0.7140901526182866	0.0
0.7624216374868186	-0.7207644472795749	0.0
0.7639224674818714	-0.7274265786563895	0.0
0.7654232974769241	-0.7340764514995144	0.0
0.7669241274719769	-0.7407139635258415	0.0
0.7684249574670298	-0.7473390176535111	0.0
0.7699257874620825	-0.7539515135233406	0.0
0.7714266174571354	-0.7605513504185238	0.0
0.772927447452188	-0.7671384371336561	0.0
0.7744282774472409	-0.7737126726527959	0.0
0.7759291074422937	-0.7802739598017446	0.0
0.7774299374373463	-0.7868221989011339	0.0
0.7789307674323993	-0.793357288702246	0.0
0.780431597427452	-0.7998791359110387	0.0
0.7819324274225049	-0.806387645576305	0.0
0.7834332574175576	-0.8128827222717014	0.0
0.7849340874126104	-0.8193642604097373	0.0
0.7864349174076632	-0.8258321635252189	0.0
0.787935747402716	-0.8322863408734558	0.0
0.7894365773977688	-0.8387266933577546	0.0
0.7909374073928216	-0.8451531292515626	0.0
0.7924382373878744	-0.8515655475876617	0.0
0.7939390673829272	-0.8579638463391506	0.0
0.7954398973779799	-0.8643479392384772	0.0
0.7969407273730328	-0.870717734508808	0.0
0.7984415573680855	-0.8770731272850552	0.0
0.7999423873631384	-0.8834140170613278	0.0
0.8014432173581911	-0.8897403206284415	0.0
0.8029440473532439	-0.8960519470224836	0.0
0.8044448773482967	-0.9023487893790483	0.0
0.8059457073433495	-0.9086307551956097	0.0
0.8074465373384024	-0.9148977559188687	0.0
0.8089473673334551	-0.9211496987867023	0.0
0.8104481973285078	-0.9273864832417258	0.0
0.8119490273235607	-0.9336080136594789	0.0
0.8134498573186134	-0.9398142069134556	0.0
0.8149506873136664	-0.9460049708355145	0.0
0.816451517308719	-0.9521802075668218	0.0
0.8179523473037718	-0.9583398208394922	0.0
0.8194531772988247	-0.9644837235788456	0.0
0.8209540072938774	-0.9706118250877223	0.0
0.8224548372889303	-0.9767240289387993	0.0
0.8239556672839831	-0.9828202468363418	0.0
0.8254564972790359	-0.9889003916290756	0.0
0.8269573272740887	-0.9949643675504046	0.0
0.8284581572691414	-1.0010120848811734	0.0
0.8299589872641943	-1.0070434566960653	0.0
0.831459817259247	-1.0130583906194988	0.0
0.8329606472542999	-1.0190567969208284	0.0
0.8344614772493526	-1.0250385868255494	0.0
0.8359623072444053	-1.0310036745356357	0.0
0.8374631372394582	-1.0369519716224906	0.0
0.8389639672345109	-1.0428833846728065	0.0
0.8404647972295638	-1.0487978254045824	0.0
0.8419656272246165	-1.054695216026786	0.0
0.8434664572196693	-1.060575459838113	0.0
0.8449672872147221	-1.0664384669182367	0.0
0.8464681172097749	-1.072284168014472	0.0
0.8479689472048277	-1.0781124674460103	0.0
0.8494697771998805	-1.08392327277506	0.0
0.8509706071949332	-1.0897165074491149	0.0
0.8524714371899861	-1.0954920853798056	0.0
0.8539722671850388	-1.1012499181139788	0.0
0.8554730971800917	-1.1069899226208668	0.0
0.8569739271751444	-1.112712017360865	0.0
0.8584747571701972	-1.118416124256777	0.0
0.85997558716525	-1.1241021570119731	0.0
0.8614764171603028	-1.1297700238824566	0.0
0.8629772471553557	-1.1354196499425768	0.0
0.8644780771504084	-1.1410509555332367	0.0
0.8659789071454613	-1.146663856101371	0.0
0.8674797371405141	-1.1522582721189814	0.0
0.8689805671355667	-1.1578341226257924	0.0
0.8704813971306197	-1.1633913293323932	0.0
0.8719822271256723	-1.1689298118757891	0.0
0.8734830571207253	-1.1744494895687927	0.0
0.874983887115778	-1.1799502846282248	0.0
0.8764847171108306	-1.185432124355554	0.0
0.8779855471058836	-1.190894922850616	0.0
0.8794863771009364	-1.1963385983237562	0.0
0.8809872070959892	-1.2017630880302086	0.0
0.882488037091042	-1.2071683114758953	0.0
0.8839888670860947	-1.2125541886537636	0.0
0.8854896970811476	-1.217920645342304	0.0
0.8869905270762003	-1.2232676046768343	0.0
0.8884913570712532	-1.2285949982391502	0.0
0.8899921870663059	-1.2339027526263249	0.0
0.8914930170613586	-1.2391907859139668	0.0
0.8929938470564115	-1.244459027383771	0.0
0.8944946770514642	-1.249707413494046	0.0
0.8959955070465171	-1.2549358654654759	0.0
0.8974963370415698	-1.2601443079490626	0.0
0.8989971670366227	-1.2653326741273228	0.0
0.9004979970316754	-1.2705008947227237	0.0
0.9019988270267282	-1.2756489034441039	0.0
0.903499657021781	-1.280776625268081	0.0
0.9050004870168338	-1.2858839865553127	0.0
0.9065013170118867	-1.2909709337186064	0.0
0.9080021470069394	-1.2960373881484224	0.0
0.9095029770019921	-1.3010832738511646	0.0
0.911003806997045	-1.3061085452603394	0.0
0.9125046369920977	-1.3111131305669732	0.0
0.9140054669871507	-1.31609695503301	0.0
0.9155062969822033	-1.3210599565417573	0.0
0.9170071269772561	-1.3260020657715095	0.0
0.918507956972309	-1.3309232277100618	0.0
0.9200087869673617	-1.3358233855989365	0.0
0.9215096169624146	-1.3407024616369014	0.0
0.9230104469574674	-1.3455603959178664	0.0
0.92451127695252	-1.3503971362652123	0.0
0.926012106947573	-1.3552126121088952	0.0
0.9275129369426257	-1.360006762234797	0.0
0.9290137669376786	-1.3647795345754683	0.0
0.9305145969327313	-1.3695308636728938	0.0
0.932015426927784	-1.3742606894697893	0.0
0.9335162569228369	-1.3789689584187812	0.0
0.9350170869178897	-1.3836556068967738	0.0
0.9365179169129425	-1.388320582288306	0.0
0.9380187469079952	-1.3929638353952374	0.0
0.9395195769030481	-1.397585294720504	0.0
0.9410204068981008	-1.402184903754978	0.0
0.9425212368931536	-1.4067626216430926	0.0
0.9440220668882064	-1.4113183917246084	0.0
0.9455228968832592	-1.415852157565806	0.0
0.947023726878312	-1.4203638593122996	0.0
0.9485245568733648	-1.4248534438425957	0.0
0.9500253868684175	-1.4293208717427464	0.0
0.9515262168634704	-1.4337660914669657	0.0
0.9530270468585231	-1.4381890416297658	0.0
0.954527876853576	-1.442589670992656	0.0
0.9560287068486287	-1.4469679377003575	0.0
0.9575295368436815	-1.4513237924860896	0.0
0.9590303668387343	-1.455657182466961	0.0
0.9605311968337871	-1.459968059892938	0.0
0.96203202682884	-1.4642563784997606	0.0
0.9635328568238927	-1.4685220940514387	0.0
0.9650336868189454	-1.4727651584751928	0.0
0.9665345168139984	-1.4769855250986517	0.0
0.968035346809051	-1.4811831502397146	0.0
0.969536176804104	-1.4853579871566818	0.0
0.9710370067991567	-1.4895099990485126	0.0
0.9725378367942096	-1.493639142173814	0.0
0.9740386667892623	-1.4977453629924116	0.0
0.975539496784315	-1.5018286239190184	0.0
0.9770403267793679	-1.505888890520851	0.0
0.9785411567744207	-1.509926116559005	0.0
0.9800419867694735	-1.513940260266368	0.0
0.9815428167645263	-1.517931287601046	0.0
0.983043646759579	-1.5218991557474824	0.0
0.9845444767546319	-1.525843825007679	0.0
0.9860453067496846	-1.5297652615002273	0.0
0.9875461367447375	-1.5336634246414411	0.0
0.9890469667397902	-1.5375382736641727	0.0
0.990547796734843	-1.5413897780305221	0.0
0.9920486267298958	-1.5452179085727644	0.0
0.9935494567249485	-1.5490226199593145	0.0
0.9950502867200014	-1.5528038741319499	0.0
0.9965511167150541	-1.5565616457527163	0.0
0.9980519467101069	-1.5602959035610566	0.0
0.9995527767051597	-1.5640066121487144	0.0
1.0010536067002125	-1.567693732268316	0.0
1.0025544366952654	-1.5713572362611707	0.0
1.0040552666903182	-1.5749970989394964	0.0
1.005556096685371	-1.578613284993783	0.0
1.0070569266804237	-1.58220576231351	0.0
1.0085577566754764	-1.5857745049944019	0.0
1.0100585866705294	-1.589319484750411	0.0
1.0115594166655821	-1.592840670754211	0.0
1.0130602466606349	-1.5963380347884069	0.0
1.0145610766556876	-1.5998115503958747	0.0
1.0160619066507404	-1.6032611909705627	0.0
1.0175627366457933	-1.6066869295239272	0.0
1.019063566640846	-1.6100887392154082	0.0
1.0205643966358988	-1.6134665975796356	0.0
1.0220652266309516	-1.6168204816598513	0.0
1.0235660566260043	-1.6201503628702016	0.0
1.0250668866210573	-1.6234562247156976	0.0
1.02656771661611	-1.626738041303093	0.0
1.0280685466111628	-1.6299957777111835	0.0
1.0295693766062155	-1.6332294240006355	0.0
1.0310702066012682	-1.6364389673544104	0.0
1.0325710365963212	-1.6396243692825003	0.0
1.034071866591374	-1.6427856106476735	0.0
1.035572696586427	-1.6459226841498038	0.0
1.0370735265814794	-1.6490355588388583	0.0
1.0385743565765322	-1.652124216687687	0.0
1.0400751865715852	-1.6551886513606653	0.0
1.041576016566638	-1.6582288353759789	0.0
1.0430768465616909	-1.6612447441961071	0.0
1.0445776765567436	-1.6642363704853487	0.0
1.0460785065517963	-1.6672036948948539	0.0
1.047579336546849	-1.670146698484141	0.0
1.0490801665419018	-1.6730653733929042	0.0
1.0505809965369548	-1.6759597017217096	0.0
1.0520818265320075	-1.6788296615213418	0.0
1.0535826565270603	-1.6816752388200271	0.0
1.055083486522113	-1.684496425480269	0.0
1.0565843165171658	-1.6872932081344385	0.0
1.0580851465122187	-1.6900655710936567	0.0
1.0595859765072715	-1.692813499207383	0.0
1.0610868065023242	-1.6955369825097337	0.0
1.062587636497377	-1.698236016577765	0.0
1.0640884664924297	-1.7009105841970293	0.0
1.0655892964874827	-1.70356066878123	0.0
1.0670901264825354	-1.7061862621730437	0.0
1.0685909564775882	-1.7087873585825695	0.0
1.070091786472641	-1.7113639485381038	0.0
1.0715926164676937	-1.713916016558166	0.0
1.0730934464627466	-1.716443554398712	0.0
1.0745942764577994	-1.7189465587868424	0.0
1.0760951064528521	-1.721425023523287	0.0
1.0775959364479049	-1.7238789340739293	0.0
1.0790967664429576	-1.7263082788701336	0.0
1.0805975964380106	-1.7287130585020494	0.0
1.0820984264330633	-1.7310932679634337	0.0
1.0835992564281163	-1.7334488942990853	0.0
1.0851000864231688	-1.7357799310473596	0.0
1.0866009164182218	-1.7380863749511712	0.0
1.0881017464132745	-1.7403682266367566	0.0
1.0896025764083273	-1.7426254770233731	0.0
1.0911034064033802	-1.7448581135715955	0.0
1.0926042363984327	-1.747066139383663	0.0
1.0941050663934857	-1.7492495521336904	0.0
1.0956058963885384	-1.7514083414440706	0.0
1.0971067263835912	-1.7535425021820745	0.0
1.0986075563786442	-1.7556520448854909	0.0
1.100108386373697	-1.7577369594380379	0.0
1.1016092163687496	-1.7597972298692295	0.0
1.1031100463638024	-1.761832871629939	0.0
1.1046108763588551	-1.76384388219409	0.0
1.106111706353908	-1.7658302492292708	0.0
1.1076125363489608	-1.767791972716014	0.0
1.1091133663440136	-1.7697290566438089	0.0
1.1106141963390663	-1.7716415021611152	0.0
1.112115026334119	-1.7735293018220015	0.0
1.113615856329172	-1.7753924588221088	0.0
1.1151166863242248	-1.7772309748378345	0.0
1.1166175163192775	-1.779044844605697	0.0
1.1181183463143303	-1.7808340684673698	0.0
1.1196191763093832	-1.7825986496846087	0.0
1.121120006304436	-1.7843385897702877	0.0
1.1226208362994887	-1.786053891681011	0.0
1.1241216662945415	-1.787744555160491	0.0
1.1256224962895942	-1.7894105712819017	0.0
1.1271233262846472	-1.7910519536980312	0.0
1.1286241562797	-1.7926687067527858	0.0
1.1301249862747527	-1.7942608242747635	0.0
1.1316258162698054	-1.7958283095772178	0.0
1.1331266462648582	-1.7973711632972758	0.0
1.1346274762599111	-1.7988893971856348	0.0
1.1361283062549639	-1.800383009266312	0.0
1.1376291362500166	-1.8018519973675202	0.0
1.1391299662450696	-1.8032963683520948	0.0
1.140630796240122	-1.804716126548254	0.0
1.142131626235175	-1.8061112797024224	0.0
1.1436324562302278	-1.807481825093336	0.0
1.1451332862252805	-1.808827762878088	0.0
1.1466341162203335	-1.8101491030800365	0.0
1.1481349462153863	-1.81144585425367	0.0
1.149635776210439	-1.8127180178176496	0.0
1.1511366062054917	-1.813965590175401	0.0
1.1526374362005447	-1.8151885781189732	0.0
1.1541382661955975	-1.8163869938891484	0.0
1.1556390961906502	-1.8175608444441307	0.0
1.157139926185703	-1.8187101254352283	0.0
1.1586407561807557	-1.8198348397035649	0.0
1.1601415861758086	-1.8209350000291786	0.0
1.1616424161708614	-1.8220106114623662	0.0
1.1631432461659141	-1.8230616776461979	0.0
1.1646440761609669	-1.8240882042062887	0.0
1.1661449061560196	-1.825090201734117	0.0
1.1676457361510726	-1.8260676677978949	0.0
1.1691465661461253	-1.8270206088279097	0.0
1.170647396141178	-1.827949040832582	0.0
1.1721482261362308	-1.828852957090975	0.0
1.1736490561312836	-1.8297323704067363	0.0
1.1751498861263365	-1.830587286271773	0.0
1.1766507161213893	-1.831417707020031	0.0
1.178151546116442	-1.8322236520740995	0.0
1.1796523761114948	-1.833005117468286	0.0
1.1811532061065475	-1.8337621048191937	0.0
1.1826540361016005	-1.834494629890905	0.0
1.1841548660966532	-1.8352027041254448	0.0
1.185655696091706	-1.8358863250081188	0.0
1.187156526086759	-1.8365454929254752	0.0
1.1886573560818114	-1.8371802256204657	0.0
1.1901581860768644	-1.8377905344120542	0.0
1.1916590160719172	-1.8383764199947055	0.0
1.1931598460669701	-1.8389378872755096	0.0
1.1946606760620229	-1.8394749442910887	0.0
1.1961615060570754	-1.8399876008904927	0.0
1.1976623360521284	-1.8404758630067166	0.0
1.199163166047181	-1.8409397372541552	0.0
1.200663996042234	-1.8413792381507004	0.0
1.2021648260372868	-1.8417943666169898	0.0
1.2036656560323395	-1.842185128436194	0.0
1.2051664860273923	-1.8425515354013262	0.0
1.206667316022445	-1.8428935930437336	0.0
1.208168146017498	-1.8432113090257798	0.0
1.2096689760125507	-1.8435046893716351	0.0
1.2111698060076035	-1.8437737480798089	0.0
1.2126706360026562	-1.8440184911057875	0.0
1.214171465997709	-1.8442389196286852	0.0
1.215672295992762	-1.8444350453196747	0.0
1.2171731259878147	-1.8446068796231199	0.0
1.2186739559828674	-1.8447544296299805	0.0
1.2201747859779202	-1.8448777016402806	0.0
1.221675615972973	-1.844976704023164	0.0
1.2231764459680259	-1.845051444913934	0.0
1.2246772759630786	-1.8451019338666867	0.0
1.2261781059581316	-1.8451281752755675	0.0
1.2276789359531841	-1.8451301746726543	0.0
1.2291797659482369	-1.8451079494003926	0.0
1.2306805959432898	-1.8450615110169384	0.0
1.2321814259383426	-1.8449908569307338	0.0
1.2336822559333955	-1.844895994121996	0.0
1.235183085928448	-1.8447769395383455	0.0
1.2366839159235008	-1.8446337002698392	0.0
1.2381847459185538	-1.8444662827303813	0.0
1.2396855759136065	-1.8442746933860803	0.0
1.2411864059086595	-1.844058941036118	0.0
1.2426872359037122	-1.8438190408927981	0.0
1.2441880658987647	-1.8435550004741565	0.0
1.2456888958938177	-1.8432668200734246	0.0
1.2471897258888704	-1.8429545091857726	0.0
1.2486905558839234	-1.8426180852652967	0.0
1.2501913858789762	-1.842257556783357	0.0
1.251692215874029	-1.8418729279123918	0.0
1.2531930458690816	-1.8414642057603563	0.0
1.2546938758641344	-1.841031403970152	0.0
1.2561947058591874	-1.840574529893686	0.0
1.25769553585424	-1.840093591629115	0.0
1.2591963658492928	-1.83958860160809	0.0
1.2606971958443456	-1.8390595652606507	0.0
1.2621980258393983	-1.8385064932155293	0.0
1.2636988558344513	-1.8379293930210885	0.0
1.265199685829504	-1.837328278215801	0.0
1.2667005158245568	-1.8367031587060327	0.0
1.2682013458196095	-1.836054037896293	0.0
1.2697021758146623	-1.8353809280687439	0.0
1.2712030058097152	-1.8346838425599854	0.0
1.272703835804768	-1.833962789810869	0.0
1.2742046657998207	-1.8332177778284682	0.0
1.2757054957948735	-1.8324488191902404	0.0
1.2772063257899262	-1.831655923541324	0.0
1.2787071557849792	-1.8308390974849065	0.0
1.280207985780032	-1.8299983454338866	0.0
1.2817088157750849	-1.8291336860252965	0.0
1.2832096457701374	-1.8282451362878593	0.0
1.2847104757651902	-1.827332699173327	0.0
1.2862113057602431	-1.8263963811292476	0.0
1.2877121357552959	-1.8254361975467444	0.0
1.2892129657503488	-1.8244521649126706	0.0
1.2907137957454016	-1.823444284015982	0.0
1.292214625740454	-1.822412564605707	0.0
1.293715455735507	-1.821357023100397	0.0
1.2952162857305598	-1.820277672645595	0.0
1.2967171157256128	-1.8191745273664224	0.0
1.2982179457206655	-1.8180475910694835	0.0
1.2997187757157183	-1.8168968780441666	0.0
1.301219605710771	-1.8157224009266397	0.0
1.3027204357058237	-1.8145241655998132	0.0
1.3042212657008767	-1.8133021882240712	0.0
1.3057220956959295	-1.8120564849127554	0.0
1.3072229256909822	-1.8107870675439202	0.0
1.308723755686035	-1.809493942394043	0.0
1.3102245856810877	-1.8081771217223155	0.0
1.3117254156761406	-1.8068366268031468	0.0
1.3132262456711934	-1.8054724669061577	0.0
1.3147270756662461	-1.8040846508187314	0.0
1.3162279056612989	-1.802673193735433	0.0
1.3177287356563516	-1.8012381060587364	0.0
1.3192295656514046	-1.799779409579285	0.0
1.3207303956464573	-1.7982971175278415	0.0
1.32223122564151	-1.7967912347862507	0.0
1.3237320556365628	-1.7952617813376972	0.0
1.3252328856316156	-1.793708771012565	0.0
1.3267337156266685	-1.7921322155808586	0.0
1.3282345456217213	-1.7905321304955475	0.0
1.3297353756167742	-1.7889085338468438	0.0
1.3312362056118268	-1.7872614398450677	0.0
1.3327370356068795	-1.7855908590931624	0.0
1.3342378656019325	-1.7838968174534426	0.0
1.3357386955969852	-1.78217932695639	0.0
1.3372395255920382	-1.7804383898067229	0.0
1.3387403555870907	-1.7786740304962823	0.0
1.3402411855821437	-1.7768862746484977	0.0
1.3417420155771964	-1.7750751352682996	0.0
1.3432428455722492	-1.7732406214305478	0.0
1.3447436755673021	-1.7713827542879879	0.0
1.3462445055623549	-1.7695015573629755	0.0
1.3477453355574076	-1.7675970367470215	0.0
1.3492461655524604	-1.7656692137559789	0.0
1.350746995547513	-1.7637181164908604	0.0
1.352247825542566	-1.7617437497486241	0.0
1.3537486555376188	-1.7597461376705201	0.0
1.3552494855326715	-1.7577253110147781	0.0
1.3567503155277243	-1.7556812738390382	0.0
1.358251145522777	-1.7536140427600104	0.0
1.35975197551783	-1.7515236453038492	0.0
1.3612528055128827	-1.749410100253752	0.0
1.3627536355079355	-1.7472734311072546	0.0
1.3642544655029882	-1.74511365989198	0.0
1.365755295498041	-1.7429308010429385	0.0
1.367256125493094	-1.7407248741943642	0.0
1.3687569554881467	-1.7384959087157417	0.0
1.3702577854831994	-1.736243928815853	0.0
1.3717586154782522	-1.7339689447462334	0.0
1.3732594454733051	-1.7316709809216175	0.0
1.3747602754683579	-1.7293500700561926	0.0
1.3762611054634106	-1.7270062303691067	0.0
1.3777619354584634	-1.7246394887639167	0.0
1.3792627654535161	-1.7222498650453892	0.0
1.380763595448569	-1.7198373743729376	0.0
1.3822644254436218	-1.717402053841063	0.0
1.3837652554386746	-1.714943933067938	0.0
1.3852660854337275	-1.7124630281713515	0.0
1.38676691542878	-1.7099593639500013	0.0
1.388267745423833	-1.7074329702375608	0.0
1.3897685754188858	-1.7048838752996316	0.0
1.3912694054139385	-1.7023121040854168	0.0
1.3927702354089915	-1.6997176799296807	0.0
1.3942710654040442	-1.6971006281892187	0.0
1.395771895399097	-1.6944609835390643	0.0
1.3972727253941497	-1.6917987815581226	0.0
1.3987735553892024	-1.6891140400501443	0.0
1.4002743853842554	-1.686406789308404	0.0
1.4017752153793082	-1.683677062974279	0.0
1.403276045374361	-1.6809248825867296	0.0
1.4047768753694136	-1.6781502830041952	0.0
1.4062777053644664	-1.67535329970235	0.0
1.4077785353595194	-1.6725339631810763	0.0
1.409279365354572	-1.669692301356562	0.0
1.4107801953496248	-1.6668283454775215	0.0
1.4122810253446776	-1.6639421292885137	0.0
1.4137818553397306	-1.6610336854090937	0.0
1.4152826853347833	-1.6581030524697722	0.0
1.416783515329836	-1.6551502599078387	0.0
1.4182843453248888	-1.652175337580318	0.0
1.4197851753199415	-1.6491783278780678	0.0
1.4212860053149945	-1.6461592625248018	0.0
1.4227868353100472	-1.6431181720543382	0.0
1.4242876653051	-1.6400551041472928	0.0
1.4257884953001527	-1.6369700934189941	0.0
1.4272893252952055	-1.6338631659801157	0.0
1.4287901552902584	-1.6307343614084522	0.0
1.4302909852853112	-1.6275837187649231	0.0
1.431791815280364	-1.6244112848755867	0.0
1.4332926452754169	-1.6212170985609178	0.0
1.4347934752704694	-1.6180011877662537	0.0
1.4362943052655224	-1.6147635950824477	0.0
1.4377951352605751	-1.6115043683209118	0.0
1.4392959652556279	-1.6082235429440042	0.0
1.4407967952506808	-1.6049211556084706	0.0
1.4422976252457334	-1.6015972578691786	0.0
1.4437984552407863	-1.5982518856218766	0.0
1.445299285235839	-1.5948850800030057	0.0
1.446800115230892	-1.5914968902624562	0.0
1.4483009452259448	-1.5880873521888659	0.0
1.4498017752209975	-1.5846565144191254	0.0
1.4513026052160503	-1.5812044229755269	0.0
1.452803435211103	-1.5777311206020523	0.0
1.454304265206156	-1.5742366553913922	0.0
1.4558050952012087	-1.5707210677496208	0.0
1.4573059251962615	-1.5671844051351418	0.0
1.4588067551913142	-1.5636267222081344	0.0
1.460307585186367	-1.5600480634948037	0.0
1.46180841518142	-1.5564484721746816	0.0
1.4633092451764727	-1.5528279974755734	0.0
1.4648100751715254	-1.549186690041867	0.0
1.4663109051665781	-1.5455245998659761	0.0
1.4678117351616309	-1.541841781650311	0.0
1.4693125651566838	-1.5381382800713568	0.0
1.4708133951517366	-1.5344141413024484	0.0
1.4723142251467893	-1.5306694261139833	0.0
1.473815055141842	-1.5269041848239475	0.0
1.4753158851368948	-1.523118468290805	0.0
1.4768167151319478	-1.5193123271021118	0.0
1.4783175451270005	-1.5154858184515603	0.0
1.4798183751220533	-1.5116390026165598	0.0
1.481319205117106	-1.507771924107116	0.0
1.4828200351121588	-1.503884632701026	0.0
1.4843208651072117	-1.49997719053085	0.0
1.4858216951022645	-1.4960496623634236	0.0
1.4873225250973174	-1.4921021022072525	0.0
1.4888233550923702	-1.4881345555074101	0.0
1.4903241850874227	-1.4841470864529882	0.0
1.4918250150824757	-1.4801397572282968	0.0
1.4933258450775284	-1.4761126207322317	0.0
1.4948266750725814	-1.4720657428579043	0.0
1.4963275050676341	-1.4679991776901946	0.0
1.4978283350626869	-1.4639129806672069	0.0
1.4993291650577396	-1.4598072180945607	0.0
1.5008299950527924	-1.4556819523851856	0.0
1.5023308250478453	-1.451537249281667	0.0
1.503831655042898	-1.4473731611860763	0.0
1.5053324850379508	-1.4431897494152097	0.0
1.5068333150330036	-1.4389870885766607	0.0
1.5083341450280563	-1.434765237169859	0.0
1.5098349750231093	-1.4305242591638894	0.0
1.511335805018162	-1.4262642175542575	0.0
1.5128366350132147	-1.4219851772481866	0.0
1.5143374650082675	-1.417687204080508	0.0
1.5158382950033202	-1.413370360600731	0.0
1.5173391249983732	-1.409034719629512	0.0
1.518839954993426	-1.4046803473293956	0.0
1.5203407849884787	-1.4003073081106086	0.0
1.5218416149835314	-1.3959156728148607	0.0
1.5233424449785842	-1.3915055086864734	0.0
1.5248432749736371	-1.3870768851655166	0.0
1.5263441049686899	-1.382629872090412	0.0
1.5278449349637429	-1.378164531308193	0.0
1.5293457649587954	-1.3736809403469663	0.0
1.5308465949538481	-1.3691791755484013	0.0
1.532347424948901	-1.3646592996859197	0.0
1.5338482549439538	-1.3601213872510862	0.0
1.5353490849390068	-1.3555655072289325	0.0
1.5368499149340595	-1.3509917279052608	0.0
1.538350744929112	-1.3464001338234677	0.0
1.539851574924165	-1.3417907986284598	0.0
1.5413524049192178	-1.3371637907114577	0.0
1.5428532349142707	-1.332519181208903	0.0
1.5443540649093235	-1.3278570465054909	0.0
1.545854894904376	-1.3231774687038098	0.0
1.547355724899429	-1.3184805137052396	0.0
1.5488565548944817	-1.313766258061266	0.0
1.5503573848895347	-1.3090347896405738	0.0
1.5518582148845874	-1.3042861765666582	0.0
1.5533590448796402	-1.2995204950302899	0.0
1.5548598748746927	-1.2947378281824466	0.0
1.5563607048697456	-1.2899382445596896	0.0
1.5578615348647986	-1.285121831786809	0.0
1.5593623648598514	-1.2802886705172676	0.0
1.560863194854904	-1.2754388293703358	0.0
1.5623640248499568	-1.2705723966499018	0.0
1.5638648548450098	-1.2656894509578476	0.0
1.5653656848400623	-1.2607900722732261	0.0
1.5668665148351153	-1.2558743398838303	0.0
1.568367344830168	-1.2509423309953043	0.0
1.5698681748252208	-1.245994134816946	0.0
1.5713690048202735	-1.2410298309504668	0.0
1.5728698348153265	-1.2360495024776714	0.0
1.5743706648103795	-1.231053233066234	0.0
1.575871494805432	-1.2260410978160243	0.0
1.5773723248004847	-1.221013183148845	0.0
1.5788731547955377	-1.2159695766932048	0.0
1.5803739847905902	-1.210910361383778	0.0
1.5818748147856432	-1.2058356302252398	0.0
1.5833756447806961	-1.2007454567450135	0.0
1.584876474775749	-1.1956399141188625	0.0
1.5863773047708014	-1.1905191063352476	0.0
1.5878781347658544	-1.1853831201529939	0.0
1.5893789647609073	-1.1802320319538777	0.0
1.5908797947559599	-1.1750659284577802	0.0
1.5923806247510128	-1.1698849009698316	0.0
1.5938814547460656	-1.1646890372987069	0.0
1.595382284741118	-1.1594784212037885	0.0
1.596883114736171	-1.1542531447556938	0.0
1.598383944731224	-1.1490132896821639	0.0
1.5998847747262768	-1.1437589353053492	0.0
1.6013856047213293	-1.1384901860706511	0.0
1.6028864347163823	-1.1332071353707458	0.0
1.6043872647114352	-1.127909857168203	0.0
1.6058880947064877	-1.122598435471399	0.0
1.6073889247015407	-1.11727297238248	0.0
1.6088897546965935	-1.1119335625058744	0.0
1.6103905846916464	-1.1065802826732642	0.0
1.611891414686699	-1.1012132279749673	0.0
1.613392244681752	-1.0958324874131085	0.0
1.6148930746768049	-1.0904381502980947	0.0
1.6163939046718574	-1.0850303141119597	0.0
1.6178947346669101	-1.079609062268269	0.0
1.619395564661963	-1.0741744843836403	0.0
1.6208963946570156	-1.0687266795693833	0.0
1.6223972246520686	-1.0632657436178548	0.0
1.6238980546471213	-1.0577917608715448	0.0
1.6253988846421743	-1.0523048173599125	0.0
1.6268997146372268	-1.046805008452912	0.0
1.6284005446322798	-1.041292430877786	0.0
1.6299013746273328	-1.0357671741075642	0.0
1.6314022046223853	-1.0302293320683793	0.0
1.632903034617438	-1.024678998976229	0.0
1.634403864612491	-1.019116263596367	0.0
1.6359046946075435	-1.0135412258303322	0.0
1.6374055246025965	-1.0079539773225168	0.0
1.6389063545976494	-1.0023546096558364	0.0
1.6404071845927022	-0.9967432187275459	0.0
1.6419080145877547	-0.9911198874750319	0.0
1.6434088445828077	-0.9854847184201662	0.0
1.6449096745778606	-0.9798378092975703	0.0
1.6464105045729132	-0.9741792456503244	0.0
1.6479113345679661	-0.9685091320806566	0.0
1.6494121645630189	-0.9628275569483498	0.0
1.6509129945580718	-0.9571346104486071	0.0
1.6524138245531244	-0.9514303947673035	0.0
1.6539146545481773	-0.9457149999060621	0.0
1.65541548454323	-0.939988522093093	0.0
1.6569163145382828	-0.9342510570938274	0.0
1.6584171445333356	-0.9285027021959702	0.0
1.6599179745283885	-0.9227435482757168	0.0
1.661418804523441	-0.9169736827563255	0.0
1.662919634518494	-0.9111932145865606	0.0
1.6644204645135467	-0.905402240688953	0.0
1.6659212945085997	-0.8996008498918998	0.0
1.6674221245036522	-0.8937891331955324	0.0
1.6689229544987052	-0.887967186089556	0.0
1.6704237844937582	-0.882135111708983	0.0
1.6719246144888107	-0.8762930040530018	0.0
1.6734254444838634	-0.8704409580289908	0.0
1.6749262744789164	-0.8645790627872263	0.0
1.676427104473969	-0.8587074207232367	0.0
1.6779279344690219	-0.8528261303390284	0.0
1.6794287644640746	-0.8469352711744534	0.0
1.6809295944591276	-0.8410349535654102	0.0
1.6824304244541801	-0.835125280914635	0.0
1.683931254449233	-0.8292063308280959	0.0
1.685432084444286	-0.823278205131694	0.0
1.6869329144393386	-0.8173410028624586	0.0
1.6884337444343913	-0.8113948138871213	0.0
1.6899345744294443	-0.8054397423030942	0.0
1.6914354044244972	-0.7994758795281249	0.0
1.6929362344195498	-0.7935033188296448	0.0
1.6944370644146027	-0.7875221555230099	0.0
1.6959378944096555	-0.7815324828694141	0.0
1.697438724404708	-0.7755344112507644	0.0
1.698939554399761	-0.7695280318821114	0.0
1.700440384394814	-0.7635134194989308	0.0
1.7019412143898665	-0.7574906796632612	0.0
1.7034420443849194	-0.7514599235168762	0.0
1.7049428743799722	-0.7454212325904517	0.0
1.7064437043750251	-0.73937470401485	0.0
1.7079445343700776	-0.7333204403071765	0.0
1.7094453643651306	-0.7272585263542625	0.0
1.7109461943601834	-0.721189059627884	0.0
1.712447024355236	-0.715112139354579	0.0
1.7139478543502888	-0.7090278594318673	0.0
1.7154486843453418	-0.7029363140359577	0.0
1.7169495143403943	-0.6968375972900058	0.0
1.7184503443354473	-0.6907317994334545	0.0
1.7199511743305	-0.6846190242587955	0.0
1.721452004325553	-0.6784993676600348	0.0
1.7229528343206055	-0.6723729111030332	0.0
1.7244536643156585	-0.6662397565228646	0.0
1.7259544943107115	-0.6601000049955813	0.0
1.727455324305764	-0.6539537438256643	0.0
1.7289561543008167	-0.6478010633543652	0.0
1.7304569842958697	-0.6416420635286935	0.0
1.7319578142909227	-0.635476839547186	0.0
1.7334586442859752	-0.6293054818857621	0.0
1.7349594742810281	-0.6231280865384183	0.0
1.736460304276081	-0.6169447459984698	0.0
1.7379611342711334	-0.610755551662615	0.0
1.7394619642661864	-0.6045606017919083	0.0
1.7409627942612393	-0.5983599825121251	0.0
1.7424636242562919	-0.5921537866555779	0.0
1.7439644542513446	-0.5859421251599373	0.0
1.7454652842463976	-0.5797250801959013	0.0
1.7469661142414505	-0.5735027298372174	0.0
1.748466944236503	-0.5672751784727319	0.0
1.749967774231556	-0.5610425251392985	0.0
1.7514686042266088	-0.5548048597279034	0.0
1.7529694342216613	-0.5485622737788056	0.0
1.7544702642167143	-0.542314854000869	0.0
1.7559710942117672	-0.5360626872261338	0.0
1.75747192420682	-0.529805881789771	0.0
1.7589727542018727	-0.5235445295420218	0.0
1.7604735841969255	-0.5172787010308655	0.0
1.7619744141919784	-0.511008500521558	0.0
1.763475244187031	-0.5047340264558046	0.0
1.764976074182084	-0.4984553615333446	0.0
1.7664769041771367	-0.492172600708885	0.0
1.7679777341721894	-0.48588582985083095	0.0
1.7694785641672421	-0.4795951423156738	0.0
1.770979394162295	-0.47330063045895243	0.0
1.772480224157348	-0.46700237974608416	0.0
1.7739810541524006	-0.4607004895406943	0.0
1.7754818841474533	-0.45439504481390136	0.0
1.7769827141425063	-0.44808612575639917	0.0
1.7784835441375588	-0.4417738333971112	0.0
1.7799843741326118	-0.4354582594271108	0.0
1.7814852041276648	-0.4291394910800349	0.0
1.7829860341227173	-0.4228176169366711	0.0
1.78448686411777	-0.4164927151333129	0.0
1.785987694112823	-0.41016488685442243	0.0
1.787488524107876	-0.40383422737632046	0.0
1.7889893541029285	-0.3975008139551508	0.0
1.7904901840979814	-0.39116473552425124	0.0
1.7919910140930342	-0.38482607905436417	0.0
1.7934918440880867	-0.37848494079185535	0.0
1.7949926740831397	-0.37214140574343924	0.0
1.7964935040781926	-0.36579555362852856	0.0
1.7979943340732454	-0.35944748273547644	0.0
1.7994951640682981	-0.3530972822345785	0.0
1.8009959940633509	-0.3467450316242321	0.0
1.8024968240584038	-0.3403908192026225	0.0
1.8039976540534564	-0.33403473122501415	0.0
1.8054984840485093	-0.32767685185498674	0.0
1.806999314043562	-0.3213172820672576	0.0
1.8085001440386146	-0.31495610031644883	0.0
1.8100009740336676	-0.30859338140270276	0.0
1.8115018040287205	-0.3022292207961207	0.0
1.8130026340237735	-0.29586370968543585	0.0
1.814503464018826	-0.28949693815755617	0.0
1.8160042940138788	-0.28312897210655796	0.0
1.8175051240089317	-0.27675989887553065	0.0
1.8190059540039842	-0.2703898301405754	0.0
1.8205067839990372	-0.2640188330184329	0.0
1.82200761399409	-0.2576469854057115	0.0
1.8235084439891427	-0.2512743859110982	0.0
1.8250092739841954	-0.2449011134641199	0.0
1.8265101039792484	-0.23852724725290642	0.0
1.8280109339743014	-0.2321528717520276	0.0
1.8295117639693539	-0.22577808310613656	0.0
1.8310125939644066	-0.21940296313069874	0.0
1.8325134239594596	-0.21302757973159914	0.0
1.8340142539545121	-0.2066520357874272	0.0
1.835515083949565	-0.2002764141565655	0.0
1.837015913944618	-0.19390077851541332	0.0
1.8385167439396708	-0.18752522296776197	0.0
1.8400175739347233	-0.18114983329235745	0.0
1.8415184039297763	-0.17477469691196323	0.0
1.8430192339248292	-0.16839988873574663	0.0
1.8445200639198818	-0.16202548463986788	0.0
1.8460208939149347	-0.15565158495438947	0.0
1.8475217239099875	-0.14927826168782032	0.0
1.84902255390504	-0.14290559071291575	0.0
1.850523383900093	-0.13653366964661928	0.0
1.852024213895146	-0.1301625664672661	0.0
1.8535250438901987	-0.12379236154557272	0.0
1.8550258738852514	-0.1174231542376254	0.0
1.8565267038803042	-0.11105501140345342	0.0
1.8580275338753571	-0.1046880073924501	0.0
1.8595283638704097	-0.09832223319930233	0.0
1.8610291938654626	-0.09195777525805826	0.0
1.8625300238605154	-0.08559470993441387	0.0
1.864030853855568	-0.07923310979799525	0.0
1.8655316838506208	-0.07287305978943759	0.0
1.8670325138456738	-0.06651464709188093	0.0
1.8685333438407268	-0.06015794872299529	0.0
1.8700341738357793	-0.05380303699397815	0.0
1.871535003830832	-0.047449994863222766	0.0
1.873035833825885	-0.04109890881436895	0.0
1.8745366638209375	-0.03474985410725617	0.0
1.8760374938159905	-0.02840290132102119	0.0
1.8775383238110435	-0.02205813561393244	0.0
1.8790391538060962	-0.015715649022441713	0.0
1.8805399838011487	-0.009375508177417391	0.0
1.8820408137962017	-0.003037780710684501	0.0
1.8835416437912547	0.0032974353934089873	0.0
1.8850424737863072	0.009630062885213508	0.0
1.88654330378136	0.015960032939755342	0.0
1.888044133776413	0.0222872630013784	0.0
1.8895449637714654	0.02861167675768339	0.0
1.8910457937665184	0.03493319563703623	0.0
1.8925466237615713	0.041251738524890946	0.0
1.894047453756624	0.04756722644608935	0.0
1.8955482837516766	0.05387959032765832	0.0
1.8970491137467296	0.060188755139971795	0.0
1.8985499437417825	0.06649463307010128	0.0
1.900050773736835	0.07279713800020104	0.0
1.901551603731888	0.07909620970803877	0.0
1.9030524337269408	0.08539177415256116	0.0
1.9045532637219937	0.09168373992504342	0.0
1.9060540937170463	0.09797204487594824	0.0
1.9075549237120992	0.10425660213145016	0.0
1.909055753707152	0.11053733213091088	0.0
1.9105565837022047	0.11681416979824655	0.0
1.9120574136972575	0.1230870281545644	0.0
1.9135582436923104	0.12935583872241918	0.0
1.915059073687363	0.13562052752212583	0.0
1.916559903682416	0.14188101277988996	0.0
1.9180607336774687	0.14813722070001467	0.0
1.9195615636725216	0.15438906786877338	0.0
1.9210623936675741	0.16063648311384782	0.0
1.922563223662627	0.16687941519347627	0.0
1.92406405365768	0.17311776831461345	0.0
1.9255648836527326	0.17935144310388518	0.0
1.9270657136477853	0.18558038887804562	0.0
1.9285665436428383	0.191804539753895	0.0
1.9300673736378908	0.19802381330510865	0.0
1.9315682036329438	0.20423813237240274	0.0
1.9330690336279968	0.21044741853285243	0.0
1.9345698636230495	0.216651596264692	0.0
1.936070693618102	0.22285060041471172	0.0
1.937571523613155	0.22904435627330888	0.0
1.939072353608208	0.23523278158314165	0.0
1.9405731836032605	0.24141580752371006	0.0
1.9420740135983134	0.2475933556074288	0.0
1.9435748435933662	0.25376535039611015	0.0
1.9450756735884192	0.25993172746123006	0.0
1.9465765035834717	0.2660924103908828	0.0
1.9480773335785246	0.2722473189224959	0.0
1.9495781635735774	0.2783963806243024	0.0
1.95107899356863	0.2845395330641334	0.0
1.9525798235636829	0.2906766934355658	0.0
1.9540806535587358	0.2968077856173714	0.0
1.9555814835537884	0.30293274398121417	0.0
1.9570823135488413	0.3090514899551413	0.0
1.958583143543894	0.3151639543883855	0.0
1.960083973538947	0.3212700681619911	0.0
1.9615848035339996	0.3273697492508931	0.0
1.9630856335290525	0.3334629205294548	0.0
1.9645864635241053	0.3395495279837393	0.0
1.966087293519158	0.34562949064705495	0.0
1.9675881235142108	0.3517027237532633	0.0
1.9690889535092637	0.3577691724626979	0.0
1.9705897835043162	0.363828762771103	0.0
1.9720906134993692	0.369881412648984	0.0
1.973591443494422	0.3759270517202955	0.0
1.975092273489475	0.381965614879773	0.0
1.9765931034845274	0.38799702855409257	0.0
1.9780939334795804	0.39402121828022096	0.0
1.9795947634746334	0.4000381150391872	0.0
1.981095593469686	0.40604764568209584	0.0
1.9825964234647386	0.4120497346924836	0.0
1.9840972534597916	0.4180443093617998	0.0
1.9855980834548446	0.42403131105222713	0.0
1.987098913449897	0.4300106657964431	0.0
1.98859974344495	0.43598228763706715	0.0
1.9901005734400028	0.44194612038673364	0.0
1.9916014034350553	0.447902097704757	0.0
1.9931022334301083	0.45385013513738603	0.0
1.9946030634251612	0.45979016224184854	0.0
1.9961038934202138	0.4657221029204778	0.0
1.9976047234152667	0.4716458955555728	0.0
1.9991055534103195	0.47756148671319076	0.0
2.0006063834053722	0.4834687964444002	0.0
2.002107213400425	0.48936773391003274	0.0
2.0036080433954777	0.4952582319814648	0.0
2.005108873390531	0.5011402429777949	0.0
2.006609703385583	0.5070136912876143	0.0
2.0081105333806364	0.5128784904846933	0.0
2.009611363375689	0.5187345865915464	0.0
2.011112193370742	0.5245819089022138	0.0
2.0126130233657946	0.5304203730754041	0.0
2.0141138533608474	0.5362499231904944	0.0
2.0156146833559005	0.5420704862053073	0.0
2.017115513350953	0.5478819912160756	0.0
2.0186163433460056	0.5536843777507156	0.0
2.020117173341059	0.559477564458674	0.0
2.021618003336111	0.5652614864475694	0.0
2.0231188333311643	0.5710360773548441	0.0
2.024619663326217	0.5768012599341786	0.0
2.0261204933212698	0.5825569764670189	0.0
2.0276213233163225	0.5883031609890454	0.0
2.0291221533113752	0.5940397368754584	0.0
2.0306229833064284	0.5997666276357155	0.0
2.0321238133014807	0.6054837709858313	0.0
2.0336246432965335	0.6111911135381689	0.0
2.0351254732915867	0.6168885723692877	0.0
2.036626303286639	0.6225760755354889	0.0
2.038127133281692	0.6282535746421261	0.0
2.039627963276745	0.6339209831594477	0.0
2.0411287932717976	0.639578228434782	0.0
2.0426296232668504	0.6452252644467512	0.0
2.044130453261903	0.6508620113532947	0.0
2.0456312832569563	0.6564883948738077	0.0
2.0471321132520086	0.6621043615445747	0.0
2.048632943247062	0.6677098427756881	0.0
2.0501337732421145	0.6733047610620282	0.0
2.0516346032371673	0.6788890535067307	0.0
2.05313543323222	0.6844626580704312	0.0
2.0546362632272728	0.6900255100477	0.0
2.0561370932223255	0.6955775311009579	0.0
2.0576379232173783	0.7011186567148119	0.0
2.059138753212431	0.7066488383408448	0.0
2.060639583207484	0.7121679942575564	0.0
2.0621404132025365	0.7176760507268638	0.0
2.0636412431975897	0.7231729537008562	0.0
2.0651420731926424	0.7286586320285703	0.0
2.066642903187695	0.7341330213985728	0.0
2.068143733182748	0.739596066200329	0.0
2.0696445631778007	0.745047689816216	0.0
2.071145393172854	0.7504878278303757	0.0
2.072646223167906	0.7559164155840056	0.0
2.074147053162959	0.7613333846643285	0.0
2.075647883158012	0.7667386733544449	0.0
2.0771487131530644	0.7721322117612166	0.0
2.0786495431481176	0.777513940262266	0.0
2.0801503731431703	0.7828837976405437	0.0
2.081651203138223	0.7882417230689849	0.0
2.083152033133276	0.7935876420269522	0.0
2.0846528631283285	0.7989214824923144	0.0
2.0861536931233817	0.8042431934377101	0.0
2.087654523118434	0.809552709725586	0.0
2.089155353113487	0.8148499628908912	0.0
2.09065618310854	0.8201348862184953	0.0
2.0921570131035927	0.825407419130666	0.0
2.0936578430986454	0.8306675095661463	0.0
2.095158673093698	0.8359150873035277	0.0
2.096659503088751	0.8411500767400418	0.0
2.0981603330838037	0.8463724213148387	0.0
2.0996611630788564	0.8515820629072398	0.0
2.1011619930739096	0.8567789366622623	0.0
2.102662823068962	0.861962983054934	0.0
2.104163653064015	0.8671341396598532	0.0
2.105664483059068	0.8722923354345729	0.0
2.1071653130541206	0.8774375069980308	0.0
2.1086661430491733	0.882569600319461	0.0
2.110166973044226	0.8876885529755173	0.0
2.111667803039279	0.8927943029490935	0.0
2.1131686330343316	0.8978867869790929	0.0
2.1146694630293843	0.9029659390702837	0.0
2.1161702930244375	0.9080316965689716	0.0
2.11767112301949	0.9130840067440261	0.0
2.119171953014543	0.9181228186551633	0.0
2.1206727830095957	0.923148050869893	0.0
2.1221736130046485	0.9281596390524414	0.0
2.123674442999701	0.9331575461181478	0.0
2.125175272994754	0.9381416961385439	0.0
2.126676102989807	0.9431120248876219	0.0
2.1281769329848594	0.9480684871498253	0.0
2.129677762979912	0.9530110040561902	0.0
2.1311785929749654	0.9579395259774843	0.0
2.132679422970018	0.9628540018431181	0.0
2.134180252965071	0.9677543555944526	0.0
2.1356810829601236	0.9726405424487117	0.0
2.1371819129551763	0.9775124984284961	0.0
2.138682742950229	0.9823701510952744	0.0
2.140183572945282	0.9872134535348787	0.0
2.141684402940335	0.9920423504233689	0.0
2.1431852329353873	0.9968567789645368	0.0
2.1446860629304405	1.001656682457611	0.0
2.1461868929254933	1.0064420001940722	0.0
2.147687722920546	1.01121267405107	0.0
2.1491885529155987	1.0159686471123694	0.0
2.1506893829106515	1.020709858062804	0.0
2.1521902129057042	1.0254362550147746	0.0
2.153691042900757	1.0301477775682888	0.0
2.1551918728958097	1.034844366460223	0.0
2.156692702890863	1.0395259739406788	0.0
2.158193532885915	1.0441925345952388	0.0
2.1596943628809684	1.0488439926272128	0.0
2.161195192876021	1.0534802939602366	0.0
2.162696022871074	1.0581013757285938	0.0
2.1641968528661266	1.0627071924012672	0.0
2.1656976828611794	1.0672976820573166	0.0
2.1671985128562326	1.0718727798427539	0.0
2.168699342851285	1.0764324432813381	0.0
2.1702001728463376	1.0809766192770507	0.0
2.171701002841391	1.0855052433635777	0.0
2.1732018328364435	1.090018260751592	0.0
2.1747026628314963	1.094515619515769	0.0
2.176203492826549	1.0989972663201735	0.0
2.1777043228216018	1.1034631542070579	0.0
2.1792051528166545	1.1079132138627092	0.0
2.1807059828117072	1.1123473803206099	0.0
2.1822068128067604	1.1167656220798876	0.0
2.1837076428018127	1.1211678874559572	0.0
2.1852084727968655	1.1255541137863365	0.0
2.1867093027919187	1.129924246469483	0.0
2.1882101327869714	1.13427823159734	0.0
2.189710962782024	1.1386160174475153	0.0
2.191211792777077	1.1429375542134064	0.0
2.1927126227721296	1.147242789717326	0.0
2.1942134527671824	1.151531662856298	0.0
2.195714282762235	1.1558041224561157	0.0
2.1972151127572883	1.1600601297863504	0.0
2.198715942752341	1.1642996194880668	0.0
2.200216772747394	1.168522538352763	0.0
2.2017176027424465	1.1727288568818923	0.0
2.2032184327374993	1.1769185023911788	0.0
2.204719262732552	1.181091417578899	0.0
2.2062200927276048	1.1852475684872885	0.0
2.2077209227226575	1.189386894574514	0.0
2.2092217527177103	1.1935093495268487	0.0
2.210722582712763	1.1976148855246003	0.0
2.212223412707816	1.2017034426832813	0.0
2.213724242702869	1.2057749794289616	0.0
2.2152250726979217	1.2098294482742795	0.0
2.2167259026929744	1.2138667837562884	0.0
2.218226732688027	1.2178869431870392	0.0
2.21972756268308	1.2218898955650752	0.0
2.2212283926781327	1.2258755768227174	0.0
2.222729222673186	1.2298439277425117	0.0
2.224230052668238	1.2337949103223451	0.0
2.225730882663291	1.2377284767126908	0.0
2.227231712658344	1.2416445775230696	0.0
2.228732542653397	1.245543165224287	0.0
2.2302333726484496	1.2494241873848884	0.0
2.2317342026435023	1.2532876007320863	0.0
2.233235032638555	1.2571333611968234	0.0
2.234735862633608	1.260961411100079	0.0
2.2362366926286605	1.2647717086410992	0.0
2.2377375226237137	1.2685642046222254	0.0
2.2392383526187665	1.2723388426720201	0.0
2.2407391826138188	1.2760955961391738	0.0
2.242240012608872	1.2798344196186577	0.0
2.2437408426039247	1.2835552485464075	0.0
2.2452416725989774	1.2872580396295803	0.0
2.24674250259403	1.2909427543609573	0.0
2.248243332589083	1.2946093457740617	0.0
2.2497441625841357	1.2982577671809539	0.0
2.2512449925791884	1.3018879742067868	0.0
2.2527458225742416	1.305499916683191	0.0
2.2542466525692944	1.3090935502694938	0.0
2.255747482564347	1.312668835382096	0.0
2.2572483125594	1.316225721990373	0.0
2.2587491425544526	1.31976417327665	0.0
2.2602499725495053	1.323284150703206	0.0
2.261750802544558	1.326785593152298	0.0
2.263251632539611	1.3302684487925371	0.0
2.2647524625346636	1.3337326880925293	0.0
2.2662532925297163	1.33717827562938	0.0
2.2677541225247695	1.340605161686426	0.0
2.2692549525198222	1.3440133041757507	0.0
2.270755782514875	1.3474026538777206	0.0
2.2722566125099277	1.3507731662593065	0.0
2.2737574425049805	1.354124809830029	0.0
2.275258272500033	1.3574575307295742	0.0
2.276759102495086	1.3607712886482592	0.0
2.278259932490139	1.364066054536691	0.0
2.279760762485192	1.3673417763146831	0.0
2.281261592480244	1.3705984141633734	0.0
2.2827624224752974	1.373835923830156	0.0
2.28426325247035	1.3770542570121354	0.0
2.285764082465403	1.3802533858417358	0.0
2.2872649124604556	1.383433267412835	0.0
2.2887657424555083	1.3865938542190492	0.0
2.290266572450561	1.3897351118990895	0.0
2.291767402445614	1.392857002258478	0.0
2.293268232440667	1.3959594855259665	0.0
2.2947690624357198	1.3990425032395328	0.0
2.2962698924307725	1.402106022200904	0.0
2.2977707224258253	1.4051500324564388	0.0
2.299271552420878	1.4081744674511902	0.0
2.3007723824159307	1.4111792791830047	0.0
2.3022732124109835	1.4141644504030142	0.0
2.3037740424060362	1.4171299352615088	0.0
2.3052748724010894	1.4200756954626246	0.0
2.3067757023961417	1.423001697567305	0.0
2.308276532391195	1.4259078906425247	0.0
2.3097773623862476	1.428794231276643	0.0
2.3112781923813004	1.4316606996244674	0.0
2.312779022376353	1.4345072569344686	0.0
2.314279852371406	1.4373338550013686	0.0
2.3157806823664586	1.4401404660612038	0.0
2.3172815123615114	1.4429270443354862	0.0
2.318782342356564	1.4456935560125654	0.0
2.3202831723516173	1.4484399772037164	0.0
2.3217840023466696	1.4511662504845504	0.0
2.323284832341723	1.453872342071235	0.0
2.3247856623367755	1.4565582322601462	0.0
2.3262864923318283	1.4592238779086288	0.0
2.327787322326881	1.461869241307265	0.0
2.3292881523219338	1.4644942860782026	0.0
2.3307889823169865	1.467098974046919	0.0
2.3322898123120392	1.4696832677944638	0.0
2.3337906423070924	1.4722471360561564	0.0
2.335291472302145	1.474790555004781	0.0
2.3367923022971975	1.4773134858628494	0.0
2.3382931322922507	1.479815884515449	0.0
2.3397939622873034	1.482297712552442	0.0
2.341294792282356	1.484758946856652	0.0
2.342795622277409	1.4871995692058269	0.0
2.3442964522724616	1.4896195249703288	0.0
2.345797282267515	1.492018765465805	0.0
2.347298112262567	1.4943972814464732	0.0
2.3487989422576203	1.4967550485813552	0.0
2.350299772252673	1.4990920198162097	0.0
2.351800602247726	1.5014081582751462	0.0
2.3533014322427785	1.5037034450375948	0.0
2.3548022622378313	1.5059778387233598	0.0
2.356303092232884	1.508231297439856	0.0
2.3578039222279368	1.5104638055967716	0.0
2.3593047522229895	1.5126753304969105	0.0
2.3608055822180427	1.514865838948033	0.0
2.362306412213095	1.5170352993346172	0.0
2.363807242208148	1.5191836777996393	0.0
2.365308072203201	1.521310946033799	0.0
2.3668089021982537	1.5234170739331838	0.0
2.3683097321933064	1.5255020350966926	0.0
2.369810562188359	1.5275657942959713	0.0
2.371311392183412	1.5296083206864288	0.0
2.3728122221784647	1.5316295916041591	0.0
2.374313052173518	1.5336295725194389	0.0
2.3758138821685706	1.5356082337595673	0.0
2.377314712163623	1.5375655483911355	0.0
2.378815542158676	1.5395014885620093	0.0
2.380316372153729	1.5414160304194902	0.0
2.3818172021487816	1.5433091402620973	0.0
2.3833180321438343	1.5451807844603433	0.0
2.384818862138887	1.5470309438014174	0.0
2.3863196921339402	1.5488595938741763	0.0
2.3878205221289925	1.5506667041958362	0.0
2.3893213521240457	1.5524522444980238	0.0
2.3908221821190985	1.5542161805757884	0.0
2.3923230121141508	1.555958498058691	0.0
2.393823842109204	1.5576791764499485	0.0
2.3953246721042567	1.5593781777916427	0.0
2.3968255020993094	1.5610554797389729	0.0
2.398326332094362	1.5627110640901705	0.0
2.399827162089415	1.5643448972329728	0.0
2.401327992084468	1.5659569514634601	0.0
2.4028288220795204	1.5675472107053103	0.0
2.4043296520745736	1.5691156452142887	0.0
2.4058304820696264	1.5706622293482748	0.0
2.407331312064679	1.5721869463007494	0.0
2.408832142059732	1.5736897776165009	0.0
2.4103329720547846	1.5751706844389473	0.0
2.4118338020498373	1.5766296351625466	0.0
2.41333463204489	1.5780666330239934	0.0
2.414835462039943	1.5794816525710509	0.0
2.416336292034996	1.580874657432614	0.0
2.4178371220300483	1.5822456335040938	0.0
2.4193379520251015	1.5835945607560449	0.0
2.4208387820201542	1.5849214165012062	0.0
2.422339612015207	1.586226178637033	0.0
2.4238404420102597	1.5875088210882196	0.0
2.4253412720053125	1.5887693253788253	0.0
2.4268421020003657	1.5900076794018176	0.0
2.428342931995418	1.5912238596031543	0.0
2.429843761990471	1.5924178407302023	0.0
2.431344591985524	1.5935896058389751	0.0
2.432845421980576	1.5947391408003517	0.0
2.4343462519756294	1.5958664241729916	0.0
2.435847081970682	1.5969714361139054	0.0
2.437347911965735	1.5980541633461252	0.0
2.4388487419607876	1.5991145864439726	0.0
2.4403495719558403	1.6001526825332801	0.0
2.4418504019508935	1.6011684385395684	0.0
2.443351231945946	1.602161837635271	0.0
2.444852061940999	1.6031328607203092	0.0
2.4463528919360518	1.6040815001753344	0.0
2.447853721931104	1.60500772797365	0.0
2.4493545519261573	1.605911531589805	0.0
2.45085538192121	1.606792909824154	0.0
2.452356211916263	1.607651830933968	0.0
2.4538570419113155	1.6084882804450338	0.0
2.4553578719063682	1.6093022588245773	0.0
2.4568587019014214	1.610093743161219	0.0
2.4583595318964737	1.6108627203133272	0.0
2.459860361891527	1.6116091813163913	0.0
2.4613611918865796	1.6123330999443446	0.0
2.4628620218816324	1.613034473719436	0.0
2.464362851876685	1.613713296694345	0.0
2.465863681871738	1.6143695487337202	0.0
2.467364511866791	1.615003224546986	0.0
2.4688653418618434	1.6156143104258942	0.0
2.470366171856896	1.616202793290666	0.0
2.4718670018519493	1.6167686620965291	0.0
2.4733678318470016	1.6173119011445745	0.0
2.474868661842055	1.6178325189913252	0.0
2.4763694918371075	1.6183305083789188	0.0
2.4778703218321603	1.6188058383507613	0.0
2.479371151827213	1.6192585060554197	0.0
2.4808719818222658	1.6196885105762888	0.0
2.482372811817319	1.6200958438520487	0.0
2.4838736418123712	1.620480502051655	0.0
2.4853744718074244	1.6208424711715772	0.0
2.486875301802477	1.6211817497351224	0.0
2.4883761317975295	1.6214983324672074	0.0
2.4898769617925827	1.6217922044308706	0.0
2.4913777917876354	1.6220633713539092	0.0
2.492878621782688	1.622311826779757	0.0
2.494379451777741	1.622537560374537	0.0
2.4958802817727936	1.6227405772745285	0.0
2.497381111767847	1.6229208658162981	0.0
2.498881941762899	1.6230784214680616	0.0
2.5003827717579523	1.623213253362334	0.0
2.501883601753005	1.6233253525927909	0.0
2.503384431748058	1.6234147158130199	0.0
2.5048852617431105	1.6234813448316667	0.0
2.5063860917381633	1.623525230620043	0.0
2.5078869217332165	1.623546377576333	0.0
2.509387751728269	1.6235447934355003	0.0
2.5108885817233215	1.6235204714287526	0.0
2.5123894117183747	1.6234734168764708	0.0
2.513890241713427	1.6234036255769586	0.0
2.51539107170848	1.6233110938877755	0.0
2.516891901703533	1.623195836631663	0.0
2.5183927316985857	1.6230578585602848	0.0
2.5198935616936384	1.6228971565740582	0.0
2.521394391688691	1.6227137198964336	0.0
2.5228952216837444	1.6225075670913593	0.0
2.5243960516787967	1.6222787133499545	0.0
2.5258968816738494	1.6220271401305575	0.0
2.5273977116689026	1.6217528653966262	0.0
2.528898541663955	1.6214559058637747	0.0
2.530399371659008	1.6211362463808703	0.0
2.531900201654061	1.6207939017890074	0.0
2.5334010316491136	1.620428890578781	0.0
2.5349018616441663	1.6200412115168807	0.0
2.536402691639219	1.6196308667519277	0.0
2.5379035216342722	1.619197863726265	0.0
2.5394043516293245	1.61874222641559	0.0
2.5409051816243777	1.6182639686533598	0.0
2.5424060116194305	1.617763077818193	0.0
2.5439068416144828	1.6172395626823897	0.0
2.545407671609536	1.616693460425108	0.0
2.5469085016045887	1.616124776859751	0.0
2.5484093315996414	1.6155335061139724	0.0
2.549910161594694	1.6149196729211615	0.0
2.551410991589747	1.6142832956067654	0.0
2.5529118215848	1.6136243837117301	0.0
2.5544126515798524	1.6129429473346675	0.0
2.5559134815749056	1.6122389959383507	0.0
2.5574143115699584	1.611512551462298	0.0
2.558915141565011	1.610763637000742	0.0
2.560415971560064	1.609992262535299	0.0
2.5619168015551166	1.6091984387868985	0.0
2.5634176315501698	1.6083821930393312	0.0
2.564918461545222	1.6075435380153271	0.0
2.566419291540275	1.6066824836090734	0.0
2.567920121535328	1.6057990623825908	0.0
2.5694209515303803	1.6048932899888069	0.0
2.5709217815254335	1.603965181290906	0.0
2.5724226115204862	1.603014763980051	0.0
2.573923441515539	1.602042054918706	0.0
2.5754242715105917	1.6010470707519295	0.0
2.5769251015056445	1.6000298390729892	0.0
2.5784259315006977	1.598990380077626	0.0
2.57992676149575	1.5979287127885256	0.0
2.581427591490803	1.596844869966949	0.0
2.582928421485856	1.5957388771548082	0.0
2.584429251480908	1.594610748006268	0.0
2.5859300814759614	1.5934605047812582	0.0
2.587430911471014	1.59228818213038	0.0
2.588931741466067	1.5910938082807258	0.0
2.5904325714611196	1.589877400121329	0.0
2.5919334014561723	1.5886389853107876	0.0
2.5934342314512255	1.5873785966479834	0.0
2.594935061446278	1.5860962651612787	0.0
2.596435891441331	1.5847920242751736	0.0
2.5979367214363838	1.5834658869423586	0.0
2.5994375514314365	1.5821178802583042	0.0
2.6009383814264893	1.5807480513655108	0.0
2.602439211421542	1.5793564283202888	0.0
2.6039400414165947	1.5779430306916131	0.0
2.6054408714116475	1.5765078932584198	0.0
2.6069417014067002	1.575051056991644	0.0
2.6084425314017534	1.573572550585371	0.0
2.6099433613968057	1.5720724052573354	0.0
2.611444191391859	1.570550654763232	0.0
2.6129450213869116	1.5690073322194995	0.0
2.6144458513819644	1.5674424726802731	0.0
2.615946681377017	1.565856115061755	0.0
2.61744751137207	1.5642482937402764	0.0
2.618948341367123	1.5626190412649748	0.0
2.6204491713621754	1.5609684014951102	0.0
2.621950001357228	1.5592964092826431	0.0
2.6234508313522813	1.5576030929262785	0.0
2.6249516613473336	1.555888497412776	0.0
2.626452491342387	1.55415267411749	0.0
2.6279533213374395	1.5523956508759138	0.0
2.6294541513324923	1.5506174553605026	0.0
2.630954981327545	1.5488181398252399	0.0
2.6324558113225978	1.5469977463591085	0.0
2.633956641317651	1.5451563176700565	0.0
2.6354574713127032	1.543293897628805	0.0
2.6369583013077564	1.5414105226698682	0.0
2.638459131302809	1.5395062377136821	0.0
2.639959961297862	1.5375810742347984	0.0
2.6414607912929147	1.535635083780121	0.0
2.6429616212879674	1.5336683305406131	0.0
2.64446245128302	1.5316808406350129	0.0
2.645963281278073	1.5296726507718363	0.0
2.6474641112731256	1.5276438147449936	0.0
2.648964941268179	1.525594380565718	0.0
2.650465771263231	1.523524397833118	0.0
2.6519666012582843	1.5214339125482672	0.0
2.653467431253337	1.5193229718231929	0.0
2.65496826124839	1.517191618978514	0.0
2.6564690912434425	1.5150399026387982	0.0
2.6579699212384953	1.5128678757365521	0.0
2.6594707512335485	1.5106755838694426	0.0
2.660971581228601	1.5084630802119072	0.0
2.6624724112236535	1.5062304151788677	0.0
2.6639732412187067	1.5039776314244953	0.0
2.665474071213759	1.5017047913965857	0.0
2.666974901208812	1.4994119455348371	0.0
2.668475731203865	1.4970991336895942	0.0
2.6699765611989177	1.494766420291176	0.0
2.6714773911939704	1.4924138573359071	0.0
2.672978221189023	1.490041491645719	0.0
2.6744790511840764	1.4876493806422864	0.0
2.6759798811791287	1.4852375767857948	0.0
2.6774807111741814	1.4828061361654572	0.0
2.6789815411692346	1.4803551133136827	0.0
2.6804823711642873	1.4778845646333205	0.0
2.68198320115934	1.4753945452572963	0.0
2.683484031154393	1.4728851058344603	0.0
2.6849848611494456	1.470356309116799	0.0
2.6864856911444983	1.4678082146078852	0.0
2.687986521139551	1.4652408716643552	0.0
2.6894873511346042	1.4626543365636575	0.0
2.6909881811296565	1.460048673651896	0.0
2.6924890111247097	1.4574239402139935	0.0
2.6939898411197625	1.4547801970355632	0.0
2.695490671114815	1.4521175068643206	0.0
2.696991501109868	1.4494359160396548	0.0
2.6984923311049207	1.4467354845232965	0.0
2.6999931610999734	1.4440162815759008	0.0
2.701493991095026	1.4412783651195435	0.0
2.702994821090079	1.4385217999389823	0.0
2.704495651085132	1.4357466438580255	0.0
2.7059964810801844	1.4329529519308932	0.0
2.7074973110752376	1.4301407924379999	0.0
2.7089981410702904	1.4273102238697248	0.0
2.710498971065343	1.4244613075340489	0.0
2.711999801060396	1.4215941171323443	0.0
2.7135006310554486	1.4187087083993823	0.0
2.7150014610505018	1.4158051382784447	0.0
2.716502291045554	1.4128834764191731	0.0
2.718003121040607	1.4099437875343455	0.0
2.71950395103566	1.406986133508613	0.0
2.7210047810307127	1.404010580177248	0.0
2.7225056110257655	1.4010171891581986	0.0
2.7240064410208182	1.3980060284756326	0.0
2.725507271015871	1.3949771726232028	0.0
2.7270081010109237	1.3919306672256655	0.0
2.7285089310059765	1.3888665829499858	0.0
2.7300097610010297	1.3857850023963119	0.0
2.731510590996082	1.3826859694309221	0.0
2.7330114209911347	1.379569557489451	0.0
2.734512250986188	1.3764358429011512	0.0
2.7360130809812406	1.3732848801230957	0.0
2.7375139109762934	1.3701167509933294	0.0
2.739014740971346	1.366931517008862	0.0
2.740515570966399	1.363729231982187	0.0
2.7420164009614516	1.3605099728851422	0.0
2.7435172309565043	1.357273807578783	0.0
2.7450180609515575	1.354020806804474	0.0
2.7465188909466103	1.3507510366197963	0.0
2.748019720941663	1.347464568528955	0.0
2.7495205509367158	1.3441614699468103	0.0
2.7510213809317685	1.3408417965731219	0.0
2.7525222109268213	1.3375056302233528	0.0
2.754023040921874	1.3341530465582594	0.0
2.7555238709169267	1.3307841028249912	0.0
2.7570247009119795	1.3273988680479503	0.0
2.7585255309070322	1.3239974150702067	0.0
2.7600263609020854	1.3205798122746	0.0
2.761527190897138	1.317146132568075	0.0
2.763028020892191	1.313696444018344	0.0
2.7645288508872436	1.31023081117388	0.0
2.7660296808822964	1.306749309100487	0.0
2.767530510877349	1.3032520083989547	0.0
2.769031340872402	1.299738980517497	0.0
2.770532170867455	1.2962102934280715	0.0
2.7720330008625074	1.2926660090278823	0.0
2.77353383085756	1.2891062119994623	0.0
2.7750346608526133	1.2855309712437393	0.0
2.776535490847666	1.281940344477683	0.0
2.778036320842719	1.2783344123433487	0.0
2.7795371508377715	1.2747132481710226	0.0
2.7810379808328243	1.2710769150602332	0.0
2.782538810827877	1.2674254836000736	0.0
2.7840396408229298	1.2637590298134187	0.0
2.785540470817983	1.2600776223306038	0.0
2.7870413008130357	1.2563813335178207	0.0
2.7885421308080884	1.2526702289431326	0.0
2.790042960803141	1.2489443811169467	0.0
2.791543790798194	1.2452038698139491	0.0
2.7930446207932467	1.2414487606831137	0.0
2.7945454507882994	1.2376791177315873	0.0
2.796046280783352	1.2338950086241418	0.0
2.797547110778405	1.2300965162430901	0.0
2.7990479407734576	1.226283712776147	0.0
2.800548770768511	1.222456662527006	0.0
2.8020496007635636	1.2186154417186024	0.0
2.8035504307586163	1.2147601119769693	0.0
2.805051260753669	1.210890741157013	0.0
2.806552090748722	1.207007412893593	0.0
2.8080529207437745	1.2031101966105846	0.0
2.8095537507388273	1.1991991576509895	0.0
2.81105458073388	1.1952743622441313	0.0
2.812555410728933	1.1913358846166544	0.0
2.8140562407239855	1.1873838023730958	0.0
2.8155570707190387	1.1834181798006327	0.0
2.8170579007140915	1.1794390820653038	0.0
2.818558730709144	1.1754465811155967	0.0
2.820059560704197	1.1714407546856307	0.0
2.8215603906992497	1.1674216706472589	0.0
2.8230612206943024	1.1633893884527942	0.0
2.824562050689355	1.159343987933332	0.0
2.8260628806844084	1.1552855410080067	0.0
2.827563710679461	1.1512141035403252	0.0
2.8290645406745134	1.1471297582698052	0.0
2.8305653706695666	1.1430325755053448	0.0
2.8320662006646193	1.1389226078771246	0.0
2.833567030659672	1.1347999379998286	0.0
2.835067860654725	1.1306646378601184	0.0
2.8365686906497776	1.1265167665256073	0.0
2.8380695206448303	1.1223563943713468	0.0
2.839570350639883	1.1181835905617468	0.0
2.8410711806349362	1.1139984257130755	0.0
2.842572010629989	1.1098009646492728	0.0
2.8440728406250417	1.1055912809306636	0.0
2.8455736706200945	1.1013694440524848	0.0
2.847074500615147	1.0971355114857122	0.0
2.8485753306102	1.0928895519421866	0.0
2.8500761606052527	1.0886316353086543	0.0
2.8515769906003055	1.0843618331775011	0.0
2.853077820595358	1.0800802108876784	0.0
2.854578650590411	1.0757868359540672	0.0
2.856079480585464	1.0714817757026487	0.0
2.857580310580517	1.0671650883624684	0.0
2.8590811405755696	1.062836845616077	0.0
2.8605819705706224	1.0584971157562801	0.0
2.862082800565675	1.0541459572300655	0.0
2.863583630560728	1.0497834422242336	0.0
2.8650844605557806	1.0454096408200968	0.0
2.8665852905508338	1.0410246080559529	0.0
2.8680861205458865	1.0366284134150285	0.0
2.869586950540939	1.0322211252264946	0.0
2.871087780535992	1.0278028026938453	0.0
2.8725886105310448	1.0233735159932555	0.0
2.8740894405260975	1.0189333229854967	0.0
2.8755902705211502	1.0144822911009894	0.0
2.877091100516203	1.0100204898487222	0.0
2.8785919305112557	1.0055479716684734	0.0
2.8800927605063085	1.0010648005559166	0.0
2.8815935905013617	0.996571052223616	0.0
2.8830944204964144	0.9920667892481548	0.0
2.8845952504914667	0.9875520580025761	0.0
2.88609608048652	0.9830269231221235	0.0
2.8875969104815726	0.9784914583374301	0.0
2.8890977404766254	0.9739457294830463	0.0
2.890598570471678	0.9693897926620987	0.0
2.892099400466731	0.9648237051522068	0.0
2.893600230461784	0.9602475294599825	0.0
2.8951010604568364	0.9556613254603422	0.0
2.8966018904518895	0.9510651614255219	0.0
2.8981027204469423	0.9464590956163621	0.0
2.899603550441995	0.9418431835777434	0.0
2.9011043804370478	0.9372174901656857	0.0
2.9026052104321005	0.9325820764001987	0.0
2.9041060404271533	0.9279369959171506	0.0
2.905606870422206	0.9232823131809607	0.0
2.9071077004172587	0.9186180965725821	0.0
2.908608530412312	0.9139443945468273	0.0
2.9101093604073642	0.9092612643063541	0.0
2.9116101904024174	0.9045687670459318	0.0
2.91311102039747	0.8998669614840089	0.0
2.914611850392523	0.8951559122792212	0.0
2.9161126803875757	0.8904356714491253	0.0
2.9176135103826284	0.8857062937610477	0.0
2.919114340377681	0.8809678454813948	0.0
2.920615170372734	0.8762203795224364	0.0
2.922116000367787	0.8714639540613657	0.0
2.92361683036284	0.8666986277353609	0.0
2.925117660357892	0.8619244497472673	0.0
2.9266184903529453	0.8571414833890152	0.0
2.928119320347998	0.8523497903436995	0.0
2.929620150343051	0.8475494184501472	0.0
2.9311209803381035	0.8427404221087615	0.0
2.9326218103331563	0.8379228601994919	0.0
2.9341226403282095	0.8330967901060371	0.0
2.9356234703232618	0.8282622701683628	0.0
2.937124300318315	0.8234193505153439	0.0
2.9386251303133677	0.818568084426208	0.0
2.94012596030842	0.8137085285280415	0.0
2.941626790303473	0.8088407405903915	0.0
2.943127620298526	0.8039647770983094	0.0
2.9446284502935787	0.7990806882497846	0.0
2.9461292802886314	0.7941885236242501	0.0
2.947630110283684	0.7892883404387013	0.0
2.9491309402787373	0.7843801991613005	0.0
2.9506317702737896	0.7794641451025442	0.0
2.952132600268843	0.7745402293629402	0.0
2.9536334302638956	0.7696085169536848	0.0
2.9551342602589483	0.7646690569280935	0.0
2.956635090254001	0.7597218959237765	0.0
2.958135920249054	0.7547670899798923	0.0
2.9596367502441066	0.7498046899478434	0.0
2.9611375802391593	0.7448347473938589	0.0
2.962638410234212	0.7398573192075956	0.0
2.9641392402292652	0.7348724587552007	0.0
2.9656400702243175	0.7298802085969666	0.0
2.9671409002193707	0.7248806281136992	0.0
2.9686417302144235	0.7198737766257417	0.0
2.970142560209476	0.7148596904984165	0.0
2.971643390204529	0.7098384258260626	0.0
2.9731442201995817	0.7048100362770006	0.0
2.974645050194635	0.6997745631373391	0.0
2.976145880189687	0.6947320710698757	0.0
2.9776467101847404	0.6896826152141932	0.0
2.979147540179793	0.6846262302693096	0.0
2.9806483701748454	0.6795629724874951	0.0
2.9821492001698986	0.6744928940813955	0.0
2.9836500301649513	0.669416044382209	0.0
2.985150860160004	0.6643324784160803	0.0
2.986651690155057	0.6592422415137374	0.0
2.9881525201501096	0.6541453873131426	0.0
2.9896533501451628	0.6490419610753638	0.0
2.991154180140215	0.6439320121175605	0.0
2.9926550101352682	0.6388155939238924	0.0
2.994155840130321	0.6336927569987258	0.0
2.9956566701253737	0.6285635554342077	0.0
2.9971575001204265	0.6234280363503393	0.0
2.998658330115479	0.6193493047139524	0.0
3.000159160110532	0.617385270683908	0.0
