0.0	0.0	0.0
0.0015008299950527925	5.255824073093098e-06	0.0
0.003001659990105585	1.5016470111298119e-05	0.0
0.004502489985158378	2.9281832785160405e-05	0.0
0.00600331998021117	4.805167422758873e-05	0.0
0.007504149975263962	7.132567475497719e-05	0.0
0.009004979970316756	9.910343270476455e-05	0.0
0.010505809965369548	0.00013138446356986114	0.0
0.01200663996042234	0.00016816819920381981	0.0
0.013507469955475132	0.00020945398798823106	0.0
0.015008299950527925	0.000255241094017786	0.0
0.01650912994558072	0.0003055286955438354	0.0
0.01800995994063351	0.0003603158835670341	0.0
0.019510789935686303	0.0004196016606412032	0.0
0.021011619930739096	0.0004833849404577721	0.0
0.022512449925791888	0.0005516645463114691	0.0
0.02401327992084468	0.00062443920735971	0.0
0.025514109915897473	0.0007017075537188828	0.0
0.027014939910950265	0.0007834681095603197	0.0
0.028515769906003057	0.0008697192898738696	0.0
0.03001659990105585	0.0009604594072654592	0.0
0.031517429896108645	0.0010556866811250736	0.0
0.03301825989116144	0.0011553992413748464	0.0
0.03451908988621423	0.0012595951288706176	0.0
0.03601991988126702	0.0013682722954877068	0.0
0.037520749876319814	0.0014814286042138843	0.0
0.03902157987137261	0.0015990618292496062	0.0
0.0405224098664254	0.00172116965609822	0.0
0.04202323986147819	0.0018477496816632906	0.0
0.043524069856530984	0.001978799414353382	0.0
0.045024899851583776	0.0021143162741790044	0.0
0.04652572984663657	0.002254297592848807	0.0
0.04802655984168936	0.002398740613865572	0.0
0.04952738983674215	0.0025476424926256652	0.0
0.051028219831794945	0.0027010002965288855	0.0
0.05252904982684774	0.0028588110050925897	0.0
0.05402987982190053	0.0030210715100667932	0.0
0.05553070981695332	0.003187778615552677	0.0
0.057031539812006114	0.0033589290381210654	0.0
0.05853236980705891	0.003534519406930698	0.0
0.0600331998021117	0.0037145462638492775	0.0
0.06153402979716449	0.003899006063577892	0.0
0.06303485979221729	0.004087895173779637	0.0
0.06453568978727008	0.004281209875211565	0.0
0.06603651978232288	0.004478946361859086	0.0
0.06753734977737566	0.004681100741072788	0.0
0.06903817977242846	0.004887669033708463	0.0
0.07053900976748124	0.005098647174269693	0.0
0.07203983976253404	0.0053140310110522	0.0
0.07354066975758683	0.005533816306290182	0.0
0.07504149975263963	0.005757998736305572	0.0
0.07654232974769241	0.005986573891659958	0.0
0.07804315974274521	0.0062195372773084226	0.0
0.079543989737798	0.006456884312757193	0.0
0.0810448197328508	0.006698610332224051	0.0
0.08254564972790358	0.00694471058480076	0.0
0.08404647972295638	0.007195180234618746	0.0
0.08554730971800917	0.0074500143610173025	0.0
0.08704813971306197	0.007708481271516624	0.0
0.08854896970811475	0.007972029254056564	0.0
0.09004979970316755	0.00823920146672782	0.0
0.09155062969822034	0.00851144261612451	0.0
0.09305145969327314	0.008787299161386345	0.0
0.09455228968832592	0.009068212116324937	0.0
0.09605311968337872	0.009352731353782442	0.0
0.09755394967843152	0.00964229408385783	0.0
0.0990547796734843	0.009936173231020674	0.0
0.1005556096685371	0.010234363036510543	0.0
0.10205643966358989	0.010536857658794113	0.0
0.10355726965864269	0.01084365117376276	0.0
0.10505809965369547	0.011154737574933559	0.0
0.10655892964874827	0.011470110773652014	0.0
0.10805975964380106	0.011789764599297826	0.0
0.10956058963885386	0.01211369279949324	0.0
0.11106141963390664	0.012441889040312057	0.0
0.11256224962895944	0.012774346906491733	0.0
0.11406307962401223	0.013111059901647851	0.0
0.11556390961906503	0.013452021448490415	0.0
0.11706473961411781	0.01379722488904353	0.0
0.11856556960917061	0.014146663484866514	0.0
0.1200663996042234	0.014500330417277003	0.0
0.1215672295992762	0.014858218787575954	0.0
0.12306805959432898	0.015220321617275216	0.0
0.12456888958938178	0.015586631848327226	0.0
0.12606971958443458	0.015957142343356823	0.0
0.12757054957948735	0.016331845885893596	0.0
0.12907137957454015	0.0167100373981005	0.0
0.13057220956959295	0.017093105074184777	0.0
0.13207303956464575	0.01748034367930648	0.0
0.13357386955969852	0.017871745682991734	0.0
0.13507469955475132	0.018266610681440063	0.0
0.13657552954980412	0.018666316582609553	0.0
0.13807635954485692	0.019070162827642734	0.0
0.1395771895399097	0.019478141575954927	0.0
0.1410780195349625	0.019889557308866667	0.0
0.1425788495300153	0.020305777237707618	0.0
0.1440796795250681	0.020726105690746368	0.0
0.1455805095201209	0.021150534521296747	0.0
0.14708133951517366	0.02157905550678686	0.0
0.14858216951022646	0.022011660349017675	0.0
0.15008299950527926	0.02244834067442409	0.0
0.15158382950033206	0.022889088034337916	0.0
0.15308465949538483	0.02333389390525223	0.0
0.15458548949043763	0.023782749689086537	0.0
0.15608631948549043	0.024235646713454236	0.0
0.15758714948054323	0.024692576231931464	0.0
0.159087979475596	0.02515352942432789	0.0
0.1605888094706488	0.02561849739695767	0.0
0.1620896394657016	0.026087471182911885	0.0
0.1635904694607544	0.026560441742334573	0.0
0.16509129945580717	0.027037399962697564	0.0
0.16659212945085997	0.02751833665907837	0.0
0.16809295944591277	0.02800324257444008	0.0
0.16959378944096556	0.02849210837991057	0.0
0.17109461943601834	0.028984924675063174	0.0
0.17259544943107114	0.029481024949200543	0.0
0.17409627942612393	0.02998171374059387	0.0
0.17559710942117673	0.03048632439685552	0.0
0.1770979394162295	0.03099484723417965	0.0
0.1785987694112823	0.03150662188559089	0.0
0.1800995994063351	0.032022939756330034	0.0
0.1816004294013879	0.032543140340031515	0.0
0.18310125939644067	0.033067213674110765	0.0
0.18460208939149347	0.03359450572628339	0.0
0.18610291938654627	0.03412629440069147	0.0
0.18760374938159907	0.034661925527991945	0.0
0.18910457937665184	0.03520138887149239	0.0
0.19060540937170464	0.0357440369215284	0.0
0.19210623936675744	0.0362911337193578	0.0
0.19360706936181024	0.03684203162062946	0.0
0.19510789935686304	0.03739672011927658	0.0
0.1966087293519158	0.037955188642636015	0.0
0.1981095593469686	0.03851742655175012	0.0
0.1996103893420214	0.039083423141667885	0.0
0.2011112193370742	0.03965316764174701	0.0
0.20261204933212698	0.04022664921595463	0.0
0.20411287932717978	0.04080385696317198	0.0
0.20561370932223258	0.04138477991750116	0.0
0.20711453931728538	0.0419694070485695	0.0
0.20861536931233815	0.042557727261836105	0.0
0.21011619930739095	0.04314972939889844	0.0
0.21161702930244375	0.04374540223779846	0.0
0.21311785929749655	0.044344734493332705	0.0
0.21461868929254932	0.04494771481735863	0.0
0.21611951928760212	0.04555433179910562	0.0
0.21762034928265492	0.04616457396548677	0.0
0.21912117927770772	0.04677842978140571	0.0
0.2206220092727605	0.04739588765006925	0.0
0.2221228392678133	0.04801693591329929	0.0
0.2236236692628661	0.04864156285184396	0.0
0.2251244992579189	0.049269756685692875	0.0
0.22662532925297166	0.04990150557438863	0.0
0.22812615924802446	0.05053679761734009	0.0
0.22962698924307726	0.05117562085413822	0.0
0.23112781923813006	0.05181796326486904	0.0
0.23262864923318283	0.052463812770428414	0.0
0.23412947922823563	0.05311315723283825	0.0
0.23563030922328843	0.0537659844555607	0.0
0.23713113921834122	0.05442228218381307	0.0
0.238631969213394	0.055082038104884976	0.0
0.2401327992084468	0.05574523984845253	0.0
0.2416336292034996	0.0564118749868963	0.0
0.2431344591985524	0.05708193103562145	0.0
0.2446352891936052	0.05775539545337442	0.0
0.24613611918865796	0.05843225564256	0.0
0.24763694918371076	0.05911249894956239	0.0
0.24913777917876356	0.0597961126650638	0.0
0.25063860917381636	0.06048308402436346	0.0
0.25213943916886916	0.06117340020769825	0.0
0.25364026916392196	0.06186704834056222	0.0
0.2551410991589747	0.06256401549402751	0.0
0.2566419291540275	0.06326373740447525	0.0
0.2581427591490803	0.06396730359875791	0.0
0.2596435891441331	0.06467414970601734	0.0
0.2611444191391859	0.06538426258284182	0.0
0.2626452491342387	0.06609762903300054	0.0
0.2641460791292915	0.06681423580776563	0.0
0.2656469091243443	0.0675340696062326	0.0
0.26714773911939704	0.06825711707564164	0.0
0.26864856911444984	0.06898283115120736	0.0
0.27014939910950264	0.06971226570080567	0.0
0.27165022910455544	0.07044487355754588	0.0
0.27315105909960824	0.07118064116446025	0.0
0.27465188909466104	0.07191955491432898	0.0
0.27615271908971384	0.07266160115000667	0.0
0.27765354908476664	0.0734067661647433	0.0
0.2791543790798194	0.07415503620250644	0.0
0.2806552090748722	0.07490588196465331	0.0
0.282156039069925	0.07566032058716689	0.0
0.2836568690649778	0.07641782267444647	0.0
0.2851576990600306	0.07717837427654592	0.0
0.2866585290550834	0.07794196139584535	0.0
0.2881593590501362	0.07870856998737145	0.0
0.289660189045189	0.0794781859591208	0.0
0.2911610190402418	0.08025079517238103	0.0
0.2926618490352945	0.08102638344205537	0.0
0.2941626790303473	0.08180444210043127	0.0
0.2956635090254001	0.08258594574593138	0.0
0.2971643390204529	0.0833703856196819	0.0
0.2986651690155057	0.08415774735425882	0.0
0.3001659990105585	0.08494801653745808	0.0
0.3016668290056113	0.08574117871262195	0.0
0.3031676590006641	0.08653721937895681	0.0
0.30466848899571686	0.08733612399185611	0.0
0.30616931899076966	0.08813740276418816	0.0
0.30767014898582246	0.08894199146489794	0.0
0.30917097898087526	0.08974940022083117	0.0
0.31067180897592805	0.09055961431534389	0.0
0.31217263897098085	0.09137261898958554	0.0
0.31367346896603365	0.09218839944282256	0.0
0.31517429896108645	0.09300694083275342	0.0
0.3166751289561392	0.09382822827583241	0.0
0.318175958951192	0.09465179134702623	0.0
0.3196767889462448	0.09547852608445122	0.0
0.3211776189412976	0.09630796198218773	0.0
0.3226784489363504	0.09714008399492303	0.0
0.3241792789314032	0.09797487703770358	0.0
0.325680108926456	0.09881232598625565	0.0
0.3271809389215088	0.09965241567730702	0.0
0.32868176891656153	0.10049513090890244	0.0
0.33018259891161433	0.10134002107218652	0.0
0.33168342890666713	0.10218794162784017	0.0
0.33318425890171993	0.10303844189125119	0.0
0.33468508889677273	0.10389150650893918	0.0
0.33618591889182553	0.10474712009034415	0.0
0.33768674888687833	0.1056052672081451	0.0
0.33918757888193113	0.10646593239857376	0.0
0.34068840887698393	0.1073291001617405	0.0
0.34218923887203667	0.10819475496195481	0.0
0.34369006886708947	0.10906246899229206	0.0
0.34519089886214227	0.10993305111975389	0.0
0.34669172885719507	0.11080607346740177	0.0
0.34819255885224787	0.11168152035951054	0.0
0.34969338884730067	0.11255937608614579	0.0
0.35119421884235347	0.11343962490348419	0.0
0.35269504883740627	0.11432225103412558	0.0
0.354195878832459	0.1152072386674128	0.0
0.3556967088275118	0.11609418068670803	0.0
0.3571975388225646	0.11698384376365288	0.0
0.3586983688176174	0.11787582071668865	0.0
0.3601991988126702	0.11877009560531596	0.0
0.361700028807723	0.11966665245736953	0.0
0.3632008588027758	0.12056547526933882	0.0
0.3647016887978286	0.12146654800668288	0.0
0.36620251879288135	0.122369854604147	0.0
0.36770334878793415	0.12327500900413851	0.0
0.36920417878298695	0.124182735006486	0.0
0.37070500877803975	0.1250926464937525	0.0
0.37220583877309255	0.12600472728100567	0.0
0.37370666876814534	0.12691896115418502	0.0
0.37520749876319814	0.12783533187042098	0.0
0.37670832875825094	0.12875382315835368	0.0
0.3782091587533037	0.1296744187184444	0.0
0.3797099887483565	0.13059675389373965	0.0
0.3812108187434093	0.13152150898998222	0.0
0.3827116487384621	0.1324483192954528	0.0
0.3842124787335149	0.1333771684010777	0.0
0.3857133087285677	0.1343080398711925	0.0
0.3872141387236205	0.13524091724385875	0.0
0.3887149687186733	0.13617578403117675	0.0
0.3902157987137261	0.13711262371960553	0.0
0.3917166287087788	0.13805141977027885	0.0
0.3932174587038316	0.13899215561932296	0.0
0.3947182886988844	0.13993481467817	0.0
0.3962191186939372	0.14087938033386532	0.0
0.39771994868899	0.14182583594939863	0.0
0.3992207786840428	0.14277416486401792	0.0
0.4007216086790956	0.14372435039353687	0.0
0.4022224386741484	0.14467637583066123	0.0
0.40372326866920116	0.1456302244452936	0.0
0.40522409866425396	0.14658587948485285	0.0
0.40672492865930676	0.14754332417459814	0.0
0.40822575865435956	0.14850254171793528	0.0
0.40972658864941236	0.1494635152967344	0.0
0.41122741864446516	0.1504262280716529	0.0
0.41272824863951796	0.15139066318244807	0.0
0.41422907863457076	0.1523568037482852	0.0
0.4157299086296235	0.15332463286806064	0.0
0.4172307386246763	0.15429413362071845	0.0
0.4187315686197291	0.1552652890655631	0.0
0.4202323986147819	0.15623808224257787	0.0
0.4217332286098347	0.15721249617274005	0.0
0.4232340586048875	0.15818851385833302	0.0
0.4247348885999403	0.1591661182832684	0.0
0.4262357185949931	0.160145292413403	0.0
0.42773654859004584	0.16112601919684397	0.0
0.42923737858509864	0.16210828156427537	0.0
0.43073820858015144	0.16309206242927443	0.0
0.43223903857520424	0.16407734468861973	0.0
0.43373986857025704	0.16506411122261436	0.0
0.43524069856530984	0.1660523448953986	0.0
0.43674152856036264	0.16704202855526412	0.0
0.43824235855541543	0.16803314503497518	0.0
0.43974318855046823	0.16902567715208622	0.0
0.441244018545521	0.17001960770925004	0.0
0.4427448485405738	0.17101491949453732	0.0
0.4442456785356266	0.17201159528176047	0.0
0.4457465085306794	0.1730096178307778	0.0
0.4472473385257322	0.1740089698878183	0.0
0.448748168520785	0.17500963418579327	0.0
0.4502489985158378	0.1760115934446112	0.0
0.45174982851089057	0.17701483037150528	0.0
0.4532506585059433	0.17801932766134182	0.0
0.4547514885009961	0.17902506799693493	0.0
0.4562523184960489	0.18003203404936519	0.0
0.4577531484911017	0.18104020847829877	0.0
0.4592539784861545	0.18204957393229962	0.0
0.4607548084812073	0.18306011304914802	0.0
0.4622556384762601	0.18407180845616158	0.0
0.4637564684713129	0.1850846427705047	0.0
0.46525729846636565	0.18609859859950492	0.0
0.46675812846141845	0.18711365854098128	0.0
0.46825895845647125	0.1881298051835551	0.0
0.46975978845152405	0.18914702110695883	0.0
0.47126061844657685	0.19016528888236356	0.0
0.47276144844162965	0.19118459107269203	0.0
0.47426227843668245	0.1922049102329349	0.0
0.47576310843173525	0.1932262289104681	0.0
0.477263938426788	0.1942485296453675	0.0
0.4787647684218408	0.19527179497073455	0.0
0.4802655984168936	0.1962960074130081	0.0
0.4817664284119464	0.19732114949227506	0.0
0.4832672584069992	0.19834720372259834	0.0
0.484768088402052	0.1993741526123283	0.0
0.4862689183971048	0.2004019786644215	0.0
0.4877697483921576	0.20143066437675927	0.0
0.4892705783872104	0.20246019224245823	0.0
0.49077140838226313	0.20349054475019385	0.0
0.49227223837731593	0.20452170438451495	0.0
0.49377306837236873	0.20555365362616668	0.0
0.49527389836742153	0.20658637495240165	0.0
0.4967747283624743	0.20761985083729484	0.0
0.4982755583575271	0.20865406375206993	0.0
0.4997763883525799	0.2096889961654106	0.0
0.5012772183476327	0.2107246305437761	0.0
0.5027780483426855	0.2117609493517235	0.0
0.5042788783377383	0.21279766670004888	0.0
0.5057797083327911	0.21383530175599438	0.0
0.5072805383278439	0.21487330456402645	0.0
0.5087813683228967	0.21591218571365975	0.0
0.5102821983179494	0.2169514038229167	0.0
0.5117830283130023	0.21799110638280064	0.0
0.513283858308055	0.21903172512785402	0.0
0.5147846883031079	0.22007263464188806	0.0
0.5162855182981606	0.22111432409106466	0.0
0.5177863482932135	0.22215627351603684	0.0
0.5192871782882662	0.223198963523677	0.0
0.520788008283319	0.22424188271751172	0.0
0.5222888382783718	0.22528518406656353	0.0
0.5237896682734245	0.22632924342168526	0.0
0.5252904982684774	0.22737348579107705	0.0
0.5267913282635301	0.22841837041407637	0.0
0.528292158258583	0.22946340728041345	0.0
0.5297929882536357	0.23050904709634001	0.0
0.5312938182486886	0.23155480839600537	0.0
0.5327946482437413	0.23260113336148627	0.0
0.5342954782387941	0.2336475490646614	0.0
0.5357963082338469	0.23469421556180467	0.0
0.5372971382288997	0.23574143700278696	0.0
0.5387979682239525	0.23678870309334468	0.0
0.5402987982190053	0.23783643474820207	0.0
0.5417996282140581	0.23888418035011122	0.0
0.5433004582091109	0.23993235232574428	0.0
0.5448012882041637	0.24098050756717554	0.0
0.5463021181992165	0.2420290500247618	0.0
0.5478029481942692	0.24307754509034252	0.0
0.5493037781893221	0.24412615994805875	0.0
0.5508046081843748	0.24517512731262614	0.0
0.5523054381794277	0.24622400134788094	0.0
0.5538062681744804	0.24727316486885115	0.0
0.5553070981695333	0.24832220447099318	0.0
0.556807928164586	0.24937149453901342	0.0
0.5583087581596388	0.2504206301298226	0.0
0.5598095881546916	0.2514697839933101	0.0
0.5613104181497444	0.25251913353444483	0.0
0.5628112481447972	0.25356828282442817	0.0
0.56431207813985	0.2546175852371626	0.0
0.5658129081349028	0.2556666569277701	0.0
0.5673137381299556	0.2567158428934609	0.0
0.5688145681250084	0.25776476770483175	0.0
0.5703153981200612	0.2588137679991085	0.0
0.5718162281151139	0.2598624767478196	0.0
0.5733170581101668	0.2609110738769992	0.0
0.5748178881052195	0.2619596660873104	0.0
0.5763187181002724	0.26300792124696887	0.0
0.5778195480953251	0.26405615517036773	0.0
0.579320378090378	0.26510402176369996	0.0
0.5808212080854307	0.2661518285446799	0.0
0.5823220380804836	0.2671992377646669	0.0
0.5838228680755363	0.2682465486641691	0.0
0.585323698070589	0.26929343182240506	0.0
0.5868245280656419	0.2703400743552703	0.0
0.5883253580606946	0.27138651281397347	0.0
0.5898261880557475	0.27243247836077955	0.0
0.5913270180508002	0.27347824963231293	0.0
0.5928278480458531	0.27452351794766344	0.0
0.5943286780409058	0.2755685537391182	0.0
0.5958295080359586	0.276613056588198	0.0
0.5973303380310114	0.27765721920620245	0.0
0.5988311680260642	0.27870102403257563	0.0
0.600331998021117	0.27974425105090467	0.0
0.6018328280161698	0.2807871502810087	0.0
0.6033336580112226	0.2818294418714338	0.0
0.6048344880062754	0.28287136771788024	0.0
0.6063353180013282	0.28391265615849526	0.0
0.607836147996381	0.2849535409891236	0.0
0.6093369779914337	0.285993758715356	0.0
0.6108378079864866	0.2870335092388339	0.0
0.6123386379815393	0.288072706086739	0.0
0.6138394679765922	0.28911119141352964	0.0
0.6153402979716449	0.29014917887533315	0.0
0.6168411279666978	0.29118642529551264	0.0
0.6183419579617505	0.2922231363198053	0.0
0.6198427879568033	0.2932590768567964	0.0
0.6213436179518561	0.2942944523920728	0.0
0.6228444479469089	0.29532912342601947	0.0
0.6243452779419617	0.2963629799486957	0.0
0.6258461079370145	0.29739620769864844	0.0
0.6273469379320673	0.29842859168771013	0.0
0.62884776792712	0.2994603097405609	0.0
0.6303485979221729	0.300491154864859	0.0
0.6318494279172256	0.3015212970002748	0.0
0.6333502579122784	0.3025505371234838	0.0
0.6348510879073312	0.30357908788049487	0.0
0.636351917902384	0.30460674240938657	0.0
0.6378527478974368	0.30563345146201887	0.0
0.6393535778924896	0.30665936539540517	0.0
0.6408544078875424	0.3076843049876088	0.0
0.6423552378825952	0.3087084128159868	0.0
0.643856067877648	0.30973151752921246	0.0
0.6453568978727008	0.3107537539563418	0.0
0.6468577278677535	0.31177495858728715	0.0
0.6483585578628064	0.31279535119838275	0.0
0.6498593878578591	0.3138146585702329	0.0
0.651360217852912	0.31483289130228903	0.0
0.6528610478479647	0.31585016499349644	0.0
0.6543618778430176	0.31686633560473565	0.0
0.6558627078380703	0.3178815111005904	0.0
0.6573635378331231	0.318895555176025	0.0
0.6588643678281759	0.31990869312632125	0.0
0.6603651978232287	0.32092060087471436	0.0
0.6618660278182815	0.32193133488246894	0.0
0.6633668578133343	0.3229409841770502	0.0
0.6648676878083871	0.32394943164818724	0.0
0.6663685178034399	0.3249567588093695	0.0
0.6678693477984927	0.32596285617064763	0.0
0.6693701777935455	0.3269677977671137	0.0
0.6708710077885982	0.32797148169545004	0.0
0.6723718377836511	0.3289741403044105	0.0
0.6738726677787038	0.32997538517286285	0.0
0.6753734977737567	0.33097533077698094	0.0
0.6768743277688094	0.33197403261475755	0.0
0.6783751577638623	0.332971407598603	0.0
0.679875987758915	0.33396750387654994	0.0
0.6813768177539679	0.33496224582562656	0.0
0.6828776477490206	0.33595567428169987	0.0
0.6843784777440733	0.3369477210504106	0.0
0.6858793077391262	0.337938625477786	0.0
0.6873801377341789	0.33892793605312804	0.0
0.6888809677292318	0.3399158241246579	0.0
0.6903817977242845	0.34090231241643953	0.0
0.6918826277193374	0.3418873511448356	0.0
0.6933834577143901	0.34287095585788013	0.0
0.6948842877094429	0.3438530840706271	0.0
0.6963851177044957	0.34483398052672054	0.0
0.6978859476995485	0.3458131455672146	0.0
0.6993867776946013	0.34679079393471196	0.0
0.7008876076896541	0.34776692341297233	0.0
0.7023884376847069	0.34874150959550093	0.0
0.7038892676797597	0.34971454323189144	0.0
0.7053900976748125	0.35068600707848036	0.0
0.7068909276698653	0.3516558848922408	0.0
0.708391757664918	0.3526241665524718	0.0
0.7098925876599709	0.3535911036775922	0.0
0.7113934176550236	0.3545561359554048	0.0
0.7128942476500765	0.35551953278090487	0.0
0.7143950776451292	0.35648126061421265	0.0
0.7158959076401821	0.3574413269646011	0.0
0.7173967376352348	0.3583996914484853	0.0
0.7188975676302876	0.35935636855494774	0.0
0.7203983976253404	0.36031161519368426	0.0
0.7218992276203932	0.3612648248969756	0.0
0.723400057615446	0.3622163086384893	0.0
0.7249008876104988	0.36316600911664343	0.0
0.7264017176055516	0.3641139580857899	0.0
0.7279025476006044	0.36506009155478364	0.0
0.7294033775956572	0.36600444810923133	0.0
0.73090420759071	0.36694695711335035	0.0
0.7324050375857627	0.3678876639406041	0.0
0.7339058675808156	0.3688268322247155	0.0
0.7354066975758683	0.36976379752739785	0.0
0.7369075275709212	0.37069892303021196	0.0
0.7384083575659739	0.3716321216851677	0.0
0.7399091875610267	0.3725634556426999	0.0
0.7414100175560795	0.3734928313707219	0.0
0.7429108475511323	0.37442031765233047	0.0
0.7444116775461851	0.3753458145180458	0.0
0.7459125075412378	0.37626939733836157	0.0
0.7474133375362907	0.37719133637417085	0.0
0.7489141675313434	0.3781109108262168	0.0
0.7504149975263963	0.37902853461730746	0.0
0.751915827521449	0.37994409189141887	0.0
0.7534166575165019	0.3808576742870129	0.0
0.7549174875115546	0.3817691596771953	0.0
0.7564183175066074	0.38267864612637453	0.0
0.7579191475016602	0.3835864089776304	0.0
0.759419977496713	0.38449168475161066	0.0
0.7609208074917658	0.3853949257830329	0.0
0.7624216374868186	0.3862959944802667	0.0
0.7639224674818714	0.3871950047662524	0.0
0.7654232974769242	0.3880918129494197	0.0
0.766924127471977	0.38898653921260323	0.0
0.7684249574670298	0.38987903381383776	0.0
0.7699257874620825	0.3907693518400189	0.0
0.7714266174571354	0.39165755298605115	0.0
0.7729274474521881	0.39254347852817395	0.0
0.774428277447241	0.39342718825554185	0.0
0.7759291074422937	0.39430866918292246	0.0
0.7774299374373466	0.39518790837266565	0.0
0.7789307674323993	0.39606489293489394	0.0
0.7804315974274522	0.39693961002766825	0.0
0.7819324274225049	0.39781204685716853	0.0
0.7834332574175576	0.39868219067788924	0.0
0.7849340874126105	0.3995501149603882	0.0
0.7864349174076632	0.40041563472074126	0.0
0.7879357474027161	0.4012788235269904	0.0
0.7894365773977688	0.4021396688285934	0.0
0.7909374073928217	0.4029981581241872	0.0
0.7924382373878744	0.40385427896176135	0.0
0.7939390673829272	0.404708018938824	0.0
0.79543989737798	0.4055594618928955	0.0
0.7969407273730328	0.40640840313993637	0.0
0.7984415573680856	0.40725502561283744	0.0
0.7999423873631384	0.40809911911741803	0.0
0.8014432173581912	0.408940770496781	0.0
0.802944047353244	0.40977996764904756	0.0
0.8044448773482968	0.41061669852302607	0.0
0.8059457073433496	0.41145095111835034	0.0
0.8074465373384023	0.41228271348565776	0.0
0.8089473673334552	0.4131120823326319	0.0
0.8104481973285079	0.4139388286001497	0.0
0.8119490273235608	0.4147630490986743	0.0
0.8134498573186135	0.41558473208442204	0.0
0.8149506873136664	0.41640386586539796	0.0
0.8164515173087191	0.41722043880154985	0.0
0.817952347303772	0.4180344393049181	0.0
0.8194531772988247	0.4188458558397798	0.0
0.8209540072938775	0.4196546769228072	0.0
0.8224548372889303	0.4204610116029411	0.0
0.8239556672839831	0.4212646075421123	0.0
0.8254564972790359	0.4220655738948105	0.0
0.8269573272740887	0.42286389938877195	0.0
0.8284581572691415	0.42365957280487904	0.0
0.8299589872641943	0.4244525829772876	0.0
0.831459817259247	0.42524291879356513	0.0
0.8329606472542999	0.42603069852748887	0.0
0.8344614772493526	0.4268156525081101	0.0
0.8359623072444055	0.42759803091646253	0.0
0.8374631372394582	0.42837755925521176	0.0
0.838963967234511	0.42915435848089856	0.0
0.8404647972295638	0.42992841780461566	0.0
0.8419656272246167	0.4306997264918566	0.0
0.8434664572196694	0.4314682738626526	0.0
0.8449672872147221	0.4322340492917267	0.0
0.846468117209775	0.4329971824225794	0.0
0.8479689472048277	0.4337573823110853	0.0
0.8494697771998806	0.4345147787107788	0.0
0.8509706071949333	0.43526936121641074	0.0
0.8524714371899862	0.43602111947806677	0.0
0.8539722671850389	0.4367700432013081	0.0
0.8554730971800917	0.437516122147308	0.0
0.8569739271751445	0.43825949441429973	0.0
0.8584747571701973	0.4389998533116875	0.0
0.8599755871652501	0.4397374875714421	0.0
0.8614764171603029	0.4404720861339046	0.0
0.8629772471553557	0.44120378956205514	0.0
0.8644780771504085	0.44193258795332796	0.0
0.8659789071454613	0.442658471461626	0.0
0.8674797371405141	0.4433814302974636	0.0
0.8689805671355668	0.44410145472808993	0.0
0.8704813971306197	0.4448186932138794	0.0
0.8719822271256724	0.4455328198625586	0.0
0.8734830571207253	0.4462439832485585	0.0
0.874983887115778	0.44695217386722147	0.0
0.8764847171108309	0.44765738227121427	0.0
0.8779855471058836	0.4483595990706377	0.0
0.8794863771009365	0.44905881493314553	0.0
0.8809872070959892	0.44975502058406264	0.0
0.882488037091042	0.4504482068064962	0.0
0.8839888670860948	0.4511385318419052	0.0
0.8854896970811476	0.45182565178765854	0.0
0.8869905270762004	0.4525097250013587	0.0
0.8884913570712532	0.45319074249838837	0.0
0.889992187066306	0.45386869535247204	0.0
0.8914930170613588	0.4545435746958013	0.0
0.8929938470564115	0.4552153717191445	0.0
0.8944946770514643	0.4558842518636339	0.0
0.8959955070465171	0.4565498580532949	0.0
0.89749633704157	0.4572125319118063	0.0
0.8989971670366227	0.45787191273477545	0.0
0.9004979970316755	0.4585281680722821	0.0
0.9019988270267283	0.4591812894687518	0.0
0.9034996570217811	0.4598312685279185	0.0
0.9050004870168339	0.4604780969129548	0.0
0.9065013170118866	0.46112176634655344	0.0
0.9080021470069395	0.4617624509948073	0.0
0.9095029770019922	0.4623997779313703	0.0
0.9110038069970451	0.4630339214419029	0.0
0.9125046369920978	0.46366487348820684	0.0
0.9140054669871507	0.46429262609210864	0.0
0.9155062969822034	0.4649171713355707	0.0
0.9170071269772563	0.465538501360788	0.0
0.918507956972309	0.46615660837029144	0.0
0.9200087869673618	0.46677148462702045	0.0
0.9215096169624146	0.46738331241588005	0.0
0.9230104469574674	0.4679917041972023	0.0
0.9245112769525202	0.4685968423772367	0.0
0.926012106947573	0.46919871946158914	0.0
0.9275129369426258	0.4697973280167692	0.0
0.9290137669376786	0.47039266067028496	0.0
0.9305145969327313	0.47098471011073334	0.0
0.9320154269277842	0.47157366451339244	0.0
0.9335162569228369	0.4721591258374218	0.0
0.9350170869178898	0.4727414792978161	0.0
0.9365179169129425	0.47332032399344587	0.0
0.9380187469079954	0.47389584983679905	0.0
0.9395195769030481	0.4744680498849297	0.0
0.941020406898101	0.4750369172566222	0.0
0.9425212368931537	0.47560244513248057	0.0
0.9440220668882064	0.47616462675499954	0.0
0.9455228968832593	0.4767236573209229	0.0
0.947023726878312	0.4772791264113915	0.0
0.9485245568733649	0.4778312293473982	0.0
0.9500253868684176	0.4783799596199077	0.0
0.9515262168634705	0.4789253107822129	0.0
0.9530270468585232	0.479467276450038	0.0
0.954527876853576	0.48000585030160725	0.0
0.9560287068486288	0.4805412325612135	0.0
0.9575295368436816	0.4810730040644072	0.0
0.9590303668387344	0.4816015728851843	0.0
0.9605311968337872	0.4821265175030337	0.0
0.96203202682884	0.4826480396342079	0.0
0.9635328568238928	0.48316613333364106	0.0
0.9650336868189456	0.4836807927193145	0.0
0.9665345168139984	0.4841920119723737	0.0
0.9680353468090511	0.4846997853371968	0.0
0.969536176804104	0.4852043189387259	0.0
0.9710370067991567	0.4857051835124992	0.0
0.9725378367942096	0.48620258531029237	0.0
0.9740386667892623	0.48669651883012727	0.0
0.9755394967843152	0.4871869786336325	0.0
0.9770403267793679	0.48767395934612495	0.0
0.9785411567744208	0.4881574556566657	0.0
0.9800419867694735	0.48863746231814376	0.0
0.9815428167645263	0.48911397414735913	0.0
0.9830436467595791	0.4895872025299001	0.0
0.9845444767546319	0.4900567093999251	0.0
0.9860453067496847	0.4905227062711784	0.0
0.9875461367447375	0.49098518821675097	0.0
0.9890469667397903	0.4914441503739972	0.0
0.9905477967348431	0.49189958794458244	0.0
0.9920486267298958	0.49235149619455343	0.0
0.9935494567249487	0.4928000901545014	0.0
0.9950502867200014	0.4932449258183145	0.0
0.9965511167150543	0.49368643888587493	0.0
0.998051946710107	0.49412418380012757	0.0
0.9995527767051599	0.49455837669021907	0.0
1.0010536067002127	0.4949890132099281	0.0
1.0025544366952654	0.49541608907787155	0.0
1.0040552666903182	0.49583960007757266	0.0
1.005556096685371	0.49625954205753503	0.0
1.0070569266804237	0.4966761341555314	0.0
1.0085577566754766	0.4970897456053625	0.0
1.0100585866705294	0.4974989562619821	0.0
1.0115594166655821	0.4979045819390623	0.0
1.0130602466606349	0.49830661881083954	0.0
1.0145610766556878	0.4987052880133328	0.0
1.0160619066507406	0.49910013605761283	0.0
1.0175627366457933	0.4994913842105201	0.0
1.019063566640846	0.4998790289079429	0.0
1.0205643966358988	0.5002632927378623	0.0
1.0220652266309518	0.5006445481418901	0.0
1.0235660566260045	0.5010213617381577	0.0
1.0250668866210573	0.5013945582737692	0.0
1.02656771661611	0.5017641345128883	0.0
1.028068546611163	0.5021303146744134	0.0
1.0295693766062157	0.5024926408752676	0.0
1.0310702066012685	0.5028513374661391	0.0
1.0325710365963212	0.5032064014747152	0.0
1.034071866591374	0.5035580582768933	0.0
1.035572696586427	0.5039066833063606	0.0
1.0370735265814797	0.5042508323886581	0.0
1.0385743565765324	0.5045913376551293	0.0
1.0400751865715852	0.5049281964639487	0.0
1.041576016566638	0.5052616354518513	0.0
1.0430768465616909	0.5055920316209862	0.0
1.0445776765567436	0.5059179358624469	0.0
1.0460785065517963	0.5062401837367787	0.0
1.047579336546849	0.5065587729336942	0.0
1.049080166541902	0.5068739311441176	0.0
1.0505809965369548	0.5071851963200349	0.0
1.0520818265320075	0.5074927962853493	0.0
1.0535826565270603	0.5077967289957067	0.0
1.055083486522113	0.508097222836087	0.0
1.056584316517166	0.5083946574607657	0.0
1.0580851465122187	0.5086875768000934	0.0
1.0595859765072715	0.5089768213682421	0.0
1.0610868065023242	0.5092623894540453	0.0
1.0625876364973772	0.5095445101229458	0.0
1.06408846649243	0.5098227203764746	0.0
1.0655892964874827	0.5100972494136102	0.0
1.0670901264825354	0.5103680957902821	0.0
1.0685909564775882	0.5106354889662049	0.0
1.0700917864726411	0.510899811026884	0.0
1.0715926164676939	0.5111596014203194	0.0
1.0730934464627466	0.51141570404076	0.0
1.0745942764577994	0.5116681177785668	0.0
1.0760951064528523	0.511917072398277	0.0
1.077595936447905	0.512162105308673	0.0
1.0790967664429578	0.5124034464082383	0.0
1.0805975964380106	0.512641094855246	0.0
1.0820984264330633	0.5128752805073613	0.0
1.0835992564281163	0.5131063876589115	0.0
1.085100086423169	0.5133329537622656	0.0
1.0866009164182218	0.513555824511636	0.0
1.0881017464132745	0.5137749994005422	0.0
1.0896025764083275	0.5139907082143707	0.0
1.0911034064033802	0.514202490130187	0.0
1.092604236398433	0.514410575067564	0.0
1.0941050663934857	0.514614962788384	0.0
1.0956058963885384	0.5148158828690426	0.0
1.0971067263835914	0.515013721588991	0.0
1.0986075563786442	0.5152070168967041	0.0
1.100108386373697	0.5153966147016943	0.0
1.1016092163687496	0.5155825151014397	0.0
1.1031100463638024	0.5157649472219628	0.0
1.1046108763588554	0.515944298348789	0.0
1.106111706353908	0.5161191077828586	0.0
1.1076125363489608	0.516290220867836	0.0
1.1091133663440136	0.5164576380367125	0.0
1.1106141963390666	0.516621587754844	0.0
1.1121150263341193	0.5167816146579164	0.0
1.113615856329172	0.5169379473454192	0.0
1.1151166863242248	0.5170905865186627	0.0
1.1166175163192775	0.5172397599630156	0.0
1.1181183463143305	0.5173858565993846	0.0
1.1196191763093832	0.5175274201022932	0.0
1.121120006304436	0.5176652935617098	0.0
1.1226208362994887	0.5177994780140305	0.0
1.1241216662945417	0.5179302002053703	0.0
1.1256224962895944	0.5180570100194801	0.0
1.1271233262846472	0.5181801343363269	0.0
1.1286241562797	0.5182995744600047	0.0
1.1301249862747527	0.5184155561539243	0.0
1.1316258162698056	0.5185284697487585	0.0
1.1331266462648584	0.5186368657803235	0.0
1.1346274762599111	0.5187415834987456	0.0
1.1361283062549639	0.5188426245421761	0.0
1.1376291362500168	0.5189402132566634	0.0
1.1391299662450696	0.5190339061303814	0.0
1.1406307962401223	0.5191239276427008	0.0
1.142131626235175	0.5192102796984218	0.0
1.1436324562302278	0.519293185358777	0.0
1.1451332862252808	0.5193730361383045	0.0
1.1466341162203335	0.5194483919128088	0.0
1.1481349462153863	0.5195200865104763	0.0
1.149635776210439	0.5195881221685298	0.0
1.151136606205492	0.5196527201538484	0.0
1.1526374362005447	0.5197134449086993	0.0
1.1541382661955975	0.5197705178325327	0.0
1.1556390961906502	0.5198239414276903	0.0
1.157139926185703	0.5198739353753186	0.0
1.158640756180756	0.5199208921479874	0.0
1.1601415861758086	0.5199633834266936	0.0
1.1616424161708614	0.520002236042327	0.0
1.1631432461659141	0.520037452827407	0.0
1.164644076160967	0.5200692512935932	0.0
1.1661449061560198	0.5200972051775423	0.0
1.1676457361510726	0.5201215321224568	0.0
1.1691465661461253	0.5201422352239309	0.0
1.170647396141178	0.5201595301087009	0.0
1.172148226136231	0.5201738099818537	0.0
1.1736490561312838	0.5201836607765962	0.0
1.1751498861263365	0.5201899007609404	0.0
1.1766507161213893	0.5201925333577722	0.0
1.178151546116442	0.5201917716518035	0.0
1.179652376111495	0.5201880091580856	0.0
1.1811532061065477	0.5201798407762268	0.0
1.1826540361016005	0.5201680793454753	0.0
1.1841548660966532	0.5201527286141503	0.0
1.1856556960917062	0.5201339989193534	0.0
1.187156526086759	0.5201114810901777	0.0
1.1886573560818117	0.5200853855931614	0.0
1.1901581860768644	0.5200557164354507	0.0
1.1916590160719172	0.5200226816088351	0.0
1.1931598460669701	0.5199866750113779	0.0
1.1946606760620229	0.5199463095535438	0.0
1.1961615060570756	0.5199023871031224	0.0
1.1976623360521284	0.5198549119887872	0.0
1.1991631660471813	0.5198040890877644	0.0
1.200663996042234	0.5197495218866758	0.0
1.2021648260372868	0.5196914153904814	0.0
1.2036656560323395	0.519629774183316	0.0
1.2051664860273923	0.5195648005053017	0.0
1.2066673160224453	0.5194968884141452	0.0
1.208168146017498	0.519424671209038	0.0
1.2096689760125507	0.519348938260011	0.0
1.2111698060076035	0.5192696944681399	0.0
1.2126706360026565	0.5191871385966572	0.0
1.2141714659977092	0.519100888073537	0.0
1.215672295992762	0.5190111417877666	0.0
1.2171731259878147	0.5189179048919386	0.0
1.2186739559828674	0.5188213732244222	0.0
1.2201747859779204	0.5187219407806093	0.0
1.2216756159729731	0.5186182635902312	0.0
1.2231764459680259	0.5185111170204528	0.0
1.2246772759630786	0.5184005065355707	0.0
1.2261781059581316	0.5182866241402063	0.0
1.2276789359531843	0.5181691024648506	0.0
1.229179765948237	0.5180481336376549	0.0
1.2306805959432898	0.5179237233699528	0.0
1.2321814259383426	0.5177960604584533	0.0
1.2336822559333955	0.5176655386159807	0.0
1.2351830859284483	0.5175308389034492	0.0
1.236683915923501	0.5173927212045266	0.0
1.2381847459185538	0.5172511915363569	0.0
1.2396855759136065	0.5171064345113594	0.0
1.2411864059086595	0.5169588435911516	0.0
1.2426872359037122	0.5168071147197055	0.0
1.244188065898765	0.5166519985492848	0.0
1.2456888958938177	0.5164935013992524	0.0
1.2471897258888707	0.5163318035060193	0.0
1.2486905558839234	0.5161665635939019	0.0
1.2501913858789762	0.5159979620188369	0.0
1.251692215874029	0.5158260053392657	0.0
1.2531930458690816	0.5156508701543259	0.0
1.2546938758641346	0.5154729493046041	0.0
1.2561947058591874	0.5152909672503712	0.0
1.25769553585424	0.5151056569135687	0.0
1.2591963658492928	0.5149170251479599	0.0
1.2606971958443458	0.514725243837546	0.0
1.2621980258393986	0.5145299900089961	0.0
1.2636988558344513	0.5143314356629692	0.0
1.265199685829504	0.5141295878865225	0.0
1.2667005158245568	0.5139246146583594	0.0
1.2682013458196097	0.5137169079836598	0.0
1.2697021758146625	0.5135052230119205	0.0
1.2712030058097152	0.5132902735314566	0.0
1.272703835804768	0.5130720669171298	0.0
1.274204665799821	0.5128507661017676	0.0
1.2757054957948737	0.5126260675715625	0.0
1.2772063257899264	0.5123981343728924	0.0
1.2787071557849792	0.5121669741076837	0.0
1.280207985780032	0.5119327455424446	0.0
1.2817088157750849	0.5116958396354135	0.0
1.2832096457701376	0.5114550443398657	0.0
1.2847104757651904	0.5112110529429924	0.0
1.2862113057602431	0.5109638733264191	0.0
1.287712135755296	0.510713658889179	0.0
1.2892129657503488	0.5104601266987805	0.0
1.2907137957454016	0.5102034302644388	0.0
1.2922146257404543	0.5099435776881508	0.0
1.293715455735507	0.5096807179492054	0.0
1.29521628573056	0.5094152407506192	0.0
1.2967171157256128	0.5091459689013164	0.0
1.2982179457206655	0.5088735738585458	0.0
1.2997187757157183	0.5085980639953772	0.0
1.3012196057107712	0.5083195826118201	0.0
1.302720435705824	0.5080378684406925	0.0
1.3042212657008767	0.5077530648886417	0.0
1.3057220956959295	0.5074651805419935	0.0
1.3072229256909822	0.5071742240398635	0.0
1.3087237556860352	0.506880332834274	0.0
1.310224585681088	0.5065832581481262	0.0
1.3117254156761406	0.5062831375380039	0.0
1.3132262456711934	0.5059799798521596	0.0
1.3147270756662461	0.5056739177449996	0.0
1.316227905661299	0.5053653385611572	0.0
1.3177287356563518	0.5050531232501911	0.0
1.3192295656514046	0.5047379067685624	0.0
1.3207303956464573	0.5044196982211782	0.0
1.3222312256415103	0.5040986241192481	0.0
1.323732055636563	0.5037744589570605	0.0
1.3252328856316158	0.5034473293465508	0.0
1.3267337156266685	0.5031172445940664	0.0
1.3282345456217213	0.5027843261815307	0.0
1.3297353756167742	0.5024489596829913	0.0
1.331236205611827	0.5021100658359025	0.0
1.3327370356068797	0.5017682545648954	0.0
1.3342378656019325	0.5014235354231473	0.0
1.3357386955969854	0.5010760234655892	0.0
1.3372395255920382	0.5007255174359755	0.0
1.338740355587091	0.5003721324859455	0.0
1.3402411855821437	0.500015878362119	0.0
1.3417420155771964	0.49965686486779115	0.0
1.3432428455722494	0.4992954756122937	0.0
1.3447436755673021	0.49893067291994814	0.0
1.3462445055623549	0.4985630405127717	0.0
1.3477453355574076	0.4981925883740081	0.0
1.3492461655524606	0.4978194196080491	0.0
1.3507469955475133	0.4974433581417551	0.0
1.352247825542566	0.4970645071720703	0.0
1.3537486555376188	0.49668287686737533	0.0
1.3552494855326715	0.49629856486779134	0.0
1.3567503155277245	0.49591195262850035	0.0
1.3582511455227773	0.4955220457816465	0.0
1.35975197551783	0.4951294007250863	0.0
1.3612528055128827	0.4947340278533277	0.0
1.3627536355079357	0.4943360178479711	0.0
1.3642544655029885	0.4939352207067852	0.0
1.3657552954980412	0.49353172719966615	0.0
1.367256125493094	0.4931255478977385	0.0
1.3687569554881467	0.4927167678156794	0.0
1.3702577854831997	0.49230576607012466	0.0
1.3717586154782524	0.4918915932417547	0.0
1.3732594454733051	0.49147477733347045	0.0
1.3747602754683579	0.4910553291317148	0.0
1.3762611054634106	0.49063332644571095	0.0
1.3777619354584636	0.4902091470153715	0.0
1.3792627654535163	0.4897818670712213	0.0
1.380763595448569	0.48935199839779053	0.0
1.3822644254436218	0.48891955199077775	0.0
1.3837652554386748	0.4884845983223462	0.0
1.3852660854337275	0.4880470295992096	0.0
1.3867669154287803	0.48760691637499975	0.0
1.388267745423833	0.4871642698083826	0.0
1.3897685754188858	0.48671915440982	0.0
1.3912694054139387	0.48627194530460033	0.0
1.3927702354089915	0.4858217660602101	0.0
1.3942710654040442	0.4853690985045005	0.0
1.395771895399097	0.4849139539942808	0.0
1.39727272539415	0.48445638947624425	0.0
1.3987735553892027	0.483996325282521	0.0
1.4002743853842554	0.48353381843681004	0.0
1.4017752153793082	0.4830688804499537	0.0
1.403276045374361	0.4826015621308466	0.0
1.4047768753694139	0.4821322358199707	0.0
1.4062777053644666	0.48166007384990045	0.0
1.4077785353595194	0.4811855271561738	0.0
1.409279365354572	0.4807086074365318	0.0
1.410780195349625	0.4802293577226332	0.0
1.4122810253446778	0.47974772719048514	0.0
1.4137818553397306	0.479263758944235	0.0
1.4152826853347833	0.47877746482659356	0.0
1.416783515329836	0.478288881565978	0.0
1.418284345324889	0.47779837855397966	0.0
1.4197851753199418	0.47730517823138546	0.0
1.4212860053149945	0.4768096997600071	0.0
1.4227868353100472	0.47631195515811237	0.0
1.4242876653051002	0.4758119731767347	0.0
1.425788495300153	0.47530973250575004	0.0
1.4272893252952057	0.47480526196413225	0.0
1.4287901552902584	0.47429857370605744	0.0
1.4302909852853112	0.4737896900245523	0.0
1.4317918152803641	0.47327897720449247	0.0
1.4332926452754169	0.4727657090524605	0.0
1.4347934752704696	0.4722502721298038	0.0
1.4362943052655224	0.47173267875486014	0.0
1.4377951352605751	0.47121294305650147	0.0
1.439295965255628	0.47069142952799453	0.0
1.4407967952506808	0.4701674410241016	0.0
1.4422976252457336	0.46964134565786897	0.0
1.4437984552407863	0.4691131559054726	0.0
1.4452992852358393	0.4685828776336313	0.0
1.446800115230892	0.4680505366603878	0.0
1.4483009452259448	0.46751613891333155	0.0
1.4498017752209975	0.46697969699032693	0.0
1.4513026052160503	0.4664412100805902	0.0
1.4528034352111032	0.4659010393382691	0.0
1.454304265206156	0.4653585407699181	0.0
1.4558050952012087	0.4648140487110738	0.0
1.4573059251962615	0.4642675759060248	0.0
1.4588067551913144	0.46371911311583797	0.0
1.4603075851863672	0.4631687171652136	0.0
1.46180841518142	0.4626163788715026	0.0
1.4633092451764727	0.46206211109158934	0.0
1.4648100751715254	0.4615058977815126	0.0
1.4663109051665784	0.460948096615635	0.0
1.467811735161631	0.4603881177912114	0.0
1.4693125651566838	0.4598262611795462	0.0
1.4708133951517366	0.4592625397725742	0.0
1.4723142251467896	0.45869692894539116	0.0
1.4738150551418423	0.45812951702852667	0.0
1.475315885136895	0.45756027944881933	0.0
1.4768167151319478	0.45698922930171887	0.0
1.4783175451270005	0.45641633504032714	0.0
1.4798183751220535	0.45584195072560335	0.0
1.4813192051171062	0.45526554169945366	0.0
1.482820035112159	0.4546873727366919	0.0
1.4843208651072117	0.45410745705647665	0.0
1.4858216951022647	0.4535257543912698	0.0
1.4873225250973174	0.45294238502962764	0.0
1.4888233550923702	0.4523573087512558	0.0
1.490324185087423	0.4517705388698067	0.0
1.4918250150824757	0.4511820280892073	0.0
1.4933258450775286	0.45059212673059534	0.0
1.4948266750725814	0.45000035615008227	0.0
1.4963275050676341	0.4494069454478422	0.0
1.4978283350626869	0.448811908049993	0.0
1.4993291650577398	0.4482151878130897	0.0
1.5008299950527926	0.44761693738949715	0.0
1.5023308250478453	0.4470171006785189	0.0
1.503831655042898	0.4464156911917998	0.0
1.5053324850379508	0.4458126456610987	0.0
1.5068333150330038	0.4452083105486865	0.0
1.5083341450280565	0.44460226401080816	0.0
1.5098349750231093	0.4439946989483973	0.0
1.511335805018162	0.4433856289744109	0.0
1.5128366350132147	0.44277498185929154	0.0
1.5143374650082677	0.44216310187287966	0.0
1.5158382950033205	0.4415495990359711	0.0
1.5173391249983732	0.4409346459317536	0.0
1.518839954993426	0.44031825626834137	0.0
1.520340784988479	0.43970034879700065	0.0
1.5218416149835317	0.43908112721284864	0.0
1.5233424449785844	0.43846051030302174	0.0
1.5248432749736371	0.43783851184732475	0.0
1.5263441049686899	0.4372150433426374	0.0
1.5278449349637429	0.43659044502965444	0.0
1.5293457649587956	0.4359643847874131	0.0
1.5308465949538483	0.4353369982891004	0.0
1.532347424948901	0.43470829939862793	0.0
1.533848254943954	0.4340781904992961	0.0
1.5353490849390068	0.4334469084808996	0.0
1.5368499149340595	0.4328143557581832	0.0
1.5383507449291123	0.4321805462579695	0.0
1.539851574924165	0.43154549392220365	0.0
1.541352404919218	0.4309092127077062	0.0
1.5428532349142707	0.43027171658593605	0.0
1.5443540649093235	0.4296330195427316	0.0
1.5458548949043762	0.4289931355780808	0.0
1.5473557248994292	0.42835207870588266	0.0
1.548856554894482	0.42770986295369406	0.0
1.5503573848895347	0.4270665023624997	0.0
1.5518582148845874	0.4264220109864792	0.0
1.5533590448796402	0.4257764028927523	0.0
1.5548598748746931	0.42512969216112073	0.0
1.5563607048697459	0.4244818928838486	0.0
1.5578615348647986	0.4238330191654283	0.0
1.5593623648598514	0.4231830851223205	0.0
1.5608631948549043	0.42253210488272025	0.0
1.562364024849957	0.4218800925863328	0.0
1.5638648548450098	0.4212270623841212	0.0
1.5653656848400626	0.4205730284380534	0.0
1.5668665148351153	0.4199180049208695	0.0
1.5683673448301683	0.4192620060158513	0.0
1.569868174825221	0.4186050459165929	0.0
1.5713690048202738	0.4179471388267428	0.0
1.5728698348153265	0.4172882989597624	0.0
1.5743706648103792	0.4166285405386853	0.0
1.5758714948054322	0.4159678777958895	0.0
1.577372324800485	0.415306324972862	0.0
1.5788731547955377	0.41464389631995546	0.0
1.5803739847905904	0.4139806060961462	0.0
1.5818748147856434	0.4133164685687832	0.0
1.5833756447806961	0.4126514980133754	0.0
1.584876474775749	0.41198570871333623	0.0
1.5863773047708016	0.4113191149597471	0.0
1.5878781347658544	0.4106517310511286	0.0
1.5893789647609073	0.4099835712931743	0.0
1.59087979475596	0.4093146499985535	0.0
1.5923806247510128	0.4086449814866579	0.0
1.5938814547460656	0.4079745800833383	0.0
1.5953822847411185	0.4073034601207041	0.0
1.5968831147361713	0.40663163593687257	0.0
1.598383944731224	0.40595912187571054	0.0
1.5998847747262768	0.40528593228662063	0.0
1.6013856047213295	0.404612081524307	0.0
1.6028864347163825	0.4039375839485052	0.0
1.6043872647114352	0.4032624539237622	0.0
1.605888094706488	0.40258670581922607	0.0
1.6073889247015407	0.40191035400838215	0.0
1.6088897546965937	0.40123341286879893	0.0
1.6103905846916464	0.4005558967819314	0.0
1.6118914146866992	0.39987782013285605	0.0
1.613392244681752	0.3991991973100298	0.0
1.6148930746768047	0.3985200427050669	0.0
1.6163939046718576	0.3978403707124872	0.0
1.6178947346669104	0.39716019572949257	0.0
1.619395564661963	0.3964795321557309	0.0
1.6208963946570158	0.3957983943930454	0.0
1.6223972246520688	0.3951167968452422	0.0
1.6238980546471216	0.39443475391785726	0.0
1.6253988846421743	0.3937522800179058	0.0
1.626899714637227	0.3930693895536597	0.0
1.6284005446322798	0.39238609693441145	0.0
1.6299013746273328	0.39170241657021804	0.0
1.6314022046223855	0.3910183628716628	0.0
1.6329030346174382	0.39033395024964423	0.0
1.634403864612491	0.38964919311511953	0.0
1.635904694607544	0.38896410587886365	0.0
1.6374055246025967	0.38827870295124184	0.0
1.6389063545976494	0.3875929987419654	0.0
1.6404071845927022	0.38690700765985725	0.0
1.641908014587755	0.38622074411259893	0.0
1.643408844582808	0.3855342225064989	0.0
1.6449096745778606	0.3848474572462728	0.0
1.6464105045729134	0.38416046273479276	0.0
1.6479113345679661	0.38347325337283394	0.0
1.6494121645630189	0.3827858435588507	0.0
1.6509129945580718	0.38209824768873346	0.0
1.6524138245531246	0.3814104801555837	0.0
1.6539146545481773	0.38072255534945865	0.0
1.65541548454323	0.3800344876571232	0.0
1.656916314538283	0.3793462914618379	0.0
1.6584171445333358	0.3786579811430996	0.0
1.6599179745283885	0.37796957107640217	0.0
1.6614188045234413	0.377281075633009	0.0
1.662919634518494	0.3765925091797081	0.0
1.664420464513547	0.37590388607856784	0.0
1.6659212945085997	0.3752152206867065	0.0
1.6674221245036525	0.3745265273560442	0.0
1.6689229544987052	0.3738378204330573	0.0
1.6704237844937582	0.3731491142585436	0.0
1.671924614488811	0.3724604231673851	0.0
1.6734254444838637	0.3717717614883116	0.0
1.6749262744789164	0.3710831435436541	0.0
1.6764271044739691	0.37039458364909567	0.0
1.677927934469022	0.3697060961134492	0.0
1.6794287644640749	0.36901769523840977	0.0
1.6809295944591276	0.3683293953182946	0.0
1.6824304244541803	0.3676412106398178	0.0
1.6839312544492333	0.36695315548185753	0.0
1.685432084444286	0.36626524411520683	0.0
1.6869329144393388	0.365577490802318	0.0
1.6884337444343915	0.36488990979708086	0.0
1.6899345744294443	0.36420251534457126	0.0
1.6914354044244972	0.36351532168081246	0.0
1.69293623441955	0.3628283430325274	0.0
1.6944370644146027	0.36214159361690335	0.0
1.6959378944096555	0.3614550876413507	0.0
1.6974387244047084	0.36076883930324594	0.0
1.6989395543997612	0.36008286278970986	0.0
1.700440384394814	0.35939717227735035	0.0
1.7019412143898667	0.3587117819320089	0.0
1.7034420443849194	0.35802670590854513	0.0
1.7049428743799724	0.3573419583505884	0.0
1.7064437043750251	0.35665755339027	0.0
1.7079445343700779	0.3559735051479996	0.0
1.7094453643651306	0.355289827732226	0.0
1.7109461943601834	0.3546065352391816	0.0
1.7124470243552363	0.35392364175264623	0.0
1.713947854350289	0.3532411613437033	0.0
1.7154486843453418	0.3525591080704784	0.0
1.7169495143403946	0.3518774959779059	0.0
1.7184503443354475	0.3511963390975056	0.0
1.7199511743305003	0.350515651447126	0.0
1.721452004325553	0.34983544703068487	0.0
1.7229528343206058	0.34915573983794035	0.0
1.7244536643156585	0.34847654384424476	0.0
1.7259544943107115	0.3477978730102839	0.0
1.7274553243057642	0.34711974128185236	0.0
1.728956154300817	0.3464421625896049	0.0
1.7304569842958697	0.3457651508488047	0.0
1.7319578142909227	0.3450887199591	0.0
1.7334586442859754	0.34441288380425933	0.0
1.7349594742810281	0.343737656251921	0.0
1.736460304276081	0.34306305115335806	0.0
1.7379611342711336	0.3423890823432342	0.0
1.7394619642661866	0.3417157636393671	0.0
1.7409627942612393	0.3410431088424646	0.0
1.742463624256292	0.3403711317358885	0.0
1.7439644542513448	0.3396998460854156	0.0
1.7454652842463978	0.3390292656389928	0.0
1.7469661142414505	0.33835940412648735	0.0
1.7484669442365033	0.3376902752594361	0.0
1.749967774231556	0.337021892730808	0.0
1.7514686042266088	0.3363542702147564	0.0
1.7529694342216617	0.3356874213663813	0.0
1.7544702642167145	0.33502135982147674	0.0
1.7559710942117672	0.3343560991962893	0.0
1.75747192420682	0.33369165308727483	0.0
1.758972754201873	0.3330280350708491	0.0
1.7604735841969257	0.3323652587031447	0.0
1.7619744141919784	0.33170333751977593	0.0
1.7634752441870312	0.3310422850355885	0.0
1.764976074182084	0.33038211474440193	0.0
1.7664769041771369	0.3297228401187804	0.0
1.7679777341721896	0.3290644746097898	0.0
1.7694785641672424	0.328407031646744	0.0
1.770979394162295	0.32775052463697607	0.0
1.7724802241573479	0.3270949669655831	0.0
1.7739810541524008	0.3264403719951827	0.0
1.7754818841474536	0.32578675306566607	0.0
1.7769827141425063	0.3251341234939639	0.0
1.778483544137559	0.3244824965738067	0.0
1.779984374132612	0.3238318855754654	0.0
1.7814852041276648	0.3231823037455315	0.0
1.7829860341227175	0.3225337643066524	0.0
1.7844868641177702	0.3218862804572963	0.0
1.785987694112823	0.3212398653715198	0.0
1.787488524107876	0.3205945321987214	0.0
1.7889893541029287	0.31995029406339054	0.0
1.7904901840979814	0.31930716406488335	0.0
1.7919910140930342	0.3186651552771737	0.0
1.7934918440880872	0.3180242807485909	0.0
1.79499267408314	0.31738455350161227	0.0
1.7964935040781926	0.31674598653261493	0.0
1.7979943340732454	0.3161085928116302	0.0
1.7994951640682981	0.31547238528209903	0.0
1.800995994063351	0.31483737686064067	0.0
1.8024968240584038	0.31420358043681246	0.0
1.8039976540534566	0.3135710088728728	0.0
1.8054984840485093	0.312939675003543	0.0
1.8069993140435623	0.31230959163576405	0.0
1.808500144038615	0.3116807715484662	0.0
1.8100009740336678	0.31105322749233105	0.0
1.8115018040287205	0.31042697218955134	0.0
1.8130026340237733	0.30980201833358606	0.0
1.8145034640188262	0.3091783785889412	0.0
1.816004294013879	0.30855606559093757	0.0
1.8175051240089317	0.3079350919454605	0.0
1.8190059540039845	0.307315470228729	0.0
1.8205067839990374	0.3066972129870698	0.0
1.8220076139940902	0.30608033273667695	0.0
1.823508443989143	0.3054648419633785	0.0
1.8250092739841957	0.30485075312240945	0.0
1.8265101039792484	0.3042380786381704	0.0
1.8280109339743014	0.3036268309040104	0.0
1.829511763969354	0.3030170222819872	0.0
1.8310125939644069	0.3024086651026333	0.0
1.8325134239594596	0.3018017716647318	0.0
1.8340142539545126	0.30119635423508767	0.0
1.8355150839495653	0.30059242504830763	0.0
1.837015913944618	0.2999899963065462	0.0
1.8385167439396708	0.29938908017929283	0.0
1.8400175739347235	0.2987896888031663	0.0
1.8415184039297765	0.29819183428166357	0.0
1.8430192339248292	0.29759552868493155	0.0
1.844520063919882	0.29700078404956026	0.0
1.8460208939149347	0.2964076123783446	0.0
1.8475217239099875	0.2958160256400601	0.0
1.8490225539050404	0.29522603576925577	0.0
1.8505233839000932	0.29463765466602154	0.0
1.852024213895146	0.29405089419575964	0.0
1.8535250438901987	0.2934657661889725	0.0
1.8550258738852516	0.29288228244104975	0.0
1.8565267038803044	0.2923004547120457	0.0
1.8580275338753571	0.29172029472645217	0.0
1.8595283638704099	0.291141814172988	0.0
1.8610291938654626	0.29056502470437456	0.0
1.8625300238605156	0.28998993793712124	0.0
1.8640308538555683	0.2894165654513214	0.0
1.865531683850621	0.2888449187904311	0.0
1.8670325138456738	0.28827500946105206	0.0
1.8685333438407268	0.2877068489327275	0.0
1.8700341738357795	0.2871404486377296	0.0
1.8715350038308323	0.28657581997084214	0.0
1.873035833825885	0.28601297428914335	0.0
1.8745366638209378	0.2854519229118066	0.0
1.8760374938159907	0.2848926771198997	0.0
1.8775383238110435	0.2843352481561606	0.0
1.8790391538060962	0.28377964722480054	0.0
1.880539983801149	0.283225885491304	0.0
1.882040813796202	0.28267397408222095	0.0
1.8835416437912547	0.2821239240849521	0.0
1.8850424737863074	0.2815757465475533	0.0
1.8865433037813601	0.2810294524785338	0.0
1.888044133776413	0.2804850528466545	0.0
1.8895449637714659	0.27994255858073264	0.0
1.8910457937665186	0.27940198056943955	0.0
1.8925466237615713	0.27886332966110255	0.0
1.894047453756624	0.27832661666351066	0.0
1.895548283751677	0.2777918523437155	0.0
1.8970491137467298	0.27725904742783186	0.0
1.8985499437417825	0.2767282126008582	0.0
1.9000507737368353	0.2761993585064766	0.0
1.901551603731888	0.27567249574685204	0.0
1.903052433726941	0.2751476348824526	0.0
1.9045532637219937	0.2746247864318611	0.0
1.9060540937170465	0.2741039608715836	0.0
1.9075549237120992	0.27358516863585686	0.0
1.909055753707152	0.2730684201164667	0.0
1.910556583702205	0.27255372566256797	0.0
1.9120574136972577	0.2720410955804958	0.0
1.9135582436923104	0.2715305401335777	0.0
1.9150590736873632	0.2710220695419572	0.0
1.9165599036824161	0.2705156939824161	0.0
1.9180607336774689	0.2700114235881978	0.0
1.9195615636725216	0.26950926844882245	0.0
1.9210623936675744	0.26900923860990233	0.0
1.922563223662627	0.2685113440729733	0.0
1.92406405365768	0.268015594795328	0.0
1.9255648836527328	0.26752200068983223	0.0
1.9270657136477856	0.2670305716247567	0.0
1.9285665436428383	0.2665413174236073	0.0
1.9300673736378913	0.2660542478649517	0.0
1.931568203632944	0.2655693726822551	0.0
1.9330690336279968	0.26508670156370295	0.0
1.9345698636230495	0.26460624415204137	0.0
1.9360706936181022	0.26412801004441205	0.0
1.9375715236131552	0.26365200879219003	0.0
1.939072353608208	0.26317824990082095	0.0
1.9405731836032607	0.26270674282965795	0.0
1.9420740135983134	0.26223749699179916	0.0
1.9435748435933664	0.26177052175392884	0.0
1.9450756735884192	0.2613058264361639	0.0
1.946576503583472	0.2608434203118963	0.0
1.9480773335785246	0.26038331260763736	0.0
1.9495781635735774	0.2599255125028622	0.0
1.9510789935686303	0.25947002912986067	0.0
1.952579823563683	0.25901687157358305	0.0
1.9540806535587358	0.25856604887149154	0.0
1.9555814835537886	0.2581175700134124	0.0
1.9570823135488415	0.2576714439413857	0.0
1.9585831435438943	0.25722767954952336	0.0
1.960083973538947	0.2567862856838582	0.0
1.9615848035339998	0.2563472711422035	0.0
1.9630856335290525	0.2559106446740134	0.0
1.9645864635241055	0.2554764149802398	0.0
1.9660872935191582	0.2550445907131924	0.0
1.967588123514211	0.254615180476397	0.0
1.9690889535092637	0.2541881928244633	0.0
1.9705897835043167	0.253763636262947	0.0
1.9720906134993694	0.25334151924821935	0.0
1.9735914434944222	0.25292185018733243	0.0
1.975092273489475	0.25250463743787965	0.0
1.9765931034845277	0.25208988930787735	0.0
1.9780939334795806	0.25167761405562616	0.0
1.9795947634746334	0.25126781988958274	0.0
1.9810955934696861	0.2508605149682436	0.0
1.9825964234647389	0.2504557074000079	0.0
1.9840972534597916	0.25005340524306247	0.0
1.9855980834548446	0.24965361650525492	0.0
1.9870989134498973	0.24925634914397105	0.0
1.98859974344495	0.24886161106601715	0.0
1.9901005734400028	0.24846941012749874	0.0
1.9916014034350558	0.24807975413370778	0.0
1.9931022334301085	0.2476926508390028	0.0
1.9946030634251612	0.2473081079466976	0.0
1.996103893420214	0.24692613310894582	0.0
1.9976047234152667	0.24654673392662738	0.0
1.9991055534103197	0.24616991794923457	0.0
2.0006063834053722	0.24579569267477228	0.0
2.0021072134004254	0.24542301431963187	0.0
2.003608043395478	0.24505399274326797	0.0
2.005108873390531	0.24468758405854854	0.0
2.0066097033855836	0.24432379555643796	0.0
2.0081105333806364	0.24396263447587857	0.0
2.009611363375689	0.2436041080036879	0.0
2.011112193370742	0.24324822327446297	0.0
2.0126130233657946	0.2428949873704768	0.0
2.0141138533608474	0.2425437815623822	0.0
2.0156146833559005	0.2421947940386358	0.0
2.0171155133509533	0.2418495465897901	0.0
2.018616343346006	0.2415069757777612	0.0
2.020117173341059	0.24116708842176687	0.0
2.0216180033361115	0.24082989128813564	0.0
2.0231188333311643	0.24049539109022108	0.0
2.024619663326217	0.2401635944883014	0.0
2.0261204933212698	0.23983450808949353	0.0
2.0276213233163225	0.23950750488703162	0.0
2.0291221533113757	0.23918277037433905	0.0
2.0306229833064284	0.2388618537053496	0.0
2.032123813301481	0.23854367314243063	0.0
2.033624643296534	0.23822823502564652	0.0
2.0351254732915867	0.23791554564140618	0.0
2.0366263032866394	0.23760561122238041	0.0
2.038127133281692	0.23729843794742006	0.0
2.039627963276745	0.2369940319414895	0.0
2.0411287932717976	0.2366917584687507	0.0
2.042629623266851	0.23639180048708275	0.0
2.0441304532619036	0.23609573250874374	0.0
2.0456312832569563	0.2358024557667576	0.0
2.047132113252009	0.2355119761155225	0.0
2.048632943247062	0.23522429935511605	0.0
2.0501337732421145	0.2349394312312283	0.0
2.0516346032371673	0.23465737743508114	0.0
2.05313543323222	0.23437814360337111	0.0
2.0546362632272728	0.23410108782649502	0.0
2.056137093222326	0.23382639069047614	0.0
2.0576379232173787	0.23355565003691903	0.0
2.0591387532124314	0.23328775135601174	0.0
2.060639583207484	0.2330227000108717	0.0
2.062140413202537	0.23276050130971818	0.0
2.0636412431975897	0.23250116050582478	0.0
2.0651420731926424	0.2322446827974492	0.0
2.066642903187695	0.23199107332777275	0.0
2.068143733182748	0.23173968357460908	0.0
2.069644563177801	0.23149069191969587	0.0
2.071145393172854	0.23124571748473974	0.0
2.0726462231679066	0.23100363131753654	0.0
2.0741470531629593	0.23076443828513837	0.0
2.075647883158012	0.23052814319921702	0.0
2.077148713153065	0.2302947508160244	0.0
2.0786495431481176	0.23006426583633843	0.0
2.0801503731431703	0.22983669290541647	0.0
2.081651203138223	0.22961203661295368	0.0
2.083152033133276	0.22938964175353624	0.0
2.084652863128329	0.22916968446072145	0.0
2.0861536931233817	0.2289538050766192	0.0
2.0876545231184345	0.22874086014140071	0.0
2.089155353113487	0.22853085396630096	0.0
2.09065618310854	0.22832379080675216	0.0
2.0921570131035927	0.22811967486232954	0.0
2.0936578430986454	0.22791851027673013	0.0
2.095158673093698	0.22772030113773442	0.0
2.096659503088751	0.22752438682689582	0.0
2.098160333083804	0.22733094163866	0.0
2.099661163078857	0.22714162281759437	0.0
2.1011619930739096	0.2269552752425502	0.0
2.1026628230689623	0.22677190272119999	0.0
2.104163653064015	0.22659150900510136	0.0
2.105664483059068	0.22641409778966373	0.0
2.1071653130541206	0.22623967271412496	0.0
2.1086661430491733	0.2260682373615287	0.0
2.110166973044226	0.22589912627364642	0.0
2.1116678030392793	0.22573251208353212	0.0
2.113168633034332	0.22557006684694697	0.0
2.1146694630293847	0.2254106251112631	0.0
2.1161702930244375	0.22525419017815482	0.0
2.1176711230194902	0.2251007652929596	0.0
2.119171953014543	0.22495035364465316	0.0
2.1206727830095957	0.22480295836582995	0.0
2.1221736130046485	0.2246585825326813	0.0
2.123674442999701	0.22451655642251847	0.0
2.1251752729947544	0.22437705118734927	0.0
2.126676102989807	0.22424175159544732	0.0
2.12817693298486	0.22410948319795615	0.0
2.1296777629799126	0.2239802487888091	0.0
2.1311785929749654	0.22385405110544204	0.0
2.132679422970018	0.22373089282877756	0.0
2.134180252965071	0.22361077658322304	0.0
2.1356810829601236	0.22349370493665133	0.0
2.1371819129551763	0.2233790044785819	0.0
2.1386827429502295	0.22326684506264433	0.0
2.1401835729452823	0.22315892206618884	0.0
2.141684402940335	0.22305405338304943	0.0
2.1431852329353878	0.22295224129828964	0.0
2.1446860629304405	0.2228534880403866	0.0
2.1461868929254933	0.22275779578122565	0.0
2.147687722920546	0.22266516663610025	0.0
2.1491885529155987	0.22257560266370613	0.0
2.1506893829106515	0.22248842734306923	0.0
2.1521902129057047	0.22240380941410234	0.0
2.1536910429007574	0.22232345275750443	0.0
2.15519187289581	0.22224616895077934	0.0
2.156692702890863	0.22217195976958592	0.0
2.1581935328859156	0.22210082693297684	0.0
2.1596943628809684	0.22203277210339542	0.0
2.161195192876021	0.22196779688667784	0.0
2.162696022871074	0.22190590283205958	0.0
2.1641968528661266	0.22184641088536847	0.0
2.16569768286118	0.22178948885916291	0.0
2.1671985128562326	0.221736847031773	0.0
2.1686993428512853	0.221687292005903	0.0
2.170200172846338	0.22164082504783475	0.0
2.171701002841391	0.22159744736727302	0.0
2.1732018328364435	0.2215571601173598	0.0
2.1747026628314963	0.22151996439467722	0.0
2.176203492826549	0.22148586123925937	0.0
2.1777043228216018	0.22145416964047632	0.0
2.179205152816655	0.2214250566712825	0.0
2.1807059828117077	0.2214002369040894	0.0
2.1822068128067604	0.22137851330749903	0.0
2.183707642801813	0.22135988663896175	0.0
2.185208472796866	0.22134435759944351	0.0
2.1867093027919187	0.22133192683344793	0.0
2.1882101327869714	0.22132259492903733	0.0
2.189710962782024	0.22131636241783006	0.0
2.191211792777077	0.2213125469083523	0.0
2.19271262277213	0.22131131492280204	0.0
2.194213452767183	0.2213143832283362	0.0
2.1957142827622356	0.2213205524979848	0.0
2.1972151127572883	0.221329822981434	0.0
2.198715942752341	0.22134219487204013	0.0
2.200216772747394	0.22135766830684456	0.0
2.2017176027424465	0.22137624336659645	0.0
2.2032184327374993	0.22139792007578046	0.0
2.204719262732552	0.22142201523611946	0.0
2.2062200927276048	0.22144869500869582	0.0
2.207720922722658	0.2214784762061565	0.0
2.2092217527177107	0.2215125586587339	0.0
2.2107225827127635	0.22154974205378888	0.0
2.212223412707816	0.2215900260786599	0.0
2.213724242702869	0.22163341036459452	0.0
2.2152250726979217	0.2216798944867653	0.0
2.2167259026929744	0.22172947796428522	0.0
2.218226732688027	0.22178216026024924	0.0
2.21972756268308	0.22183725795061365	0.0
2.221228392678133	0.22189493701752236	0.0
2.222729222673186	0.22195691199916312	0.0
2.2242300526682386	0.22202198310047777	0.0
2.2257308826632913	0.22209014950489317	0.0
2.227231712658344	0.22216141034000103	0.0
2.228732542653397	0.22223576467758901	0.0
2.2302333726484496	0.22231321153366887	0.0
2.2317342026435023	0.22239374986850602	0.0
2.233235032638555	0.22247669665570877	0.0
2.2347358626336082	0.22256221791802355	0.0
2.236236692628661	0.22265202390537916	0.0
2.2377375226237137	0.22274491666432422	0.0
2.2392383526187665	0.22284089487695552	0.0
2.240739182613819	0.22293995716984683	0.0
2.242240012608872	0.22304210211409137	0.0
2.2437408426039247	0.22314732822533107	0.0
2.2452416725989774	0.22325563396380588	0.0
2.24674250259403	0.22336633726686983	0.0
2.2482433325890834	0.2234796043882125	0.0
2.249744162584136	0.22359713922791546	0.0
2.251244992579189	0.2237177469910332	0.0
2.2527458225742416	0.2238414258614036	0.0
2.2542466525692944	0.22396817396772237	0.0
2.255747482564347	0.224097989383577	0.0
2.2572483125594	0.22423087012749007	0.0
2.2587491425544526	0.22436681416297805	0.0
2.2602499725495053	0.22450514095372046	0.0
2.2617508025445585	0.22464601717436117	0.0
2.2632516325396113	0.22479113832769643	0.0
2.264752462534664	0.22493931408588758	0.0
2.2662532925297167	0.2250905421381032	0.0
2.2677541225247695	0.22524482011879626	0.0
2.2692549525198222	0.2254021456077547	0.0
2.270755782514875	0.22556251613014133	0.0
2.2722566125099277	0.22572592915655657	0.0
2.2737574425049805	0.22589170623563765	0.0
2.2752582725000337	0.22606001465240502	0.0
2.2767591024950864	0.2262325394811422	0.0
2.278259932490139	0.22640809616016003	0.0
2.279760762485192	0.22658668188806744	0.0
2.2812615924802446	0.22676829380924982	0.0
2.2827624224752974	0.2269529290139298	0.0
2.28426325247035	0.2271405845382123	0.0
2.285764082465403	0.2273312573641459	0.0
2.2872649124604556	0.2275242716794637	0.0
2.288765742455509	0.22771979556814184	0.0
2.2902665724505615	0.2279195016631004	0.0
2.2917674024456143	0.22812221245696238	0.0
2.293268232440667	0.22832792466245813	0.0
2.2947690624357198	0.2285366349386406	0.0
2.2962698924307725	0.22874833989094773	0.0
2.2977707224258253	0.22896303607128593	0.0
2.299271552420878	0.2291807199780882	0.0
2.3007723824159307	0.22940071898731054	0.0
2.302273212410984	0.22962320216938537	0.0
2.3037740424060367	0.22984982772370482	0.0
2.3052748724010894	0.23007942647309837	0.0
2.306775702396142	0.2303119946496551	0.0
2.308276532391195	0.23054752843242016	0.0
2.3097773623862476	0.2307860239474608	0.0
2.3112781923813004	0.2310274772679344	0.0
2.312779022376353	0.2312718844141692	0.0
2.314279852371406	0.23151857649384766	0.0
2.315780682366459	0.2317677237500483	0.0
2.317281512361512	0.23202096797958469	0.0
2.3187823423565646	0.23227714959762785	0.0
2.3202831723516173	0.23253626436151176	0.0
2.32178400234667	0.2327983079762148	0.0
2.323284832341723	0.2330632760944308	0.0
2.3247856623367755	0.23333116431666082	0.0
2.3262864923318283	0.2336019681912896	0.0
2.327787322326881	0.23387502309497754	0.0
2.329288152321934	0.23415050062806567	0.0
2.330788982316987	0.23443002424142453	0.0
2.3322898123120397	0.23471244518940484	0.0
2.3337906423070924	0.2349977587611079	0.0
2.335291472302145	0.23528596019403866	0.0
2.336792302297198	0.2355770446741917	0.0
2.3382931322922507	0.23587100733615474	0.0
2.3397939622873034	0.23616784326318754	0.0
2.341294792282356	0.23646689263123283	0.0
2.342795622277409	0.23676832858073338	0.0
2.344296452272462	0.23707262421240216	0.0
2.345797282267515	0.2373809030332991	0.0
2.3472981122625676	0.23769202978216747	0.0
2.3487989422576203	0.23800599923631713	0.0
2.350299772252673	0.23832280612241438	0.0
2.351800602247726	0.2386424451165682	0.0
2.3533014322427785	0.23896491084443372	0.0
2.3548022622378313	0.23929019788132203	0.0
2.356303092232884	0.23961765234830784	0.0
2.357803922227937	0.2399474493083198	0.0
2.35930475222299	0.24028116723307014	0.0
2.3608055822180427	0.2406176842746164	0.0
2.3623064122130955	0.2409569947580818	0.0
2.363807242208148	0.24129909295887533	0.0
2.365308072203201	0.2416439731028013	0.0
2.3668089021982537	0.24199162936615828	0.0
2.3683097321933064	0.24234205587586488	0.0
2.369810562188359	0.2426946046455735	0.0
2.3713113921834124	0.24304945265739433	0.0
2.372812222178465	0.24340815418623005	0.0
2.374313052173518	0.2437696019853319	0.0
2.3758138821685706	0.24413378993639365	0.0
2.3773147121636233	0.24450071187240607	0.0
2.378815542158676	0.24487036157777875	0.0
2.380316372153729	0.24524273278846534	0.0
2.3818172021487816	0.24561781919208328	0.0
2.3833180321438343	0.24599497919854568	0.0
2.3848188621388875	0.2463743918849551	0.0
2.3863196921339402	0.24675758552212423	0.0
2.387820522128993	0.24714346862950318	0.0
2.3893213521240457	0.24753203465486084	0.0
2.3908221821190985	0.24792327699838618	0.0
2.392323012114151	0.2483171890127983	0.0
2.393823842109204	0.2487137640034807	0.0
2.3953246721042567	0.24911299522861993	0.0
2.3968255020993094	0.2495142479877267	0.0
2.3983263320943626	0.24991770362599844	0.0
2.3998271620894154	0.2503248626440339	0.0
2.401327992084468	0.25073465046751986	0.0
2.402828822079521	0.25114706012062993	0.0
2.4043296520745736	0.25156208458113455	0.0
2.4058304820696264	0.25197971678054715	0.0
2.407331312064679	0.25239994960426265	0.0
2.408832142059732	0.2528227758917044	0.0
2.4103329720547846	0.25324756831403555	0.0
2.4118338020498378	0.2536745106546908	0.0
2.4133346320448905	0.2541050739224896	0.0
2.4148354620399433	0.2545382015622806	0.0
2.416336292034996	0.2549738861857381	0.0
2.4178371220300487	0.2554121203594252	0.0
2.4193379520251015	0.2558528966049445	0.0
2.4208387820201542	0.2562962073990864	0.0
2.422339612015207	0.25674204517396876	0.0
2.4238404420102597	0.25718979044221163	0.0
2.425341272005313	0.2576396295924804	0.0
2.4268421020003657	0.25809300246812533	0.0
2.4283429319954184	0.25854887161681317	0.0
2.429843761990471	0.25900722924964054	0.0
2.431344591985524	0.2594680675339673	0.0
2.4328454219805766	0.25993137859357895	0.0
2.4343462519756294	0.26039715450884077	0.0
2.435847081970682	0.2608653873168494	0.0
2.437347911965735	0.2613354658282696	0.0
2.438848741960788	0.2618075792005688	0.0
2.440349571955841	0.2622831344892298	0.0
2.4418504019508935	0.2627611143969433	0.0
2.4433512319459463	0.26324151074695123	0.0
2.444852061940999	0.2637243153202156	0.0
2.4463528919360518	0.2642095198555887	0.0
2.4478537219311045	0.26469711604998564	0.0
2.4493545519261573	0.265187095558561	0.0
2.45085538192121	0.2656788559323726	0.0
2.452356211916263	0.26617258925764126	0.0
2.453857041911316	0.2666696682342749	0.0
2.4553578719063687	0.26716909673852124	0.0
2.4568587019014214	0.26767086621926367	0.0
2.458359531896474	0.268174968084649	0.0
2.459860361891527	0.2686813937022738	0.0
2.4613611918865796	0.26919013439936873	0.0
2.4628620218816324	0.2697011814629638	0.0
2.464362851876685	0.2702139416116937	0.0
2.4658636818717383	0.2707286100166505	0.0
2.467364511866791	0.2712465235123293	0.0
2.468865341861844	0.2717667081312921	0.0
2.4703661718568966	0.27228915496232037	0.0
2.4718670018519493	0.2728138550550954	0.0
2.473367831847002	0.27334079942038886	0.0
2.474868661842055	0.2738699790302478	0.0
2.4763694918371075	0.2744013848181824	0.0
2.4778703218321603	0.2749344330814042	0.0
2.479371151827213	0.2754693222278795	0.0
2.480871981822266	0.2760064127908652	0.0
2.482372811817319	0.2765466318825408	0.0
2.4838736418123717	0.27708903125947587	0.0
2.4853744718074244	0.2776336016279534	0.0
2.486875301802477	0.27818033365706124	0.0
2.48837613179753	0.27872921797889233	0.0
2.4898769617925827	0.2792802451887358	0.0
2.4913777917876354	0.27983340584526095	0.0
2.492878621782688	0.2803881273498017	0.0
2.4943794517777413	0.28094461187933184	0.0
2.495880281772794	0.2815041158740923	0.0
2.497381111767847	0.2820657151948182	0.0
2.4988819417628996	0.28262940022013777	0.0
2.5003827717579523	0.28319516129328925	0.0
2.501883601753005	0.28376298872230427	0.0
2.503384431748058	0.2843328727802026	0.0
2.5048852617431105	0.28490480370521887	0.0
2.5063860917381633	0.28547821928782474	0.0
2.5078869217332165	0.28605332524836935	0.0
2.5093877517282692	0.286631337868292	0.0
2.510888581723322	0.2872113579709504	0.0
2.5123894117183747	0.28779337562371077	0.0
2.5138902417134275	0.2883773808603924	0.0
2.51539107170848	0.2889633636814734	0.0
2.516891901703533	0.28955131405430096	0.0
2.5183927316985857	0.29014122191331354	0.0
2.5198935616936384	0.29073253579320635	0.0
2.5213943916886916	0.29132546509556695	0.0
2.5228952216837444	0.29192118470252765	0.0
2.524396051678797	0.29251882121482253	0.0
2.52589688167385	0.2931183644055004	0.0
2.5273977116689026	0.29371980401597847	0.0
2.5288985416639553	0.2943231297562619	0.0
2.530399371659008	0.294928331305154	0.0
2.531900201654061	0.29553539831047615	0.0
2.5334010316491136	0.29614379038665045	0.0
2.5349018616441668	0.2967537207493538	0.0
2.5364026916392195	0.29736632171286276	0.0
2.5379035216342722	0.2979807464247895	0.0
2.539404351629325	0.2985969843813273	0.0
2.5409051816243777	0.29921502504900777	0.0
2.5424060116194305	0.2998348578649242	0.0
2.543906841614483	0.30045647223694627	0.0
2.545407671609536	0.3010798575439437	0.0
2.5469085016045887	0.3017044847953501	0.0
2.548409331599642	0.30233057114856976	0.0
2.5499101615946946	0.30295920525540815	0.0
2.5514109915897474	0.30358956753318894	0.0
2.5529118215848	0.3042216472191524	0.0
2.554412651579853	0.3048554335228921	0.0
2.5559134815749056	0.3054909156265667	0.0
2.5574143115699584	0.3061280826851419	0.0
2.558915141565011	0.30676692382662024	0.0
2.560415971560064	0.3074069217499218	0.0
2.561916801555117	0.30804829767637476	0.0
2.5634176315501698	0.30869209557631966	0.0
2.5649184615452225	0.30933752381178525	0.0
2.5664192915402753	0.3099845713793261	0.0
2.567920121535328	0.3106332272498946	0.0
2.5694209515303807	0.3112834803690717	0.0
2.5709217815254335	0.3119353196573071	0.0
2.5724226115204862	0.31258873401012804	0.0
2.573923441515539	0.31324321808916555	0.0
2.575424271510592	0.31389899729621457	0.0
2.576925101505645	0.3145570699780996	0.0
2.5784259315006977	0.31521667306777085	0.0
2.5799267614957504	0.3158777953396517	0.0
2.581427591490803	0.3165404255446507	0.0
2.582928421485856	0.3172045524103847	0.0
2.5844292514809086	0.31787016464140083	0.0
2.5859300814759614	0.3185372509194178	0.0
2.587430911471014	0.3192053181204041	0.0
2.5889317414660673	0.31987459593734496	0.0
2.59043257146112	0.32054603622947847	0.0
2.591933401456173	0.3212189050772933	0.0
2.5934342314512255	0.3218931910518583	0.0
2.5949350614462783	0.32256888270281603	0.0
2.596435891441331	0.3232459685586158	0.0
2.5979367214363838	0.32392443712675184	0.0
2.5994375514314365	0.3246042768939878	0.0
2.6009383814264893	0.3252850071803797	0.0
2.6024392114215424	0.32596686207481357	0.0
2.603940041416595	0.32665074616349005	0.0
2.605440871411648	0.3273359552009497	0.0
2.6069417014067007	0.3280224775738365	0.0
2.6084425314017534	0.3287103016494587	0.0
2.609943361396806	0.3293994157760446	0.0
2.611444191391859	0.33008980828297474	0.0
2.6129450213869116	0.3307814674810095	0.0
2.6144458513819644	0.33147438166252297	0.0
2.615946681377017	0.33216808421699673	0.0
2.6174475113720703	0.33286281423302466	0.0
2.618948341367123	0.33355942294598595	0.0
2.620449171362176	0.3342572396378119	0.0
2.6219500013572286	0.33495625251247935	0.0
2.6234508313522813	0.3356564497569824	0.0
2.624951661347334	0.33635781954158595	0.0
2.626452491342387	0.3370603500200472	0.0
2.6279533213374395	0.3377640293298537	0.0
2.6294541513324923	0.3384684037172171	0.0
2.6309549813275455	0.33917371686716297	0.0
2.632455811322598	0.3398807713435072	0.0
2.633956641317651	0.34058892704790195	0.0
2.6354574713127037	0.3412981720399794	0.0
2.6369583013077564	0.3420084943645012	0.0
2.638459131302809	0.34271988205159354	0.0
2.639959961297862	0.34343232311698435	0.0
2.6414607912929147	0.3441458055622297	0.0
2.6429616212879674	0.34485988865141554	0.0
2.6444624512830206	0.34557482075098667	0.0
2.6459632812780733	0.34629135521351273	0.0
2.647464111273126	0.34700888292971466	0.0
2.648964941268179	0.34772739183380713	0.0
2.6504657712632316	0.3484468698472289	0.0
2.6519666012582843	0.34916730487887837	0.0
2.653467431253337	0.34988868482534075	0.0
2.65496826124839	0.350610997571119	0.0
2.6564690912434425	0.35133381553744103	0.0
2.6579699212384957	0.3520573918504969	0.0
2.6594707512335485	0.3527824301902953	0.0
2.6609715812286012	0.3535083527557384	0.0
2.662472411223654	0.35423514737441575	0.0
2.6639732412187067	0.35496280186322576	0.0
2.6654740712137595	0.3556913040286146	0.0
2.666974901208812	0.356420641666791	0.0
2.668475731203865	0.3571508025639548	0.0
2.6699765611989177	0.35788137241602946	0.0
2.671477391193971	0.3586126091805564	0.0
2.6729782211890236	0.35934516648132614	0.0
2.6744790511840764	0.3600784980946587	0.0
2.675979881179129	0.36081259176017816	0.0
2.677480711174182	0.36154743520887517	0.0
2.6789815411692346	0.3622830161633244	0.0
2.6804823711642873	0.3630193223379318	0.0
2.68198320115934	0.3637563414391564	0.0
2.683484031154393	0.3644936725337704	0.0
2.684984861149446	0.3652315784754595	0.0
2.6864856911444988	0.36597066252489197	0.0
2.6879865211395515	0.3667104102557648	0.0
2.6894873511346042	0.3674508093381739	0.0
2.690988181129657	0.36819184743560857	0.0
2.6924890111247097	0.3689335122051805	0.0
2.6939898411197625	0.3696757912978647	0.0
2.695490671114815	0.3704186723587042	0.0
2.696991501109868	0.3711617679003617	0.0
2.698492331104921	0.3719053457305444	0.0
2.699993161099974	0.3726499585156673	0.0
2.7014939910950266	0.37339512379813106	0.0
2.7029948210900794	0.3741408291966911	0.0
2.704495651085132	0.37488706232551827	0.0
2.705996481080185	0.37563381079442054	0.0
2.7074973110752376	0.37638106220904494	0.0
2.7089981410702904	0.37712880417111677	0.0
2.710498971065343	0.3778766626935341	0.0
2.7119998010603963	0.3786249105889512	0.0
2.713500631055449	0.37937404977297995	0.0
2.7150014610505018	0.38012362988010745	0.0
2.7165022910455545	0.3808736384957144	0.0
2.7180031210406073	0.38162406320257297	0.0
2.71950395103566	0.38237489158106214	0.0
2.7210047810307127	0.38312611120938445	0.0
2.7225056110257655	0.383877709663802	0.0
2.7240064410208182	0.384629326491441	0.0
2.7255072710158714	0.3853812395538317	0.0
2.727008101010924	0.38613389993264197	0.0
2.728508931005977	0.38688688943067806	0.0
2.7300097610010297	0.3876401956176491	0.0
2.7315105909960824	0.38839380606259927	0.0
2.733011420991135	0.3891477083341152	0.0
2.734512250986188	0.389901890000551	0.0
2.7360130809812406	0.3906563386302461	0.0
2.7375139109762934	0.3914107073186281	0.0
2.7390147409713466	0.39216527901302467	0.0
2.7405155709663993	0.39292045395023156	0.0
2.742016400961452	0.3936758461313168	0.0
2.743517230956505	0.39443144312771744	0.0
2.7450180609515575	0.39518723251211685	0.0
2.7465188909466103	0.3959432018586764	0.0
2.748019720941663	0.3966993387432371	0.0
2.7495205509367158	0.3974556307435265	0.0
2.7510213809317685	0.3982120654393678	0.0
2.7525222109268213	0.398968310972644	0.0
2.7540230409218744	0.39972465597636897	0.0
2.755523870916927	0.40048144426639526	0.0
2.75702470091198	0.4012383255994429	0.0
2.7585255309070327	0.4019952875689661	0.0
2.7600263609020854	0.40275231777178794	0.0
2.761527190897138	0.4035094038083062	0.0
2.763028020892191	0.404266533282673	0.0
2.7645288508872436	0.4050236938030183	0.0
2.7660296808822964	0.40578056702564447	0.0
2.7675305108773496	0.4065374467242153	0.0
2.7690313408724023	0.4072946260782881	0.0
2.770532170867455	0.4080517869575141	0.0
2.772033000862508	0.40880891699301575	0.0
2.7735338308575606	0.4095660038211166	0.0
2.7750346608526133	0.410323035083566	0.0
2.776535490847666	0.41107999842774007	0.0
2.778036320842719	0.411836881506825	0.0
2.7795371508377715	0.41259337944621677	0.0
2.7810379808328247	0.4133497911753338	0.0
2.7825388108278775	0.4141063594435682	0.0
2.78403964082293	0.41486279812441285	0.0
2.785540470817983	0.4156190949032671	0.0
2.7870413008130357	0.4163752374725718	0.0
2.7885421308080884	0.41713121353202137	0.0
2.790042960803141	0.4178870107887537	0.0
2.791543790798194	0.41864261695756	0.0
2.7930446207932467	0.419397740569248	0.0
2.7945454507883	0.42015268571712233	0.0
2.7960462807833526	0.42090764499414446	0.0
2.7975471107784053	0.4216623641253573	0.0
2.799047940773458	0.42241683086684695	0.0
2.800548770768511	0.4231710329835753	0.0
2.8020496007635636	0.423924958249549	0.0
2.8035504307586163	0.42467859444803424	0.0
2.805051260753669	0.4254319293717626	0.0
2.806552090748722	0.42618468487520766	0.0
2.808052920743775	0.4269371702168182	0.0
2.8095537507388277	0.42768952817356154	0.0
2.8110545807338805	0.42844153612718916	0.0
2.8125554107289332	0.4291931819207135	0.0
2.814056240723986	0.42994445340779736	0.0
2.8155570707190387	0.43069533845294855	0.0
2.8170579007140915	0.43144582493173056	0.0
2.818558730709144	0.4321959007309619	0.0
2.820059560704197	0.43294530092931577	0.0
2.82156039069925	0.4336943399447809	0.0
2.823061220694303	0.43444311114470013	0.0
2.8245620506893556	0.43519142333065264	0.0
2.8260628806844084	0.4359392644486398	0.0
2.827563710679461	0.4366866224570875	0.0
2.829064540674514	0.4374334853270385	0.0
2.8305653706695666	0.4381798410423669	0.0
2.8320662006646193	0.4389256775999634	0.0
2.833567030659672	0.439670743185643	0.0
2.8350678606547253	0.4404153573645754	0.0
2.836568690649778	0.4411595645662015	0.0
2.8380695206448308	0.4419032047334727	0.0
2.8395703506398835	0.4426462659312963	0.0
2.8410711806349362	0.4433887362387674	0.0
2.842572010629989	0.44413060374936814	0.0
2.8440728406250417	0.4448718565711542	0.0
2.8455736706200945	0.44561248282696275	0.0
2.847074500615147	0.4463522436753139	0.0
2.8485753306102004	0.44709146380950987	0.0
2.850076160605253	0.4478301392576309	0.0
2.851576990600306	0.4485681407843076	0.0
2.8530778205953586	0.449305456589167	0.0
2.8545786505904114	0.45004207488776815	0.0
2.856079480585464	0.4507779839118112	0.0
2.857580310580517	0.4515131719093293	0.0
2.8590811405755696	0.45224762714487426	0.0
2.8605819705706224	0.45298112359796416	0.0
2.8620828005656755	0.45371399106436006	0.0
2.8635836305607283	0.45444617777173363	0.0
2.865084460555781	0.4551775849457905	0.0
2.8665852905508338	0.45590820093659096	0.0
2.8680861205458865	0.4566380141118804	0.0
2.8695869505409393	0.4573670128572861	0.0
2.871087780535992	0.45809518557650186	0.0
2.8725886105310448	0.4588225206914766	0.0
2.8740894405260975	0.45954880483381216	0.0
2.8755902705211502	0.46027437286955897	0.0
2.8770911005162034	0.4609990719737767	0.0
2.878591930511256	0.46172294126676766	0.0
2.880092760506309	0.46244591534735646	0.0
2.8815935905013617	0.4631679827511195	0.0
2.8830944204964144	0.46388913203322274	0.0
2.884595250491467	0.46460935176865004	0.0
2.88609608048652	0.46532863055237794	0.0
2.8875969104815726	0.4660469569995625	0.0
2.8890977404766254	0.4667641315807268	0.0
2.8905985704716786	0.4674804947500112	0.0
2.8920994004667313	0.46819589608509005	0.0
2.893600230461784	0.4689102997509255	0.0
2.895101060456837	0.46962369446649743	0.0
2.8966018904518895	0.47033606897212465	0.0
2.8981027204469423	0.4710474120296423	0.0
2.899603550441995	0.47175771242260744	0.0
2.9011043804370478	0.4724669589564979	0.0
2.9026052104321005	0.4731749643409908	0.0
2.9041060404271537	0.4738820740116204	0.0
2.9056068704222064	0.47458809202467617	0.0
2.907107700417259	0.4752930116242774	0.0
2.908608530412312	0.4759968217283302	0.0
2.9101093604073647	0.4766995112777966	0.0
2.9116101904024174	0.4774010692368948	0.0
2.91311102039747	0.47810148459329194	0.0
2.914611850392523	0.4788007463582803	0.0
2.9161126803875757	0.479498679258408	0.0
2.917613510382629	0.48019563365879575	0.0
2.9191143403776816	0.48089136895786333	0.0
2.9206151703727343	0.481585906951435	0.0
2.922116000367787	0.482279236771833	0.0
2.92361683036284	0.4829713475761693	0.0
2.9251176603578926	0.4836622285465091	0.0
2.9266184903529453	0.4843518688900688	0.0
2.928119320347998	0.48504025783941634	0.0
2.929620150343051	0.4857272318984369	0.0
2.931120980338104	0.486413146303915	0.0
2.9326218103331567	0.4870977167234679	0.0
2.9341226403282095	0.4877809929367759	0.0
2.935623470323262	0.4884629643059836	0.0
2.937124300318315	0.4891436202197397	0.0
2.9386251303133677	0.4898229500933608	0.0
2.9401259603084204	0.49050094336900735	0.0
2.941626790303473	0.49117758951590906	0.0
2.943127620298526	0.491852736558517	0.0
2.944628450293579	0.49252674454137746	0.0
2.946129280288632	0.49319928639168087	0.0
2.9476301102836846	0.49387043926470925	0.0
2.9491309402787373	0.49454019276779415	0.0
2.95063177027379	0.49520853653645336	0.0
2.952132600268843	0.4958754602345474	0.0
2.9536334302638956	0.4965409535545022	0.0
2.9551342602589483	0.49720500621751623	0.0
2.956635090254001	0.4978674774945661	0.0
2.9581359202490543	0.49852873216815374	0.0
2.959636750244107	0.499188401478433	0.0
2.9611375802391597	0.49984658930780573	0.0
2.9626384102342125	0.5005032855240005	0.0
2.9641392402292652	0.5011584800246246	0.0
2.965640070224318	0.5018121627373245	0.0
2.9671409002193707	0.5024643236199843	0.0
2.9686417302144235	0.5031149526609429	0.0
2.970142560209476	0.5037639200863635	0.0
2.9716433902045294	0.5044115953411226	0.0
2.973144220199582	0.5050575690943836	0.0
2.974645050194635	0.505701971267102	0.0
2.9761458801896876	0.5063447920025188	0.0
2.9776467101847404	0.506986021475401	0.0
2.979147540179793	0.5076256498922384	0.0
2.980648370174846	0.5082636674914275	0.0
2.9821492001698986	0.5089000645434321	0.0
2.9836500301649513	0.5095347219210338	0.0
2.9851508601600045	0.5101680136502882	0.0
2.9866516901550573	0.5107994910074928	0.0
2.98815252015011	0.5114293092237099	0.0
2.9896533501451628	0.5120574587325906	0.0
2.9911541801402155	0.5126839300009645	0.0
2.9926550101352682	0.5133087135290215	0.0
2.994155840130321	0.5139317998505072	0.0
2.9956566701253737	0.5145531795328773	0.0
2.9971575001204265	0.5151727437698199	0.0
2.9986583301154797	0.5157908710817495	0.0
3.0001591601105324	0.5164070753634347	0.0
