0.0	0.999997747512605	0.0
0.0015008299950527925	0.9999909900912394	0.0
0.003001659990105585	0.9999797278579701	0.0
0.004502489985158378	0.9999639610164834	0.0
0.00600331998021117	0.99994368985217	0.0
0.0075041499752639615	0.9999189147323005	0.0
0.009004979970316756	0.9998896361059769	0.0
0.010505809965369548	0.9998558545057652	0.0
0.01200663996042234	0.9998175705480887	0.0
0.01350746995547513	0.9997747849324139	0.0
0.015008299950527923	0.9997274984431838	0.0
0.016509129945580715	0.9996757119509609	0.0
0.01800995994063351	0.9996194264142746	0.0
0.019510789935686303	0.9995586428804473	0.0
0.021011619930739096	0.9994933624852491	0.0
0.022512449925791888	0.9994235864557391	0.0
0.02401327992084468	0.9993493161144954	0.0
0.02551410991589747	0.999270552884104	0.0
0.02701493991095026	0.9991872982973011	0.0
0.028515769906003054	0.9990995539971135	0.0
0.030016599901055846	0.9990073217244361	0.0
0.03151742989610864	0.9989106033101307	0.0
0.03301825989116143	0.9988094006742492	0.0
0.03451908988621422	0.9987037158257618	0.0
0.03601991988126702	0.9985935508625959	0.0
0.037520749876319814	0.9984789079716055	0.0
0.03902157987137261	0.9983597894282374	0.0
0.0405224098664254	0.9982361975967228	0.0
0.04202323986147819	0.9981081349298072	0.0
0.043524069856530984	0.9979756039686349	0.0
0.045024899851583776	0.9978386073427632	0.0
0.04652572984663657	0.9976971477699639	0.0
0.04802655984168936	0.9975512280561752	0.0
0.04952738983674215	0.9974008510954772	0.0
0.05102821983179494	0.9972460198698201	0.0
0.05252904982684774	0.9970867374490565	0.0
0.05402987982190052	0.9969230069905435	0.0
0.05553070981695332	0.9967548317393915	0.0
0.05703153981200611	0.9965822150281736	0.0
0.05853236980705891	0.9964051602767611	0.0
0.06003319980211169	0.9962236709923482	0.0
0.06153402979716449	0.9960377507692271	0.0
0.06303485979221728	0.9958474032885299	0.0
0.06453568978727008	0.9956526323183005	0.0
0.06603651978232286	0.9954534417133784	0.0
0.06753734977737566	0.9952498354150645	0.0
0.06903817977242845	0.9950418174511627	0.0
0.07053900976748124	0.9948293919356285	0.0
0.07203983976253404	0.994612563068672	0.0
0.07354066975758683	0.994391335136437	0.0
0.07504149975263963	0.9941657125109058	0.0
0.07654232974769241	0.9939356996498078	0.0
0.07804315974274521	0.993701301096361	0.0
0.079543989737798	0.9934625214791629	0.0
0.0810448197328508	0.9932193655120071	0.0
0.08254564972790358	0.9929718379937401	0.0
0.08404647972295638	0.9927199438081268	0.0
0.08554730971800917	0.9924636879235809	0.0
0.08704813971306197	0.9922030753930421	0.0
0.08854896970811475	0.9919381113538404	0.0
0.09004979970316755	0.991668801027516	0.0
0.09155062969822034	0.9913951497195466	0.0
0.09305145969327314	0.991117162819236	0.0
0.09455228968832592	0.9908348457995355	0.0
0.09605311968337872	0.9905482042168879	0.0
0.0975539496784315	0.9902572437110018	0.0
0.0990547796734843	0.9899619700045765	0.0
0.10055560966853709	0.9896623889032723	0.0
0.10205643966358988	0.9893585062953961	0.0
0.10355726965864268	0.989050328151701	0.0
0.10505809965369547	0.9887378605252244	0.0
0.10655892964874826	0.9884211095509974	0.0
0.10805975964380105	0.9881000814460053	0.0
0.10956058963885383	0.9877747825089157	0.0
0.11106141963390664	0.9874452191197943	0.0
0.11256224962895943	0.9871113977399832	0.0
0.11406307962401221	0.9867733249117546	0.0
0.115563909619065	0.986431007258165	0.0
0.11706473961411781	0.9860844514828941	0.0
0.1185655696091706	0.9857336643699731	0.0
0.12006639960422338	0.9853786527836224	0.0
0.1215672295992762	0.9850194236678368	0.0
0.12306805959432898	0.984655984046397	0.0
0.12456888958938177	0.9842883410224912	0.0
0.12606971958443455	0.9839165017785388	0.0
0.12757054957948735	0.9835404735758445	0.0
0.12907137957454015	0.98316026375451	0.0
0.13057220956959295	0.9827758797331351	0.0
0.13207303956464572	0.9823873290085949	0.0
0.13357386955969852	0.981994619155729	0.0
0.13507469955475132	0.981597757827243	0.0
0.1365755295498041	0.9811967527533006	0.0
0.1380763595448569	0.9807916117414289	0.0
0.1395771895399097	0.980382342676068	0.0
0.1410780195349625	0.9799689535184511	0.0
0.14257884953001526	0.9795514523063608	0.0
0.1440796795250681	0.9791298471538612	0.0
0.14558050952012086	0.9787041462510436	0.0
0.14708133951517366	0.9782743578637569	0.0
0.14858216951022643	0.9778404903333172	0.0
0.15008299950527926	0.9774025520762574	0.0
0.15158382950033203	0.9769605515840669	0.0
0.15308465949538483	0.976514497422962	0.0
0.1545854894904376	0.9760643982336028	0.0
0.15608631948549043	0.9756102627308219	0.0
0.1575871494805432	0.9751520997033212	0.0
0.159087979475596	0.9746899180134629	0.0
0.16058880947064877	0.974223726596977	0.0
0.1620896394657016	0.9737535344626044	0.0
0.16359046946075437	0.9732793506919403	0.0
0.16509129945580717	0.9728011844390694	0.0
0.16659212945085994	0.9723190449303258	0.0
0.16809295944591277	0.9718329414641056	0.0
0.16959378944096554	0.9713428834103945	0.0
0.17109461943601834	0.9708488802106613	0.0
0.17259544943107114	0.9703509413774365	0.0
0.17409627942612393	0.9698490764941182	0.0
0.1755971094211767	0.9693432952145897	0.0
0.1770979394162295	0.9688336072630684	0.0
0.1785987694112823	0.9683200224337696	0.0
0.1800995994063351	0.9678025505905627	0.0
0.18160042940138788	0.9672812016667098	0.0
0.18310125939644067	0.9667559856646134	0.0
0.18460208939149347	0.9662269126554922	0.0
0.18610291938654627	0.965693992779016	0.0
0.18760374938159904	0.9651572362431157	0.0
0.18910457937665184	0.9646166533236542	0.0
0.19060540937170464	0.9640722543641271	0.0
0.19210623936675744	0.9635240497753692	0.0
0.1936070693618102	0.9629720500352538	0.0
0.195107899356863	0.9624162656883307	0.0
0.1966087293519158	0.9618567073456982	0.0
0.1981095593469686	0.9612933856844929	0.0
0.19961038934202138	0.9607263114477699	0.0
0.20111121933707418	0.9601554954440932	0.0
0.20261204933212695	0.9595809485472054	0.0
0.20411287932717975	0.9590026816957401	0.0
0.20561370932223258	0.9584207058930081	0.0
0.20711453931728535	0.9578350322066089	0.0
0.20861536931233815	0.9572456717681602	0.0
0.21011619930739095	0.9566526357730046	0.0
0.21161702930244372	0.9560559354797905	0.0
0.21311785929749652	0.9554555822103732	0.0
0.2146186892925493	0.9548515873492006	0.0
0.2161195192876021	0.9542439623433386	0.0
0.21762034928265492	0.9536327187019547	0.0
0.21912117927770766	0.9530178679960556	0.0
0.2206220092727605	0.9523994218581491	0.0
0.2221228392678133	0.9517773919819849	0.0
0.22362366926286606	0.9511517901221623	0.0
0.22512449925791886	0.9505226280939362	0.0
0.22662532925297169	0.9498899177728048	0.0
0.22812615924802443	0.9492536710942301	0.0
0.22962698924307726	0.9486139000533468	0.0
0.23112781923813	0.9479706167045723	0.0
0.23262864923318283	0.9473238331613841	0.0
0.23412947922823563	0.9466735615959738	0.0
0.2356303092232884	0.9460198142388798	0.0
0.2371311392183412	0.9453626033787015	0.0
0.238631969213394	0.9447019413618363	0.0
0.24013279920844677	0.9440378405920624	0.0
0.2416336292034996	0.9433703135302506	0.0
0.2431344591985524	0.9426993726941708	0.0
0.24463528919360517	0.942025030658064	0.0
0.24613611918865796	0.9413473000522721	0.0
0.24763694918371074	0.9406661935630369	0.0
0.24913777917876354	0.9399817239321089	0.0
0.25063860917381636	0.939293903956436	0.0
0.2521394391688691	0.938602746487813	0.0
0.2536402691639219	0.9379082644326205	0.0
0.2551410991589747	0.9372104707515097	0.0
0.2566419291540275	0.9365093784589732	0.0
0.2581427591490803	0.9358050006232085	0.0
0.25964358914413305	0.9350973503656452	0.0
0.2611444191391859	0.9343864408606907	0.0
0.2626452491342387	0.9336722853353274	0.0
0.26414607912929144	0.9329548970689322	0.0
0.26564690912434424	0.9322342893928388	0.0
0.26714773911939704	0.9315104756900774	0.0
0.26864856911444984	0.9307834693950274	0.0
0.27014939910950264	0.9300532839930274	0.0
0.27165022910455544	0.929319933020222	0.0
0.2731510590996082	0.928583430063108	0.0
0.27465188909466104	0.9278437887581963	0.0
0.2761527190897138	0.9271010227918292	0.0
0.2776535490847666	0.9263551458996752	0.0
0.2791543790798194	0.9256061718666074	0.0
0.2806552090748722	0.9248541145261764	0.0
0.282156039069925	0.9240989877603984	0.0
0.2836568690649778	0.9233408054994584	0.0
0.2851576990600305	0.9225795817213563	0.0
0.2866585290550834	0.9218153304515997	0.0
0.2881593590501362	0.9210480657628002	0.0
0.2896601890451889	0.9202778017744341	0.0
0.2911610190402417	0.919504552652509	0.0
0.2926618490352945	0.9187283326092454	0.0
0.2941626790303473	0.9179491559026859	0.0
0.2956635090254001	0.917167036836492	0.0
0.29716433902045286	0.9163819897595676	0.0
0.2986651690155057	0.915594029065666	0.0
0.3001659990105585	0.9148031691931496	0.0
0.30166682900561126	0.9140094246246868	0.0
0.30316765900066406	0.9132128098868038	0.0
0.30466848899571686	0.9124133395497529	0.0
0.30616931899076966	0.9116110282270423	0.0
0.30767014898582246	0.9108058905751099	0.0
0.3091709789808752	0.9099979412931606	0.0
0.31067180897592805	0.9091871951226079	0.0
0.31217263897098085	0.9083736668470169	0.0
0.3136734689660336	0.9075573712916012	0.0
0.3151742989610864	0.9067383233228866	0.0
0.3166751289561392	0.9059165378485192	0.0
0.318175958951192	0.9050920298168893	0.0
0.3196767889462448	0.9042648142167143	0.0
0.32117761894129754	0.9034349060768814	0.0
0.3226784489363504	0.9026023204659968	0.0
0.3241792789314032	0.9017670724921768	0.0
0.32568010892645594	0.9009291773025996	0.0
0.32718093892150873	0.9000886500833439	0.0
0.32868176891656153	0.8992455060588825	0.0
0.33018259891161433	0.8983997604918701	0.0
0.33168342890666713	0.8975514286828727	0.0
0.3331842589017199	0.8967005259699466	0.0
0.3346850888967727	0.8958470677283117	0.0
0.33618591889182553	0.8949910693701454	0.0
0.3376867488868783	0.8941325463441551	0.0
0.3391875788819311	0.8932715141353187	0.0
0.3406884088769839	0.8924079882645173	0.0
0.34218923887203667	0.8915419842883026	0.0
0.34369006886708947	0.8906735177984497	0.0
0.34519089886214227	0.8898026044217536	0.0
0.346691728857195	0.8889292598196694	0.0
0.34819255885224787	0.8880534996879227	0.0
0.3496933888473006	0.8871753397563157	0.0
0.3511942188423534	0.8862947957883734	0.0
0.3526950488374062	0.8854118835809276	0.0
0.354195878832459	0.8845266189639017	0.0
0.3556967088275118	0.8836390177999728	0.0
0.3571975388225646	0.8827490959842478	0.0
0.35869836881761735	0.8818568694439299	0.0
0.3601991988126702	0.8809623541379716	0.0
0.361700028807723	0.8800655660568478	0.0
0.36320085880277575	0.8791665212221689	0.0
0.36470168879782855	0.8782652356863861	0.0
0.36620251879288135	0.8773617255324552	0.0
0.36770334878793415	0.8764560068736127	0.0
0.36920417878298695	0.8755480958528619	0.0
0.3707050087780397	0.874638008642823	0.0
0.37220583877309255	0.8737257614453591	0.0
0.37370666876814534	0.8728113704912873	0.0
0.3752074987631981	0.8718948520399753	0.0
0.3767083287582509	0.8709762223792108	0.0
0.3782091587533037	0.8700554978246005	0.0
0.3797099887483565	0.8691326947195654	0.0
0.3812108187434093	0.8682078294347744	0.0
0.38271164873846203	0.8672809183679495	0.0
0.3842124787335149	0.866351977943524	0.0
0.3857133087285677	0.865421024612341	0.0
0.3872141387236204	0.8644880748513276	0.0
0.38871496871867317	0.8635531451631066	0.0
0.390215798713726	0.8626162520758496	0.0
0.3917166287087788	0.8616774121427566	0.0
0.3932174587038316	0.8607366419419665	0.0
0.3947182886988844	0.8597939580760184	0.0
0.3962191186939372	0.8588493771715914	0.0
0.39771994868898997	0.857902915879323	0.0
0.39922077868404277	0.8569545908734019	0.0
0.40072160867909556	0.8560044188511562	0.0
0.40222243867414836	0.8550524165329711	0.0
0.4037232686692012	0.8540986006616886	0.0
0.4052240986642539	0.8531429880025262	0.0
0.4067249286593067	0.8521855953426217	0.0
0.4082257586543595	0.8512264394907866	0.0
0.40972658864941236	0.8502655372771447	0.0
0.41122741864446516	0.8493029055529032	0.0
0.41272824863951796	0.8483385611899442	0.0
0.4142290786345707	0.8473725210804938	0.0
0.4157299086296235	0.846404802136902	0.0
0.4172307386246763	0.8454354212912445	0.0
0.4187315686197291	0.8444643954950615	0.0
0.4202323986147819	0.843491741719013	0.0
0.42173322860983464	0.8425174769525404	0.0
0.42323405860488744	0.8415416182036018	0.0
0.42473488859994024	0.8405641824983102	0.0
0.42623571859499304	0.8395851868807057	0.0
0.42773654859004584	0.8386046484122706	0.0
0.4292373785850986	0.8376225841717805	0.0
0.4307382085801514	0.8366390112549076	0.0
0.4322390385752042	0.835653946773943	0.0
0.43373986857025704	0.8346674078574164	0.0
0.43524069856530984	0.8336794116498542	0.0
0.43674152856036264	0.8326899753113985	0.0
0.4382423585554153	0.8316991160175339	0.0
0.4397431885504682	0.8307068509588105	0.0
0.441244018545521	0.829713197340385	0.0
0.4427448485405738	0.8287181723818955	0.0
0.4442456785356266	0.8277217933169718	0.0
0.4457465085306793	0.8267240773930032	0.0
0.4472473385257321	0.8257250418708841	0.0
0.4487481685207849	0.8247247040245184	0.0
0.4502489985158377	0.8237230811406627	0.0
0.4517498285108905	0.8227201905185507	0.0
0.45325065850594337	0.8217160494696424	0.0
0.45475148850099606	0.8207106753171459	0.0
0.45625231849604886	0.819704085395881	0.0
0.45775314849110166	0.8186962970518488	0.0
0.4592539784861545	0.817687327641962	0.0
0.4607548084812073	0.8166771945337193	0.0
0.46225563847626	0.8156659151048917	0.0
0.46375646847131285	0.8146535067431732	0.0
0.46525729846636565	0.81363998684588	0.0
0.46675812846141845	0.8126253728197228	0.0
0.46825895845647125	0.8116096820803629	0.0
0.46975978845152405	0.8105929320521259	0.0
0.4712606184465768	0.8095751401677614	0.0
0.4727614484416296	0.8085563238680207	0.0
0.4742622784366824	0.8075365006014066	0.0
0.4757631084317352	0.8065156878237929	0.0
0.477263938426788	0.805493902998216	0.0
0.47876476842184074	0.8044711635944974	0.0
0.48026559841689354	0.8034474870888714	0.0
0.48176642841194633	0.8024228909637212	0.0
0.4832672584069992	0.8013973927073089	0.0
0.484768088402052	0.8003710098133535	0.0
0.4862689183971048	0.7993437597808493	0.0
0.4877697483921575	0.7983156601135806	0.0
0.48927057838721033	0.7972867283199456	0.0
0.49077140838226313	0.7962569819125626	0.0
0.49227223837731593	0.7952264384079546	0.0
0.49377306837236873	0.7941951153263315	0.0
0.4952738983674215	0.7931630301911385	0.0
0.49677472836247427	0.7921302005287871	0.0
0.49827555835752707	0.7910966438683797	0.0
0.49977638835257987	0.7900623777413626	0.0
0.5012772183476327	0.7890274196811871	0.0
0.5027780483426855	0.787991787223017	0.0
0.5042788783377382	0.7869554979033867	0.0
0.5057797083327911	0.7859185692599434	0.0
0.5072805383278438	0.7848810188310711	0.0
0.5087813683228967	0.7838428641555701	0.0
0.5102821983179494	0.7828041227723866	0.0
0.5117830283130022	0.7817648122202413	0.0
0.513283858308055	0.7807249500374062	0.0
0.5147846883031078	0.7796845537612763	0.0
0.5162855182981606	0.77864364092812	0.0
0.5177863482932135	0.7776022290727541	0.0
0.5192871782882661	0.7765603357281701	0.0
0.520788008283319	0.7755179784253158	0.0
0.5222888382783718	0.7744751746926929	0.0
0.5237896682734245	0.7734319420561079	0.0
0.5252904982684774	0.7723882980383072	0.0
0.5267913282635301	0.7713442601586793	0.0
0.5282921582585829	0.7702998459329627	0.0
0.5297929882536357	0.7692550728728331	0.0
0.5312938182486885	0.7682099584857404	0.0
0.5327946482437413	0.7671645202744833	0.0
0.5342954782387941	0.7661187757369174	0.0
0.5357963082338468	0.7650727423656403	0.0
0.5372971382288997	0.7640264376476656	0.0
0.5387979682239524	0.7629798790641592	0.0
0.5402987982190053	0.7619330840900828	0.0
0.5417996282140581	0.7608860701938616	0.0
0.5433004582091109	0.7598388548371363	0.0
0.5448012882041636	0.7587914554744075	0.0
0.5463021181992164	0.7577438895526616	0.0
0.5478029481942692	0.7566961745111247	0.0
0.5493037781893221	0.7556483277810142	0.0
0.5508046081843748	0.7546003667851015	0.0
0.5523054381794276	0.7535523089374574	0.0
0.5538062681744804	0.7525041716431455	0.0
0.5553070981695332	0.7514559722978781	0.0
0.556807928164586	0.7504077282877213	0.0
0.5583087581596388	0.7493594569887861	0.0
0.5598095881546916	0.7483111757669177	0.0
0.5613104181497444	0.7472629019773804	0.0
0.5628112481447971	0.7462146529645483	0.0
0.56431207813985	0.7451664460615892	0.0
0.5658129081349027	0.744118298590159	0.0
0.5673137381299556	0.7430702278600572	0.0
0.5688145681250083	0.7420222511690073	0.0
0.570315398120061	0.7409743858022864	0.0
0.5718162281151139	0.7399266490323743	0.0
0.5733170581101668	0.7388790581187056	0.0
0.5748178881052195	0.7378316303073615	0.0
0.5763187181002724	0.7367843828307168	0.0
0.5778195480953251	0.7357373329072017	0.0
0.5793203780903778	0.7346904977409463	0.0
0.5808212080854307	0.7336438945214344	0.0
0.5823220380804834	0.7325975404232797	0.0
0.5838228680755363	0.7315514526059037	0.0
0.585323698070589	0.7305056482131633	0.0
0.5868245280656418	0.7294601443731491	0.0
0.5883253580606946	0.7284149581977699	0.0
0.5898261880557474	0.7273701067825374	0.0
0.5913270180508002	0.7263256072062063	0.0
0.592827848045853	0.7252814765305434	0.0
0.5943286780409057	0.7242377317998862	0.0
0.5958295080359586	0.7231943900410066	0.0
0.5973303380310114	0.7221514682627468	0.0
0.5988311680260642	0.721108983455613	0.0
0.600331998021117	0.7200669525916071	0.0
0.6018328280161698	0.7190253926239433	0.0
0.6033336580112225	0.7179843204866169	0.0
0.6048344880062754	0.7169437530942133	0.0
0.6063353180013281	0.7159037073415461	0.0
0.607836147996381	0.7148642001034413	0.0
0.6093369779914337	0.713825248234348	0.0
0.6108378079864865	0.7127868685680773	0.0
0.6123386379815393	0.7117490779175459	0.0
0.6138394679765921	0.7107118930744264	0.0
0.6153402979716449	0.7096753308088531	0.0
0.6168411279666978	0.7086394078691773	0.0
0.6183419579617504	0.7076041409816297	0.0
0.6198427879568033	0.7065695468500409	0.0
0.6213436179518561	0.7055356421555775	0.0
0.6228444479469089	0.7045024435564129	0.0
0.6243452779419617	0.7034699676874324	0.0
0.6258461079370145	0.7024382311599628	0.0
0.6273469379320672	0.7014072505615366	0.0
0.62884776792712	0.7003770424554522	0.0
0.6303485979221728	0.6993476233806459	0.0
0.6318494279172256	0.6983190098513509	0.0
0.6333502579122784	0.697291218356763	0.0
0.6348510879073311	0.6962642653608131	0.0
0.636351917902384	0.6952381673018787	0.0
0.6378527478974367	0.6942129405924482	0.0
0.6393535778924896	0.6931886016189208	0.0
0.6408544078875424	0.6921651667412761	0.0
0.6423552378825951	0.6911426522927587	0.0
0.6438560678776479	0.6901210745796991	0.0
0.6453568978727008	0.689100449881124	0.0
0.6468577278677535	0.688080794448568	0.0
0.6483585578628064	0.6870621245056973	0.0
0.6498593878578591	0.6860444562481105	0.0
0.6513602178529119	0.6850278058430507	0.0
0.6528610478479647	0.6840121894291542	0.0
0.6543618778430175	0.6829976231160982	0.0
0.6558627078380703	0.6819841229844263	0.0
0.6573635378331231	0.6809717050851649	0.0
0.6588643678281758	0.6799603854396382	0.0
0.6603651978232287	0.6789501800391581	0.0
0.6618660278182814	0.6779411048448076	0.0
0.6633668578133343	0.6769331757871258	0.0
0.6648676878083871	0.6759264087657932	0.0
0.6663685178034398	0.6749208196494717	0.0
0.6678693477984926	0.6739164242754667	0.0
0.6693701777935454	0.6729132384494992	0.0
0.6708710077885982	0.6719112779454322	0.0
0.6723718377836511	0.6709105585049806	0.0
0.6738726677787038	0.6699110958374731	0.0
0.6753734977737565	0.6689129056196267	0.0
0.6768743277688094	0.667916003495199	0.0
0.6783751577638621	0.6669204050747991	0.0
0.679875987758915	0.6659261259356527	0.0
0.6813768177539677	0.6649331816212514	0.0
0.6828776477490205	0.6639415876411882	0.0
0.6843784777440733	0.6629513594708547	0.0
0.6858793077391261	0.6619625125512114	0.0
0.6873801377341789	0.6609750622885373	0.0
0.6888809677292317	0.6599890240541225	0.0
0.6903817977242845	0.6590044131841245	0.0
0.6918826277193373	0.6580212449791858	0.0
0.69338345771439	0.6570395347043368	0.0
0.6948842877094429	0.6560592975886093	0.0
0.6963851177044957	0.6550805488248629	0.0
0.6978859476995485	0.6541033035695621	0.0
0.6993867776946012	0.6531275769425221	0.0
0.7008876076896541	0.6521533840265766	0.0
0.7023884376847068	0.6511807398674322	0.0
0.7038892676797597	0.6502096594734645	0.0
0.7053900976748124	0.6492401578153308	0.0
0.7068909276698653	0.6482722498258766	0.0
0.708391757664918	0.6473059503998091	0.0
0.7098925876599708	0.64634127439351	0.0
0.7113934176550236	0.6453782366248312	0.0
0.7128942476500764	0.6444168518727392	0.0
0.7143950776451292	0.6434571348772018	0.0
0.715895907640182	0.6424991003389422	0.0
0.7173967376352347	0.641542762919162	0.0
0.7188975676302876	0.6405881372393406	0.0
0.7203983976253404	0.6396352378809881	0.0
0.7218992276203932	0.6386840793854549	0.0
0.723400057615446	0.6377346762537258	0.0
0.7249008876104988	0.6367870429460726	0.0
0.7264017176055515	0.6358411938819849	0.0
0.7279025476006044	0.6348971434398806	0.0
0.7294033775956571	0.6339549059568202	0.0
0.73090420759071	0.6330144957284545	0.0
0.7324050375857627	0.6320759270086215	0.0
0.7339058675808154	0.6311392140092696	0.0
0.7354066975758683	0.6302043709001961	0.0
0.736907527570921	0.6292714118087955	0.0
0.7384083575659739	0.6283403508198626	0.0
0.7399091875610266	0.6274112019754446	0.0
0.7414100175560794	0.6264839792745621	0.0
0.7429108475511322	0.6255586966730358	0.0
0.7444116775461851	0.6246353680832408	0.0
0.7459125075412378	0.6237140073738991	0.0
0.7474133375362907	0.622794628369953	0.0
0.7489141675313434	0.6218772448522898	0.0
0.7504149975263962	0.6209618705575527	0.0
0.751915827521449	0.62004851917791	0.0
0.7534166575165018	0.6191372043609407	0.0
0.7549174875115546	0.6182279397093082	0.0
0.7564183175066074	0.6173207387806976	0.0
0.7579191475016601	0.6164156150875116	0.0
0.759419977496713	0.6155125820967606	0.0
0.7609208074917657	0.614611653229782	0.0
0.7624216374868186	0.6137128418620713	0.0
0.7639224674818714	0.6128161613231587	0.0
0.7654232974769241	0.6119216248963841	0.0
0.7669241274719769	0.6110292458186172	0.0
0.7684249574670298	0.6101390372801511	0.0
0.7699257874620825	0.6092510124245493	0.0
0.7714266174571354	0.6083651843483893	0.0
0.772927447452188	0.6074815661011058	0.0
0.7744282774472409	0.6066001706847878	0.0
0.7759291074422937	0.6057210110540284	0.0
0.7774299374373463	0.6048441001157163	0.0
0.7789307674323993	0.6039694507288764	0.0
0.780431597427452	0.6030970757044455	0.0
0.7819324274225049	0.6022269878051327	0.0
0.7834332574175576	0.601359199745273	0.0
0.7849340874126104	0.6004937241905753	0.0
0.7864349174076632	0.5996305737579968	0.0
0.787935747402716	0.5987697610155601	0.0
0.7894365773977688	0.5979112984821682	0.0
0.7909374073928216	0.5970551986274428	0.0
0.7924382373878744	0.5962014738715586	0.0
0.7939390673829272	0.5953501365850848	0.0
0.7954398973779799	0.5945011990887703	0.0
0.7969407273730328	0.5936546736534455	0.0
0.7984415573680855	0.5928105724997667	0.0
0.7999423873631384	0.5919689077981646	0.0
0.8014432173581911	0.5911296916685441	0.0
0.8029440473532439	0.5902929361802619	0.0
0.8044448773482967	0.5894586533518664	0.0
0.8059457073433495	0.5886268551509665	0.0
0.8074465373384024	0.5877975534940703	0.0
0.8089473673334551	0.5869707602464658	0.0
0.8104481973285078	0.5861464872220169	0.0
0.8119490273235607	0.5853247461829706	0.0
0.8134498573186134	0.5845055488399069	0.0
0.8149506873136664	0.5836889068515014	0.0
0.816451517308719	0.5828748318243936	0.0
0.8179523473037718	0.582063335313074	0.0
0.8194531772988247	0.5812544288196372	0.0
0.8209540072938774	0.5804481237937573	0.0
0.8224548372889303	0.5796444316324012	0.0
0.8239556672839831	0.578843363679845	0.0
0.8254564972790359	0.5780449312273889	0.0
0.8269573272740887	0.5772491455131993	0.0
0.8284581572691414	0.5764560177223408	0.0
0.8299589872641943	0.5756655589863919	0.0
0.831459817259247	0.5748777803834711	0.0
0.8329606472542999	0.5740926929381022	0.0
0.8344614772493526	0.5733103076209596	0.0
0.8359623072444053	0.5725306353487748	0.0
0.8374631372394582	0.571753686984216	0.0
0.8389639672345109	0.570979473335768	0.0
0.8404647972295638	0.5702080051575529	0.0
0.8419656272246165	0.5694392931491737	0.0
0.8434664572196693	0.5686733479556587	0.0
0.8449672872147221	0.567910180167299	0.0
0.8464681172097749	0.5671498003194013	0.0
0.8479689472048277	0.566392218892362	0.0
0.8494697771998805	0.5656374463113708	0.0
0.8509706071949332	0.5648854929463161	0.0
0.8524714371899861	0.5641363691116811	0.0
0.8539722671850388	0.5633900850664211	0.0
0.8554730971800917	0.5626466510138145	0.0
0.8569739271751444	0.5619060771013215	0.0
0.8584747571701972	0.5611683734205056	0.0
0.85997558716525	0.5604335500068445	0.0
0.8614764171603028	0.5597016168396246	0.0
0.8629772471553557	0.558972583841878	0.0
0.8644780771504084	0.5582464608801733	0.0
0.8659789071454613	0.5575232577645325	0.0
0.8674797371405141	0.5568029842483203	0.0
0.8689805671355667	0.5560856500281248	0.0
0.8704813971306197	0.5553712647435507	0.0
0.8719822271256723	0.5546598379772186	0.0
0.8734830571207253	0.5539513792545829	0.0
0.874983887115778	0.5532458980438515	0.0
0.8764847171108306	0.552543403755855	0.0
0.8779855471058836	0.5518439057438855	0.0
0.8794863771009364	0.5511474133036258	0.0
0.8809872070959892	0.5504539356730405	0.0
0.882488037091042	0.5497634820322216	0.0
0.8839888670860947	0.5490760615033077	0.0
0.8854896970811476	0.5483916831504008	0.0
0.8869905270762003	0.5477103559793736	0.0
0.8884913570712532	0.5470320889378182	0.0
0.8899921870663059	0.5463568909148918	0.0
0.8914930170613586	0.5456847707412955	0.0
0.8929938470564115	0.5450157371890763	0.0
0.8944946770514642	0.5443497989715046	0.0
0.8959955070465171	0.5436869647430775	0.0
0.8974963370415698	0.5430272430993035	0.0
0.8989971670366227	0.5423706425766551	0.0
0.9004979970316754	0.5417171716524372	0.0
0.9019988270267282	0.5410668387446744	0.0
0.903499657021781	0.5404196522120246	0.0
0.9050004870168338	0.5397756203537262	0.0
0.9065013170118867	0.5391347514093714	0.0
0.9080021470069394	0.5384970535589126	0.0
0.9095029770019921	0.5378625349225123	0.0
0.911003806997045	0.5372312035604783	0.0
0.9125046369920977	0.5366030674731108	0.0
0.9140054669871507	0.5359781346006067	0.0
0.9155062969822033	0.5353564128230387	0.0
0.9170071269772561	0.5347379099601686	0.0
0.918507956972309	0.5341226337714408	0.0
0.9200087869673617	0.5335105919557386	0.0
0.9215096169624146	0.532901792151424	0.0
0.9230104469574674	0.5322962419362077	0.0
0.92451127695252	0.5316939488270309	0.0
0.926012106947573	0.5310949202799845	0.0
0.9275129369426257	0.5304991636902079	0.0
0.9290137669376786	0.5299066863918137	0.0
0.9305145969327313	0.5293174956577587	0.0
0.932015426927784	0.5287315986997859	0.0
0.9335162569228369	0.5281490026683276	0.0
0.9350170869178897	0.5275697146524334	0.0
0.9365179169129425	0.5269937416796313	0.0
0.9380187469079952	0.5264210907158542	0.0
0.9395195769030481	0.5258517686653663	0.0
0.9410204068981008	0.5252857823706821	0.0
0.9425212368931536	0.5247231386124671	0.0
0.9440220668882064	0.5241638441094185	0.0
0.9455228968832592	0.5236079055182445	0.0
0.947023726878312	0.5230553294335196	0.0
0.9485245568733648	0.5225061223876478	0.0
0.9500253868684175	0.5219602908507247	0.0
0.9515262168634704	0.5214178412304693	0.0
0.9530270468585231	0.5208787798722149	0.0
0.954527876853576	0.5203431130587162	0.0
0.9560287068486287	0.5198108470101388	0.0
0.9575295368436815	0.5192819878839152	0.0
0.9590303668387343	0.5187565417747417	0.0
0.9605311968337871	0.5182345147144226	0.0
0.96203202682884	0.5177159126718914	0.0
0.9635328568238927	0.5172007415529838	0.0
0.9650336868189454	0.5166890072004586	0.0
0.9665345168139984	0.5161807153939638	0.0
0.968035346809051	0.5156758718498576	0.0
0.969536176804104	0.515174482221148	0.0
0.9710370067991567	0.5146765520974752	0.0
0.9725378367942096	0.5141820870050061	0.0
0.9740386667892623	0.5136910924062976	0.0
0.975539496784315	0.513203573700326	0.0
0.9770403267793679	0.5127195362223769	0.0
0.9785411567744207	0.5122389852439077	0.0
0.9800419867694735	0.5117619259725874	0.0
0.9815428167645263	0.5112883635521379	0.0
0.983043646759579	0.5108183030622854	0.0
0.9845444767546319	0.5103517495187025	0.0
0.9860453067496846	0.5098887078729383	0.0
0.9875461367447375	0.5094291830122916	0.0
0.9890469667397902	0.5089731797598941	0.0
0.990547796734843	0.5085207028744221	0.0
0.9920486267298958	0.5080717570502471	0.0
0.9935494567249485	0.5076263469171798	0.0
0.9950502867200014	0.5071844770405962	0.0
0.9965511167150541	0.5067461519212041	0.0
0.9980519467101069	0.5063113759950353	0.0
0.9995527767051597	0.5058801536334185	0.0
1.0010536067002125	0.5054524891428709	0.0
1.0025544366952654	0.5050283867650457	0.0
1.0040552666903182	0.5046078506767097	0.0
1.005556096685371	0.504190884989633	0.0
1.0070569266804237	0.5037774937505297	0.0
1.0085577566754764	0.5033676809410123	0.0
1.0100585866705294	0.5029614504775723	0.0
1.0115594166655821	0.5025588062114577	0.0
1.0130602466606349	0.5021597519286036	0.0
1.0145610766556876	0.5017642913496733	0.0
1.0160619066507404	0.5013724281299289	0.0
1.0175627366457933	0.5009841658591749	0.0
1.019063566640846	0.5005995080617157	0.0
1.0205643966358988	0.5002184581963038	0.0
1.0220652266309516	0.4998410196561077	0.0
1.0235660566260043	0.4994671957685738	0.0
1.0250668866210573	0.49909698979551265	0.0
1.02656771661611	0.4987304049329554	0.0
1.0280685466111628	0.49836744431109814	0.0
1.0295693766062155	0.49800811099430276	0.0
1.0310702066012682	0.49765240798101346	0.0
1.0325710365963212	0.49730033820372643	0.0
1.034071866591374	0.49695190452893734	0.0
1.035572696586427	0.496607109757093	0.0
1.0370735265814794	0.4962659566225234	0.0
1.0385743565765322	0.49592844779345924	0.0
1.0400751865715852	0.4955945858719465	0.0
1.041576016566638	0.495264373393773	0.0
1.0430768465616909	0.4949378128285235	0.0
1.0445776765567436	0.49461490657943663	0.0
1.0460785065517963	0.4942956569834271	0.0
1.047579336546849	0.49398006631101166	0.0
1.0490801665419018	0.4936681367663054	0.0
1.0505809965369548	0.493359870486959	0.0
1.0520818265320075	0.4930552695441534	0.0
1.0535826565270603	0.49275433594251367	0.0
1.055083486522113	0.4924570716200917	0.0
1.0565843165171658	0.49216347844839503	0.0
1.0580851465122187	0.4918735582322724	0.0
1.0595859765072715	0.49158731270992057	0.0
1.0610868065023242	0.4913047435528528	0.0
1.062587636497377	0.491025852365876	0.0
1.0640884664924297	0.4907506406870482	0.0
1.0655892964874827	0.4904791099876371	0.0
1.0670901264825354	0.49021126167215334	0.0
1.0685909564775882	0.48994709707825035	0.0
1.070091786472641	0.48968661747676134	0.0
1.0715926164676937	0.48942982407163216	0.0
1.0730934464627466	0.48917671799994267	0.0
1.0745942764577994	0.48892730033184495	0.0
1.0760951064528521	0.48868157207058016	0.0
1.0775959364479049	0.48843953415240615	0.0
1.0790967664429576	0.4882011874466536	0.0
1.0805975964380106	0.48796653275565827	0.0
1.0820984264330633	0.4877355708147575	0.0
1.0835992564281163	0.4875083022922928	0.0
1.0851000864231688	0.4872847277895592	0.0
1.0866009164182218	0.48706484784082293	0.0
1.0881017464132745	0.4868486629133417	0.0
1.0896025764083273	0.48663617340728504	0.0
1.0911034064033802	0.4864273796557739	0.0
1.0926042363984327	0.4862222819248446	0.0
1.0941050663934857	0.48602088041347935	0.0
1.0956058963885384	0.4858231752535741	0.0
1.0971067263835912	0.48562916650994525	0.0
1.0986075563786442	0.48543885418034094	0.0
1.100108386373697	0.48525223819539576	0.0
1.1016092163687496	0.48506931841870193	0.0
1.1031100463638024	0.48489009464675636	0.0
1.1046108763588551	0.4847145666089453	0.0
1.106111706353908	0.48454273396764147	0.0
1.1076125363489608	0.48437459631808943	0.0
1.1091133663440136	0.48421015318849997	0.0
1.1106141963390663	0.4840494040400604	0.0
1.112115026334119	0.483892348266914	0.0
1.113615856329172	0.4837389851961248	0.0
1.1151166863242248	0.48358931408777805	0.0
1.1166175163192775	0.48344333413495055	0.0
1.1181183463143303	0.48330104446372546	0.0
1.1196191763093832	0.4831624441331961	0.0
1.121120006304436	0.48302753213557215	0.0
1.1226208362994887	0.48289630739604883	0.0
1.1241216662945415	0.48276876877295927	0.0
1.1256224962895942	0.48264491505772206	0.0
1.1271233262846472	0.482524744974891	0.0
1.1286241562797	0.48240825718217994	0.0
1.1301249862747527	0.4822954502705028	0.0
1.1316258162698054	0.4821863227639842	0.0
1.1331266462648582	0.4820808731199602	0.0
1.1346274762599111	0.48197909972908004	0.0
1.1361283062549639	0.4818810009152805	0.0
1.1376291362500166	0.48178657493581734	0.0
1.1391299662450696	0.48169581998134686	0.0
1.140630796240122	0.48160873417592687	0.0
1.142131626235175	0.48152531557707634	0.0
1.1436324562302278	0.4814455621757954	0.0
1.1451332862252805	0.48136947189661544	0.0
1.1466341162203335	0.4812970425976533	0.0
1.1481349462153863	0.48122827207064167	0.0
1.149635776210439	0.481163158040964	0.0
1.1511366062054917	0.48110169816771736	0.0
1.1526374362005447	0.4810438900437521	0.0
1.1541382661955975	0.4809897311957684	0.0
1.1556390961906502	0.4809392190843005	0.0
1.157139926185703	0.4808923511038127	0.0
1.1586407561807557	0.4808491245827141	0.0
1.1601415861758086	0.4808095367834977	0.0
1.1616424161708614	0.4807735849027035	0.0
1.1631432461659141	0.48074126607101614	0.0
1.1646440761609669	0.4807125773533454	0.0
1.1661449061560196	0.4806875157488736	0.0
1.1676457361510726	0.4806660781911422	0.0
1.1691465661461253	0.48064826154806695	0.0
1.170647396141178	0.4806340626220256	0.0
1.1721482261362308	0.4806234781499786	0.0
1.1736490561312836	0.48061650480348356	0.0
1.1751498861263365	0.48061313918877835	0.0
1.1766507161213893	0.4806133778468559	0.0
1.178151546116442	0.48061721725356255	0.0
1.1796523761114948	0.480624653819652	0.0
1.1811532061065475	0.48063568389085376	0.0
1.1826540361016005	0.48065030374802814	0.0
1.1841548660966532	0.4806685096071446	0.0
1.185655696091706	0.4806902976194253	0.0
1.187156526086759	0.4807156638714498	0.0
1.1886573560818114	0.48074460438519445	0.0
1.1901581860768644	0.4807771151181093	0.0
1.1916590160719172	0.4808131919632763	0.0
1.1931598460669701	0.48085283074947205	0.0
1.1946606760620229	0.48089602724125796	0.0
1.1961615060570754	0.4809427771390451	0.0
1.1976623360521284	0.4809930760792511	0.0
1.199163166047181	0.48104691963435464	0.0
1.200663996042234	0.4811043033130134	0.0
1.2021648260372868	0.4811652225601828	0.0
1.2036656560323395	0.48122967275718237	0.0
1.2051664860273923	0.48129764922183843	0.0
1.206667316022445	0.4813691472085625	0.0
1.208168146017498	0.48144416190848166	0.0
1.2096689760125507	0.48152268844951673	0.0
1.2111698060076035	0.4816047218965612	0.0
1.2126706360026562	0.4816902572515179	0.0
1.214171465997709	0.4817792894534673	0.0
1.215672295992762	0.48187181337875606	0.0
1.2171731259878147	0.4819678238411358	0.0
1.2186739559828674	0.4820673155918903	0.0
1.2201747859779202	0.4821702833199243	0.0
1.221675615972973	0.4822767216518725	0.0
1.2231764459680259	0.48238662515233327	0.0
1.2246772759630786	0.4824999883238701	0.0
1.2261781059581316	0.48261680560721215	0.0
1.2276789359531841	0.4827370713813528	0.0
1.2291797659482369	0.4828607799637157	0.0
1.2306805959432898	0.4829879256102066	0.0
1.2321814259383426	0.4831185025154946	0.0
1.2336822559333955	0.4832525048130125	0.0
1.235183085928448	0.4833899265751197	0.0
1.2366839159235008	0.48353076181334076	0.0
1.2381847459185538	0.48367500447838974	0.0
1.2396855759136065	0.4838226484603737	0.0
1.2411864059086595	0.48397368758889553	0.0
1.2426872359037122	0.48412811563326397	0.0
1.2441880658987647	0.4842859263025622	0.0
1.2456888958938177	0.48444711324589873	0.0
1.2471897258888704	0.4846116700524597	0.0
1.2486905558839234	0.48477959025171347	0.0
1.2501913858789762	0.48495086731352693	0.0
1.251692215874029	0.4851254946484028	0.0
1.2531930458690816	0.48530346560754783	0.0
1.2546938758641344	0.485484773483046	0.0
1.2561947058591874	0.4856694115080644	0.0
1.25769553585424	0.4858573728569886	0.0
1.2591963658492928	0.4860486506455951	0.0
1.2606971958443456	0.48624323793117985	0.0
1.2621980258393983	0.486441127712813	0.0
1.2636988558344513	0.4866423129313834	0.0
1.265199685829504	0.48684678646985885	0.0
1.2667005158245568	0.4870545411534134	0.0
1.2682013458196095	0.4872655697496338	0.0
1.2697021758146623	0.4874798649686606	0.0
1.2712030058097152	0.4876974194633822	0.0
1.272703835804768	0.4879182258296042	0.0
1.2742046657998207	0.4881422766062224	0.0
1.2757054957948735	0.48836956427543154	0.0
1.2772063257899262	0.48860008126286647	0.0
1.2787071557849792	0.4888338199378206	0.0
1.280207985780032	0.4890707726133535	0.0
1.2817088157750849	0.48931093154658867	0.0
1.2832096457701374	0.4895542889388299	0.0
1.2847104757651902	0.48980083693575893	0.0
1.2862113057602431	0.49005056762761307	0.0
1.2877121357552959	0.49030347304940447	0.0
1.2892129657503488	0.4905595451810969	0.0
1.2907137957454016	0.4908187759477951	0.0
1.292214625740454	0.49108115721993145	0.0
1.293715455735507	0.49134668081349153	0.0
1.2952162857305598	0.49161533849014727	0.0
1.2967171157256128	0.4918871219575415	0.0
1.2982179457206655	0.4921620228694204	0.0
1.2997187757157183	0.49244003282586296	0.0
1.301219605710771	0.49272114337347633	0.0
1.3027204357058237	0.4930053460055789	0.0
1.3042212657008767	0.49329263216244734	0.0
1.3057220956959295	0.49358299323150007	0.0
1.3072229256909822	0.4938764205474767	0.0
1.308723755686035	0.49417290539268377	0.0
1.3102245856810877	0.494472438997178	0.0
1.3117254156761406	0.49477501253897993	0.0
1.3132262456711934	0.49508061714430274	0.0
1.3147270756662461	0.4953892438877553	0.0
1.3162279056612989	0.49570088379250454	0.0
1.3177287356563516	0.4960155278305883	0.0
1.3192295656514046	0.49633316692307156	0.0
1.3207303956464573	0.49665379194023923	0.0
1.32223122564151	0.496977393701849	0.0
1.3237320556365628	0.49730396297735446	0.0
1.3252328856316156	0.4976334904861087	0.0
1.3267337156266685	0.4979659668975802	0.0
1.3282345456217213	0.4983013828315687	0.0
1.3297353756167742	0.4986397288584286	0.0
1.3312362056118268	0.4989809954993406	0.0
1.3327370356068795	0.4993251732264633	0.0
1.3342378656019325	0.4996722524632098	0.0
1.3357386955969852	0.5000222235844121	0.0
1.3372395255920382	0.5003750769166517	0.0
1.3387403555870907	0.5007308027383808	0.0
1.3402411855821437	0.5010893912801895	0.0
1.3417420155771964	0.5014508327250319	0.0
1.3432428455722492	0.5018151172084973	0.0
1.3447436755673021	0.5021822348189829	0.0
1.3462445055623549	0.5025521755979254	0.0
1.3477453355574076	0.5029249295400693	0.0
1.3492461655524604	0.5033004865937117	0.0
1.350746995547513	0.5036788366608833	0.0
1.352247825542566	0.5040599695975772	0.0
1.3537486555376188	0.5044438752140773	0.0
1.3552494855326715	0.504830543275072	0.0
1.3567503155277243	0.5052199634999902	0.0
1.358251145522777	0.5056121255631871	0.0
1.35975197551783	0.5060070190941793	0.0
1.3612528055128827	0.5064046336779187	0.0
1.3627536355079355	0.5068049588549741	0.0
1.3642544655029882	0.5072079841218406	0.0
1.365755295498041	0.507613698931093	0.0
1.367256125493094	0.5080220926917567	0.0
1.3687569554881467	0.5084331547693943	0.0
1.3702577854831994	0.5088468744864538	0.0
1.3717586154782522	0.5092632411224872	0.0
1.3732594454733051	0.5096822439143752	0.0
1.3747602754683579	0.510103872056584	0.0
1.3762611054634106	0.5105281147013976	0.0
1.3777619354584634	0.510954960959201	0.0
1.3792627654535161	0.5113843998986684	0.0
1.380763595448569	0.5118164205470284	0.0
1.3822644254436218	0.512251011890349	0.0
1.3837652554386746	0.5126881628737389	0.0
1.3852660854337275	0.5131278624015883	0.0
1.38676691542878	0.513570099337846	0.0
1.388267745423833	0.5140148625062526	0.0
1.3897685754188858	0.5144621406906004	0.0
1.3912694054139385	0.5149119226349828	0.0
1.3927702354089915	0.515364197044015	0.0
1.3942710654040442	0.5158189525831017	0.0
1.395771895399097	0.5162761778786663	0.0
1.3972727253941497	0.5167358615184628	0.0
1.3987735553892024	0.5171979920517693	0.0
1.4002743853842554	0.5176625579896154	0.0
1.4017752153793082	0.5181295478051213	0.0
1.403276045374361	0.5185989499336408	0.0
1.4047768753694136	0.5190707527730916	0.0
1.4062777053644664	0.5195449446841836	0.0
1.4077785353595194	0.5200215139906672	0.0
1.409279365354572	0.5205004489795957	0.0
1.4107801953496248	0.5209817379015593	0.0
1.4122810253446776	0.5214653689709552	0.0
1.4137818553397306	0.5219513303661822	0.0
1.4152826853347833	0.52243961022997	0.0
1.416783515329836	0.5229301966696325	0.0
1.4182843453248888	0.5234230777572414	0.0
1.4197851753199415	0.5239182415299823	0.0
1.4212860053149945	0.5244156759902983	0.0
1.4227868353100472	0.5249153691061917	0.0
1.4242876653051	0.5254173088115407	0.0
1.4257884953001527	0.525921483006247	0.0
1.4272893252952055	0.5264278795565651	0.0
1.4287901552902584	0.5269364862952968	0.0
1.4302909852853112	0.5274472910221131	0.0
1.431791815280364	0.5279602815037386	0.0
1.4332926452754169	0.5284754454742551	0.0
1.4347934752704694	0.5289927706353048	0.0
1.4362943052655224	0.5295122446564168	0.0
1.4377951352605751	0.5300338551751853	0.0
1.4392959652556279	0.5305575897976017	0.0
1.4407967952506808	0.5310834360982077	0.0
1.4422976252457334	0.5316113816204399	0.0
1.4437984552407863	0.5321414138768434	0.0
1.445299285235839	0.5326735203492946	0.0
1.446800115230892	0.533207688489346	0.0
1.4483009452259448	0.5337439057183768	0.0
1.4498017752209975	0.5342821594279565	0.0
1.4513026052160503	0.5348224369799216	0.0
1.452803435211103	0.5353647257068563	0.0
1.454304265206156	0.5359090129121828	0.0
1.4558050952012087	0.5364552858704658	0.0
1.4573059251962615	0.537003531827652	0.0
1.4588067551913142	0.5375537380013531	0.0
1.460307585186367	0.5381058915810808	0.0
1.46180841518142	0.5386599797284723	0.0
1.4633092451764727	0.5392159895776063	0.0
1.4648100751715254	0.5397739082351758	0.0
1.4663109051665781	0.5403337227808065	0.0
1.4678117351616309	0.5408954202672882	0.0
1.4693125651566838	0.5414589877207974	0.0
1.4708133951517366	0.5420244121412114	0.0
1.4723142251467893	0.5425916805023117	0.0
1.473815055141842	0.5431607797520375	0.0
1.4753158851368948	0.5437316968127088	0.0
1.4768167151319478	0.544304418581445	0.0
1.4783175451270005	0.5448789319301642	0.0
1.4798183751220533	0.5454552237059997	0.0
1.481319205117106	0.5460332807315336	0.0
1.4828200351121588	0.5466130898049427	0.0
1.4843208651072117	0.5471946377003825	0.0
1.4858216951022645	0.5477779111681946	0.0
1.4873225250973174	0.5483628969351365	0.0
1.4888233550923702	0.5489495817046515	0.0
1.4903241850874227	0.5495379521570716	0.0
1.4918250150824757	0.5501279949499849	0.0
1.4933258450775284	0.5507196967182679	0.0
1.4948266750725814	0.551313044074611	0.0
1.4963275050676341	0.5519080236095242	0.0
1.4978283350626869	0.552504621891718	0.0
1.4993291650577396	0.5531028254683449	0.0
1.5008299950527924	0.5537026208652084	0.0
1.5023308250478453	0.5543039945870372	0.0
1.503831655042898	0.5549069331176988	0.0
1.5053324850379508	0.5555114229204887	0.0
1.5068333150330036	0.5561174504383559	0.0
1.5083341450280563	0.5567250020941621	0.0
1.5098349750231093	0.5573340642909083	0.0
1.511335805018162	0.55794462341201	0.0
1.5128366350132147	0.558556665821506	0.0
1.5143374650082675	0.5591701778643743	0.0
1.5158382950033202	0.5597851458666531	0.0
1.5173391249983732	0.5604015561358371	0.0
1.518839954993426	0.5610193949610407	0.0
1.5203407849884787	0.5616386486131836	0.0
1.5218416149835314	0.5622593033453759	0.0
1.5233424449785842	0.5628813453931077	0.0
1.5248432749736371	0.5635047609744035	0.0
1.5263441049686899	0.5641295362902029	0.0
1.5278449349637429	0.5647556575245113	0.0
1.5293457649587954	0.5653831108446917	0.0
1.5308465949538481	0.5660118824016982	0.0
1.532347424948901	0.5666419583303011	0.0
1.5338482549439538	0.5672733247493764	0.0
1.5353490849390068	0.5679059677620755	0.0
1.5368499149340595	0.5685398734561398	0.0
1.538350744929112	0.5691750279040952	0.0
1.539851574924165	0.5698114171635382	0.0
1.5413524049192178	0.5704490272773279	0.0
1.5428532349142707	0.5710878442738925	0.0
1.5443540649093235	0.5717278541673876	0.0
1.545854894904376	0.5723690429580024	0.0
1.547355724899429	0.573011396632195	0.0
1.5488565548944817	0.5736549011628911	0.0
1.5503573848895347	0.5742995425097748	0.0
1.5518582148845874	0.5749453066195565	0.0
1.5533590448796402	0.5755921794261247	0.0
1.5548598748746927	0.5762401468507987	0.0
1.5563607048697456	0.5768891948026668	0.0
1.5578615348647986	0.5775393091787318	0.0
1.5593623648598514	0.5781904758641707	0.0
1.560863194854904	0.5788426807325798	0.0
1.5623640248499568	0.5794959096462733	0.0
1.5638648548450098	0.5801501484564295	0.0
1.5653656848400623	0.5808053830033719	0.0
1.5668665148351153	0.5814615991168168	0.0
1.568367344830168	0.5821187826160514	0.0
1.5698681748252208	0.5827769193103467	0.0
1.5713690048202735	0.5834359949989821	0.0
1.5728698348153265	0.5840959954716314	0.0
1.5743706648103795	0.5847569065084715	0.0
1.575871494805432	0.5854187138805784	0.0
1.5773723248004847	0.5860814033500323	0.0
1.5788731547955377	0.5867449606702739	0.0
1.5803739847905902	0.5874093715862327	0.0
1.5818748147856432	0.5880746218345998	0.0
1.5833756447806961	0.5887406971441191	0.0
1.584876474775749	0.5894075832357617	0.0
1.5863773047708014	0.5900752658229952	0.0
1.5878781347658544	0.5907437306120042	0.0
1.5893789647609073	0.5914129633019188	0.0
1.5908797947559599	0.5920829495851365	0.0
1.5923806247510128	0.5927536751474518	0.0
1.5938814547460656	0.5934251256682939	0.0
1.595382284741118	0.594097286821115	0.0
1.596883114736171	0.5947701442734632	0.0
1.598383944731224	0.595443683687244	0.0
1.5998847747262768	0.5961178907190543	0.0
1.6013856047213293	0.5967927510203446	0.0
1.6028864347163823	0.5974682502376247	0.0
1.6043872647114352	0.5981443740127561	0.0
1.6058880947064877	0.5988211079832431	0.0
1.6073889247015407	0.5994984377823573	0.0
1.6088897546965935	0.600176349039398	0.0
1.6103905846916464	0.6008548273800485	0.0
1.611891414686699	0.6015338584264258	0.0
1.613392244681752	0.6022134277974793	0.0
1.6148930746768049	0.6028935211091043	0.0
1.6163939046718574	0.6035741239744877	0.0
1.6178947346669101	0.6042552220042385	0.0
1.619395564661963	0.6049368008067495	0.0
1.6208963946570156	0.6056188459883292	0.0
1.6223972246520686	0.6063013431534845	0.0
1.6238980546471213	0.6069842779051411	0.0
1.6253988846421743	0.6076676358448938	0.0
1.6268997146372268	0.6083514025732641	0.0
1.6284005446322798	0.6090355636899074	0.0
1.6299013746273328	0.6097201047938305	0.0
1.6314022046223853	0.6104050114836516	0.0
1.632903034617438	0.611090269357907	0.0
1.634403864612491	0.611775864015149	0.0
1.6359046946075435	0.6124617810543321	0.0
1.6374055246025965	0.6131480060749028	0.0
1.6389063545976494	0.6138345246772016	0.0
1.6404071845927022	0.6145213224625472	0.0
1.6419080145877547	0.6152083850335759	0.0
1.6434088445828077	0.615895697994382	0.0
1.6449096745778606	0.6165832469509156	0.0
1.6464105045729132	0.6172710175110461	0.0
1.6479113345679661	0.6179589952849334	0.0
1.6494121645630189	0.6186471658851656	0.0
1.6509129945580718	0.6193355149270332	0.0
1.6524138245531244	0.6200240280288796	0.0
1.6539146545481773	0.6207126908121281	0.0
1.65541548454323	0.6214014889016779	0.0
1.6569163145382828	0.6220904079261039	0.0
1.6584171445333356	0.6227794335178585	0.0
1.6599179745283885	0.6234685513135532	0.0
1.661418804523441	0.624157746954217	0.0
1.662919634518494	0.6248470060854769	0.0
1.6644204645135467	0.6255363143578051	0.0
1.6659212945085997	0.6262256574268399	0.0
1.6674221245036522	0.626915020953536	0.0
1.6689229544987052	0.6276043906044099	0.0
1.6704237844937582	0.6282937520518216	0.0
1.6719246144888107	0.6289830909741878	0.0
1.6734254444838634	0.6296723930562536	0.0
1.6749262744789164	0.6303616439893055	0.0
1.676427104473969	0.6310508294713757	0.0
1.6779279344690219	0.6317399352075965	0.0
1.6794287644640746	0.6324289469103195	0.0
1.6809295944591276	0.6331178502994192	0.0
1.6824304244541801	0.6338066311025019	0.0
1.683931254449233	0.6344952750552013	0.0
1.685432084444286	0.6351837679013637	0.0
1.6869329144393386	0.6358720953932797	0.0
1.6884337444343913	0.636560243292031	0.0
1.6899345744294443	0.6372481973675796	0.0
1.6914354044244972	0.6379359433991558	0.0
1.6929362344195498	0.6386234671753669	0.0
1.6944370644146027	0.6393107544945436	0.0
1.6959378944096555	0.6399977911649581	0.0
1.697438724404708	0.6406845630049978	0.0
1.698939554399761	0.6413710558435317	0.0
1.700440384394814	0.6420572555200069	0.0
1.7019412143898665	0.6427431478847971	0.0
1.7034420443849194	0.6434287187994334	0.0
1.7049428743799722	0.6441139541368396	0.0
1.7064437043750251	0.6447988397814941	0.0
1.7079445343700776	0.6454833616298037	0.0
1.7094453643651306	0.6461675055902818	0.0
1.7109461943601834	0.646851257583785	0.0
1.712447024355236	0.6475346035437742	0.0
1.7139478543502888	0.6482175294165458	0.0
1.7154486843453418	0.6489000211614684	0.0
1.7169495143403943	0.6495820647512449	0.0
1.7184503443354473	0.6502636461721539	0.0
1.7199511743305	0.6509447514243277	0.0
1.721452004325553	0.6516253665219036	0.0
1.7229528343206055	0.6523054774933705	0.0
1.7244536643156585	0.6529850703817315	0.0
1.7259544943107115	0.6536641312447816	0.0
1.727455324305764	0.6543426461553763	0.0
1.7289561543008167	0.6550206012016118	0.0
1.7304569842958697	0.6556979824871272	0.0
1.7319578142909227	0.6563747761313798	0.0
1.7334586442859752	0.6570509682698031	0.0
1.7349594742810281	0.6577265450540917	0.0
1.736460304276081	0.6584014926524209	0.0
1.7379611342711334	0.6590757972497405	0.0
1.7394619642661864	0.6597494450480084	0.0
1.7409627942612393	0.6604224222663483	0.0
1.7424636242562919	0.661094715141449	0.0
1.7439644542513446	0.6617663099276527	0.0
1.7454652842463976	0.6624371928973597	0.0
1.7469661142414505	0.6631073503411083	0.0
1.748466944236503	0.6637767685679337	0.0
1.749967774231556	0.664445433905545	0.0
1.7514686042266088	0.665113332700648	0.0
1.7529694342216613	0.6657804513190804	0.0
1.7544702642167143	0.666446776146161	0.0
1.7559710942117672	0.6671122935868753	0.0
1.75747192420682	0.6677769900661515	0.0
1.7589727542018727	0.6684408520290498	0.0
1.7604735841969255	0.6691038659410826	0.0
1.7619744141919784	0.6697660182884169	0.0
1.763475244187031	0.6704272955781145	0.0
1.764976074182084	0.6710876843383563	0.0
1.7664769041771367	0.6717471711187615	0.0
1.7679777341721894	0.6724057424905371	0.0
1.7694785641672421	0.6730633850468033	0.0
1.770979394162295	0.6737200854027878	0.0
1.772480224157348	0.6743758301960799	0.0
1.7739810541524006	0.6750306060869027	0.0
1.7754818841474533	0.6756843997582553	0.0
1.7769827141425063	0.676337197916316	0.0
1.7784835441375588	0.6769889872905299	0.0
1.7799843741326118	0.6776397546339391	0.0
1.7814852041276648	0.6782894867234638	0.0
1.7829860341227173	0.678938170359979	0.0
1.78448686411777	0.6795857923687604	0.0
1.785987694112823	0.6802323395995447	0.0
1.787488524107876	0.6808777989269374	0.0
1.7889893541029285	0.6815221572505006	0.0
1.7904901840979814	0.6821654014951293	0.0
1.7919910140930342	0.6828075186111837	0.0
1.7934918440880867	0.6834484955747525	0.0
1.7949926740831397	0.6840883193879581	0.0
1.7964935040781926	0.6847269770791415	0.0
1.7979943340732454	0.6853644557030873	0.0
1.7994951640682981	0.6860007423413195	0.0
1.8009959940633509	0.6866358241022882	0.0
1.8024968240584038	0.6872696881216184	0.0
1.8039976540534564	0.6879023215623572	0.0
1.8054984840485093	0.6885337116152568	0.0
1.806999314043562	0.6891638454989034	0.0
1.8085001440386146	0.6897927104600419	0.0
1.8100009740336676	0.6904202937738093	0.0
1.8115018040287205	0.6910465827439382	0.0
1.8130026340237735	0.6916715647029468	0.0
1.814503464018826	0.6922952270124663	0.0
1.8160042940138788	0.6929175570635042	0.0
1.8175051240089317	0.6935385422765167	0.0
1.8190059540039842	0.6941581701017884	0.0
1.8205067839990372	0.6947764280196129	0.0
1.82200761399409	0.6953933035405392	0.0
1.8235084439891427	0.696008784205566	0.0
1.8250092739841954	0.6966228575864193	0.0
1.8265101039792484	0.6972355112857316	0.0
1.8280109339743014	0.6978467329373937	0.0
1.8295117639693539	0.6984565102066166	0.0
1.8310125939644066	0.6990648307902763	0.0
1.8325134239594596	0.6996716824170875	0.0
1.8340142539545121	0.7002770528478939	0.0
1.835515083949565	0.7008809298758523	0.0
1.837015913944618	0.70148330132661	0.0
1.8385167439396708	0.7020841550585946	0.0
1.8400175739347233	0.7026834789633475	0.0
1.8415184039297763	0.7032812609655075	0.0
1.8430192339248292	0.703877489023168	0.0
1.8445200639198818	0.7044721511281935	0.0
1.8460208939149347	0.7050652353062519	0.0
1.8475217239099875	0.7056567296171381	0.0
1.84902255390504	0.7062466221550301	0.0
1.850523383900093	0.7068349010486539	0.0
1.852024213895146	0.7074215544614637	0.0
1.8535250438901987	0.7080065705919966	0.0
1.8550258738852514	0.7085899376739586	0.0
1.8565267038803042	0.709171643976553	0.0
1.8580275338753571	0.7097516778045886	0.0
1.8595283638704097	0.710330027498801	0.0
1.8610291938654626	0.7109066814359357	0.0
1.8625300238605154	0.7114816280291049	0.0
1.864030853855568	0.7120548557279168	0.0
1.8655316838506208	0.7126263530187372	0.0
1.8670325138456738	0.7131961084248355	0.0
1.8685333438407268	0.7137641105067392	0.0
1.8700341738357793	0.7143303478622254	0.0
1.871535003830832	0.7148948091267796	0.0
1.873035833825885	0.715457482973535	0.0
1.8745366638209375	0.7160183581137316	0.0
1.8760374938159905	0.716577423296771	0.0
1.8775383238110435	0.7171346673104692	0.0
1.8790391538060962	0.7176900789812768	0.0
1.8805399838011487	0.7182436471744473	0.0
1.8820408137962017	0.718795360794313	0.0
1.8835416437912547	0.7193452087844041	0.0
1.8850424737863072	0.7198931801276683	0.0
1.88654330378136	0.7204392638466941	0.0
1.888044133776413	0.7209834490039202	0.0
1.8895449637714654	0.7215257247018025	0.0
1.8910457937665184	0.7220660800830339	0.0
1.8925466237615713	0.7226045043307495	0.0
1.894047453756624	0.7231409866687101	0.0
1.8955482837516766	0.723675516361472	0.0
1.8970491137467296	0.724208082714588	0.0
1.8985499437417825	0.7247386750748976	0.0
1.900050773736835	0.7252672828305875	0.0
1.901551603731888	0.7257938954114023	0.0
1.9030524337269408	0.7263185022889005	0.0
1.9045532637219937	0.7268410929766146	0.0
1.9060540937170463	0.7273616570302547	0.0
1.9075549237120992	0.7278801840478022	0.0
1.909055753707152	0.7283966636698231	0.0
1.9105565837022047	0.7289110855795653	0.0
1.9120574136972575	0.7294234395032332	0.0
1.9135582436923104	0.7299337152099901	0.0
1.915059073687363	0.7304419025123684	0.0
1.916559903682416	0.73094799126626	0.0
1.9180607336774687	0.7314519713712555	0.0
1.9195615636725216	0.7319538327706875	0.0
1.9210623936675741	0.732453565451887	0.0
1.922563223662627	0.7329511594462389	0.0
1.92406405365768	0.7334466048295797	0.0
1.9255648836527326	0.7339398917221231	0.0
1.9270657136477853	0.7344310102888344	0.0
1.9285665436428383	0.7349199507394565	0.0
1.9300673736378908	0.7354067033287709	0.0
1.9315682036329438	0.7358912583567209	0.0
1.9330690336279968	0.736373606168568	0.0
1.9345698636230495	0.736853737155096	0.0
1.936070693618102	0.7373316417527196	0.0
1.937571523613155	0.7378073104437328	0.0
1.939072353608208	0.7382807337564072	0.0
1.9405731836032605	0.7387519022651727	0.0
1.9420740135983134	0.7392208065907588	0.0
1.9435748435933662	0.7396874374003332	0.0
1.9450756735884192	0.7401517854077567	0.0
1.9465765035834717	0.7406138413736382	0.0
1.9480773335785246	0.7410735961055088	0.0
1.9495781635735774	0.741531040458014	0.0
1.95107899356863	0.7419861653330276	0.0
1.9525798235636829	0.742438961679832	0.0
1.9540806535587358	0.7428894204952317	0.0
1.9555814835537884	0.7433375328237335	0.0
1.9570823135488413	0.7437832897576615	0.0
1.958583143543894	0.7442266824373436	0.0
1.960083973538947	0.7446677020512302	0.0
1.9615848035339996	0.7451063398360154	0.0
1.9630856335290525	0.7455425870768309	0.0
1.9645864635241053	0.745976435107342	0.0
1.966087293519158	0.7464078753099047	0.0
1.9675881235142108	0.7468368991157048	0.0
1.9690889535092637	0.7472634980048771	0.0
1.9705897835043162	0.7476876635066377	0.0
1.9720906134993692	0.748109387199501	0.0
1.973591443494422	0.7485286607112819	0.0
1.975092273489475	0.7489454757193064	0.0
1.9765931034845274	0.7493598239505546	0.0
1.9780939334795804	0.7497716971817006	0.0
1.9795947634746334	0.750181087239341	0.0
1.981095593469686	0.7505879860000555	0.0
1.9825964234647386	0.7509923853905658	0.0
1.9840972534597916	0.7513942773878424	0.0
1.9855980834548446	0.7517936540192102	0.0
1.987098913449897	0.7521905073625201	0.0
1.98859974344495	0.7525848295462165	0.0
1.9901005734400028	0.7529766127494645	0.0
1.9916014034350553	0.7533658492023118	0.0
1.9931022334301083	0.7537525311857266	0.0
1.9946030634251612	0.7541366510317926	0.0
1.9961038934202138	0.7545182011237711	0.0
1.9976047234152667	0.7548971738962351	0.0
1.9991055534103195	0.7552735618350918	0.0
2.0006063834053722	0.7556473574778776	0.0
2.002107213400425	0.7560185534137022	0.0
2.0036080433954777	0.7563871422834022	0.0
2.005108873390531	0.7567531167796736	0.0
2.006609703385583	0.7571164696471315	0.0
2.0081105333806364	0.7574771936824519	0.0
2.009611363375689	0.7578352817344544	0.0
2.011112193370742	0.7581907267042065	0.0
2.0126130233657946	0.7585435215450637	0.0
2.0141138533608474	0.7588936592629298	0.0
2.0156146833559005	0.7592411329161346	0.0
2.017115513350953	0.7595859356157109	0.0
2.0186163433460056	0.75992806052536	0.0
2.020117173341059	0.7602675008616376	0.0
2.021618003336111	0.7606042498939953	0.0
2.0231188333311643	0.7609383009448938	0.0
2.024619663326217	0.761269647389815	0.0
2.0261204933212698	0.7615982826574639	0.0
2.0276213233163225	0.7619242002297886	0.0
2.0291221533113752	0.7622473936420939	0.0
2.0306229833064284	0.7625678564830678	0.0
2.0321238133014807	0.7628855823949294	0.0
2.0336246432965335	0.7632005650734888	0.0
2.0351254732915867	0.7635127982682297	0.0
2.036626303286639	0.7638222757823523	0.0
2.038127133281692	0.7641289914728686	0.0
2.039627963276745	0.7644329392507132	0.0
2.0411287932717976	0.7647341130808013	0.0
2.0426296232668504	0.7650325069820444	0.0
2.044130453261903	0.765328115027505	0.0
2.0456312832569563	0.7656209313444547	0.0
2.0471321132520086	0.7659109501143471	0.0
2.048632943247062	0.7661981655730341	0.0
2.0501337732421145	0.766482572010726	0.0
2.0516346032371673	0.7667641637720841	0.0
2.05313543323222	0.7670429352563417	0.0
2.0546362632272728	0.7673188809172826	0.0
2.0561370932223255	0.7675919952633273	0.0
2.0576379232173783	0.7678622728576099	0.0
2.059138753212431	0.7681297083180902	0.0
2.060639583207484	0.7683942963174883	0.0
2.0621404132025365	0.76865603158346	0.0
2.0636412431975897	0.7689149088986432	0.0
2.0651420731926424	0.7691709231006245	0.0
2.066642903187695	0.7694240690820147	0.0
2.068143733182748	0.7696743417905696	0.0
2.0696445631778007	0.7699217362292594	0.0
2.071145393172854	0.7701662474562294	0.0
2.072646223167906	0.7704078705849216	0.0
2.074147053162959	0.7706466007839895	0.0
2.075647883158012	0.7708824332775874	0.0
2.0771487131530644	0.7711153633451999	0.0
2.0786495431481176	0.7713453863218102	0.0
2.0801503731431703	0.7715724975978695	0.0
2.081651203138223	0.7717966926193944	0.0
2.083152033133276	0.7720179668879738	0.0
2.0846528631283285	0.7722363159608083	0.0
2.0861536931233817	0.7724517354509065	0.0
2.087654523118434	0.7726642210268021	0.0
2.089155353113487	0.7728737684128961	0.0
2.09065618310854	0.7730803733893641	0.0
2.0921570131035927	0.7732840317921561	0.0
2.0936578430986454	0.7734847395131695	0.0
2.095158673093698	0.7736824925001324	0.0
2.096659503088751	0.77387728675672	0.0
2.0981603330838037	0.7740691183425722	0.0
2.0996611630788564	0.7742579833733333	0.0
2.1011619930739096	0.7744438780206474	0.0
2.102662823068962	0.7746267985122722	0.0
2.104163653064015	0.7748067411320329	0.0
2.105664483059068	0.774983702219828	0.0
2.1071653130541206	0.7751576781717204	0.0
2.1086661430491733	0.775328665439941	0.0
2.110166973044226	0.7754966605329401	0.0
2.111667803039279	0.7756616600153915	0.0
2.1131686330343316	0.7758236605081795	0.0
2.1146694630293843	0.7759826586884255	0.0
2.1161702930244375	0.7761386512895974	0.0
2.11767112301949	0.7762916351014483	0.0
2.119171953014543	0.7764416069700619	0.0
2.1206727830095957	0.7765885637978738	0.0
2.1221736130046485	0.7767325025436898	0.0
2.123674442999701	0.7768734202226406	0.0
2.125175272994754	0.7770113139063122	0.0
2.126676102989807	0.7771461807227156	0.0
2.1281769329848594	0.7772780178562329	0.0
2.129677762979912	0.7774068225477564	0.0
2.1311785929749654	0.7775325920945787	0.0
2.132679422970018	0.7776553238504931	0.0
2.134180252965071	0.7777750152257946	0.0
2.1356810829601236	0.7778916636872222	0.0
2.1371819129551763	0.7780052667580531	0.0
2.138682742950229	0.7781158220180681	0.0
2.140183572945282	0.7782233271035413	0.0
2.141684402940335	0.7783277797073112	0.0
2.1431852329353873	0.7784291775787164	0.0
2.1446860629304405	0.7785275185236378	0.0
2.1461868929254933	0.7786228004045104	0.0
2.147687722920546	0.7787150211403275	0.0
2.1491885529155987	0.778804178706613	0.0
2.1506893829106515	0.7788902711354968	0.0
2.1521902129057042	0.7789732965156113	0.0
2.153691042900757	0.779053252992163	0.0
2.1551918728958097	0.7791301387669118	0.0
2.156692702890863	0.7792039520981832	0.0
2.158193532885915	0.7792746913008746	0.0
2.1596943628809684	0.779342354746426	0.0
2.161195192876021	0.7794069408628163	0.0
2.162696022871074	0.7794684481346128	0.0
2.1641968528661266	0.7795268751029092	0.0
2.1656976828611794	0.7795822203653333	0.0
2.1671985128562326	0.7796344825760665	0.0
2.168699342851285	0.7796836604457927	0.0
2.1702001728463376	0.7797297527417542	0.0
2.171701002841391	0.7797727582877096	0.0
2.1732018328364435	0.7798126759639021	0.0
2.1747026628314963	0.7798495047070771	0.0
2.176203492826549	0.7798832435104897	0.0
2.1777043228216018	0.7799138914238838	0.0
2.1792051528166545	0.7799414475534506	0.0
2.1807059828117072	0.7799659110618641	0.0
2.1822068128067604	0.7799872811682167	0.0
2.1837076428018127	0.7800055571480378	0.0
2.1852084727968655	0.7800207383332352	0.0
2.1867093027919187	0.7800328241122	0.0
2.1882101327869714	0.7800418139297058	0.0
2.189710962782024	0.7800477072868585	0.0
2.191211792777077	0.7800505037411045	0.0
2.1927126227721296	0.7800502029063151	0.0
2.1942134527671824	0.7800468044525826	0.0
2.195714282762235	0.7800403081064058	0.0
2.1972151127572883	0.780030713650472	0.0
2.198715942752341	0.7800180209238088	0.0
2.200216772747394	0.7800022298216325	0.0
2.2017176027424465	0.7799833402954303	0.0
2.2032184327374993	0.7799613523528744	0.0
2.204719262732552	0.7799362660578402	0.0
2.2062200927276048	0.7799080815302972	0.0
2.2077209227226575	0.7798767989463881	0.0
2.2092217527177103	0.7798424185383628	0.0
2.210722582712763	0.7798049405945637	0.0
2.212223412707816	0.7797643654593654	0.0
2.213724242702869	0.7797206935332026	0.0
2.2152250726979217	0.779673925272526	0.0
2.2167259026929744	0.7796240611897048	0.0
2.218226732688027	0.779571101853102	0.0
2.21972756268308	0.7795150478869928	0.0
2.2212283926781327	0.7794558999715194	0.0
2.222729222673186	0.7793936588427457	0.0
2.224230052668238	0.7793283252924875	0.0
2.225730882663291	0.7792599001683828	0.0
2.227231712658344	0.779188384373873	0.0
2.228732542653397	0.7791137788680845	0.0
2.2302333726484496	0.7790360846659076	0.0
2.2317342026435023	0.7789553028377783	0.0
2.233235032638555	0.7788714345098481	0.0
2.234735862633608	0.7787844808638322	0.0
2.2362366926286605	0.7786944431370012	0.0
2.2377375226237137	0.7786013226221986	0.0
2.2392383526187665	0.778505120667681	0.0
2.2407391826138188	0.7784058386771766	0.0
2.242240012608872	0.778303478109817	0.0
2.2437408426039247	0.7781980404800576	0.0
2.2452416725989774	0.7780895273577298	0.0
2.24674250259403	0.7779779403679445	0.0
2.248243332589083	0.7778632811910253	0.0
2.2497441625841357	0.7777455515625107	0.0
2.2512449925791884	0.7776247532730683	0.0
2.2527458225742416	0.7775008881684614	0.0
2.2542466525692944	0.7773739581496506	0.0
2.255747482564347	0.777243965172449	0.0
2.2572483125594	0.7771109112477173	0.0
2.2587491425544526	0.7769747984412549	0.0
2.2602499725495053	0.7768356288736842	0.0
2.261750802544558	0.7766934047205516	0.0
2.263251632539611	0.7765481282120856	0.0
2.2647524625346636	0.7763998016333118	0.0
2.2662532925297163	0.7762484273238524	0.0
2.2677541225247695	0.7760940076781063	0.0
2.2692549525198222	0.7759365451449641	0.0
2.270755782514875	0.7757760422277942	0.0
2.2722566125099277	0.7756125014845199	0.0
2.2737574425049805	0.7754459255274475	0.0
2.275258272500033	0.77527631702324	0.0
2.276759102495086	0.7751036786928858	0.0
2.278259932490139	0.7749280133116323	0.0
2.279760762485192	0.7747493237088349	0.0
2.281261592480244	0.7745676127680939	0.0
2.2827624224752974	0.7743828834270641	0.0
2.28426325247035	0.7741951386773823	0.0
2.285764082465403	0.774004381564632	0.0
2.2872649124604556	0.7738106151882915	0.0
2.2887657424555083	0.7736138427017114	0.0
2.290266572450561	0.7734140673119909	0.0
2.291767402445614	0.7732112922799259	0.0
2.293268232440667	0.7730055209199793	0.0
2.2947690624357198	0.772796756600176	0.0
2.2962698924307725	0.7725850027419876	0.0
2.2977707224258253	0.7723702628204389	0.0
2.299271552420878	0.772152540363881	0.0
2.3007723824159307	0.7719318389539875	0.0
2.3022732124109835	0.7717081622255978	0.0
2.3037740424060362	0.7714815138668016	0.0
2.3052748724010894	0.7712518976187518	0.0
2.3067757023961417	0.7710193172755718	0.0
2.308276532391195	0.770783776684435	0.0
2.3097773623862476	0.7705452797453414	0.0
2.3112781923813004	0.7703038304110861	0.0
2.312779022376353	0.7700594326871992	0.0
2.314279852371406	0.7698120906318556	0.0
2.3157806823664586	0.7695618083558122	0.0
2.3172815123615114	0.7693085900223501	0.0
2.318782342356564	0.7690524398470469	0.0
2.3202831723516173	0.7687933620979477	0.0
2.3217840023466696	0.7685313610952804	0.0
2.323284832341723	0.768266441211462	0.0
2.3247856623367755	0.7679986068710264	0.0
2.3262864923318283	0.7677278625504769	0.0
2.327787322326881	0.7674542127782293	0.0
2.3292881523219338	0.767177662134551	0.0
2.3307889823169865	0.766898215251478	0.0
2.3322898123120392	0.7666158768126652	0.0
2.3337906423070924	0.7663306515533895	0.0
2.335291472302145	0.7660425442603899	0.0
2.3367923022971975	0.765751559771754	0.0
2.3382931322922507	0.7654577029769563	0.0
2.3397939622873034	0.7651609788165956	0.0
2.341294792282356	0.7648613922824006	0.0
2.342795622277409	0.7645589484171837	0.0
2.3442964522724616	0.7642536523146539	0.0
2.345797282267515	0.763945509119328	0.0
2.347298112262567	0.7636345240264487	0.0
2.3487989422576203	0.7633207022819035	0.0
2.350299772252673	0.7630040491821243	0.0
2.351800602247726	0.7626845700740053	0.0
2.3533014322427785	0.7623622703546986	0.0
2.3548022622378313	0.762037155471641	0.0
2.356303092232884	0.7617092309224353	0.0
2.3578039222279368	0.7613785022546214	0.0
2.3593047522229895	0.7610449750656959	0.0
2.3608055822180427	0.7607086550030059	0.0
2.362306412213095	0.7603695477635258	0.0
2.363807242208148	0.7600276590938876	0.0
2.365308072203201	0.7596829947901778	0.0
2.3668089021982537	0.7593355606978578	0.0
2.3683097321933064	0.7589853627116648	0.0
2.369810562188359	0.7586324067754913	0.0
2.371311392183412	0.758276698882272	0.0
2.3728122221784647	0.7579182450738469	0.0
2.374313052173518	0.7575570514408575	0.0
2.3758138821685706	0.7571931241226739	0.0
2.377314712163623	0.7568264693071718	0.0
2.378815542158676	0.7564570932307435	0.0
2.380316372153729	0.7560850021780843	0.0
2.3818172021487816	0.7557102024821152	0.0
2.3833180321438343	0.755332700523821	0.0
2.384818862138887	0.75495250273218	0.0
2.3863196921339402	0.7545696155840017	0.0
2.3878205221289925	0.7541840456037732	0.0
2.3893213521240457	0.7537957993636284	0.0
2.3908221821190985	0.7534048834831564	0.0
2.3923230121141508	0.7530113046292237	0.0
2.393823842109204	0.7526150695159567	0.0
2.3953246721042567	0.7522161849045514	0.0
2.3968255020993094	0.7518146576031364	0.0
2.398326332094362	0.7514104944665985	0.0
2.399827162089415	0.7510037023965156	0.0
2.401327992084468	0.7505942883410469	0.0
2.4028288220795204	0.750182259294712	0.0
2.4043296520745736	0.7497676222983259	0.0
2.4058304820696264	0.7493503844387375	0.0
2.407331312064679	0.748930552848881	0.0
2.408832142059732	0.7485081347075349	0.0
2.4103329720547846	0.7480831372391036	0.0
2.4118338020498373	0.7476555677135825	0.0
2.41333463204489	0.747225433446383	0.0
2.414835462039943	0.7467927417981914	0.0
2.416336292034996	0.7463575001747857	0.0
2.4178371220300483	0.7459197160269285	0.0
2.4193379520251015	0.7454793968502449	0.0
2.4208387820201542	0.7450365501850074	0.0
2.422339612015207	0.7445911836159607	0.0
2.4238404420102597	0.744143304772326	0.0
2.4253412720053125	0.7436929213274635	0.0
2.4268421020003657	0.7432400409988217	0.0
2.428342931995418	0.7427846715477554	0.0
2.429843761990471	0.7423268207793846	0.0
2.431344591985524	0.741866496542403	0.0
2.432845421980576	0.7414037067289743	0.0
2.4343462519756294	0.7409384592745261	0.0
2.435847081970682	0.7404707621575496	0.0
2.437347911965735	0.7400006233996015	0.0
2.4388487419607876	0.7395280510649593	0.0
2.4403495719558403	0.7390530532604679	0.0
2.4418504019508935	0.7385756381355972	0.0
2.443351231945946	0.7380958138819793	0.0
2.444852061940999	0.7376135887334324	0.0
2.4463528919360518	0.7371289709656923	0.0
2.447853721931104	0.7366419688963626	0.0
2.4493545519261573	0.7361525908846523	0.0
2.45085538192121	0.7356608453311233	0.0
2.452356211916263	0.7351667406777402	0.0
2.4538570419113155	0.7346702854075132	0.0
2.4553578719063682	0.7341714880443894	0.0
2.4568587019014214	0.7336703571530995	0.0
2.4583595318964737	0.733166901338874	0.0
2.459860361891527	0.7326611292474553	0.0
2.4613611918865796	0.7321530495647232	0.0
2.4628620218816324	0.7316426710166505	0.0
2.464362851876685	0.731130002369056	0.0
2.465863681871738	0.7306150524274532	0.0
2.467364511866791	0.7300978300368212	0.0
2.4688653418618434	0.7295783440814885	0.0
2.470366171856896	0.7290566034848912	0.0
2.4718670018519493	0.7285326172094121	0.0
2.4733678318470016	0.7280063942562089	0.0
2.474868661842055	0.7274779436650175	0.0
2.4763694918371075	0.7269472745139414	0.0
2.4778703218321603	0.7264143959192717	0.0
2.479371151827213	0.7258793170353217	0.0
2.4808719818222658	0.7253420470542224	0.0
2.482372811817319	0.7248025952057093	0.0
2.4838736418123712	0.7242609707569385	0.0
2.4853744718074244	0.7237171830123136	0.0
2.486875301802477	0.7231712413132801	0.0
2.4883761317975295	0.7226231550381264	0.0
2.4898769617925827	0.7220729336018095	0.0
2.4913777917876354	0.7215205864556504	0.0
2.492878621782688	0.7209661230873314	0.0
2.494379451777741	0.7204095530205474	0.0
2.4958802817727936	0.7198508858148089	0.0
2.497381111767847	0.7192901310652942	0.0
2.498881941762899	0.71872729840264	0.0
2.5003827717579523	0.7181623974927802	0.0
2.501883601753005	0.7175954380366126	0.0
2.503384431748058	0.717026429769891	0.0
2.5048852617431105	0.7164553824630551	0.0
2.5063860917381633	0.7158823059209006	0.0
2.5078869217332165	0.7153072099825183	0.0
2.509387751728269	0.7147301045209291	0.0
2.5108885817233215	0.7141509994430407	0.0
2.5123894117183747	0.713569904689295	0.0
2.513890241713427	0.7129868302335838	0.0
2.51539107170848	0.7124017860829313	0.0
2.516891901703533	0.7118147822773289	0.0
2.5183927316985857	0.7112258288895881	0.0
2.5198935616936384	0.7106349360249734	0.0
2.521394391688691	0.7100421138211477	0.0
2.5228952216837444	0.7094473724478328	0.0
2.5243960516787967	0.7088507221066794	0.0
2.5258968816738494	0.7082521730310182	0.0
2.5273977116689026	0.7076517354856737	0.0
2.528898541663955	0.707049419766703	0.0
2.530399371659008	0.7064452362011954	0.0
2.531900201654061	0.7058391951470852	0.0
2.5334010316491136	0.7052313069928628	0.0
2.5349018616441663	0.7046215821574231	0.0
2.536402691639219	0.7040100310898361	0.0
2.5379035216342722	0.7033966642691285	0.0
2.5394043516293245	0.7027814922040204	0.0
2.5409051816243777	0.7021645254327157	0.0
2.5424060116194305	0.7015457745227457	0.0
2.5439068416144828	0.7009252500706737	0.0
2.545407671609536	0.7003029627018882	0.0
2.5469085016045887	0.6996789230703845	0.0
2.5484093315996414	0.6990531418585402	0.0
2.549910161594694	0.6984256297769454	0.0
2.551410991589747	0.6977963975640952	0.0
2.5529118215848	0.6971654559861673	0.0
2.5544126515798524	0.6965328158369075	0.0
2.5559134815749056	0.6958984879371856	0.0
2.5574143115699584	0.6952624831350377	0.0
2.558915141565011	0.6946248123052385	0.0
2.560415971560064	0.6939854863491937	0.0
2.5619168015551166	0.6933445161946089	0.0
2.5634176315501698	0.6927019127953512	0.0
2.564918461545222	0.6920576871311536	0.0
2.566419291540275	0.6914118502074199	0.0
2.567920121535328	0.6907644130549976	0.0
2.5694209515303803	0.690115386729963	0.0
2.5709217815254335	0.6894647823133631	0.0
2.5724226115204862	0.6888126109109833	0.0
2.573923441515539	0.6881588836531134	0.0
2.5754242715105917	0.6875036116943288	0.0
2.5769251015056445	0.6868468062133035	0.0
2.5784259315006977	0.686188478412489	0.0
2.57992676149575	0.6855286395179184	0.0
2.581427591490803	0.6848673007790927	0.0
2.582928421485856	0.6842044734685259	0.0
2.584429251480908	0.6835401688816759	0.0
2.5859300814759614	0.6828743983366531	0.0
2.587430911471014	0.6822071731739912	0.0
2.588931741466067	0.6815385047564332	0.0
2.5904325714611196	0.6808684044687173	0.0
2.5919334014561723	0.6801968837172615	0.0
2.5934342314512255	0.6795239539300021	0.0
2.594935061446278	0.6788496265561452	0.0
2.596435891441331	0.6781739130659141	0.0
2.5979367214363838	0.6774968249503981	0.0
2.5994375514314365	0.6768183737211696	0.0
2.6009383814264893	0.6761385709101552	0.0
2.602439211421542	0.6754574280693851	0.0
2.6039400414165947	0.6747749567707267	0.0
2.6054408714116475	0.6740911686057474	0.0
2.6069417014067002	0.6734060751853302	0.0
2.6084425314017534	0.6727196881395234	0.0
2.6099433613968057	0.6720320191173487	0.0
2.611444191391859	0.6713430797864657	0.0
2.6129450213869116	0.6706528818330519	0.0
2.6144458513819644	0.669961436961436	0.0
2.615946681377017	0.6692687568939574	0.0
2.61744751137207	0.6685748533707545	0.0
2.618948341367123	0.6678797381494446	0.0
2.6204491713621754	0.6671834230049115	0.0
2.621950001357228	0.6664859197291177	0.0
2.6234508313522813	0.6657872401307761	0.0
2.6249516613473336	0.6650873960353044	0.0
2.626452491342387	0.6643863992843451	0.0
2.6279533213374395	0.6636842617357535	0.0
2.6294541513324923	0.6629809952632092	0.0
2.630954981327545	0.6622766117560215	0.0
2.6324558113225978	0.6615711231189486	0.0
2.633956641317651	0.6608645412718896	0.0
2.6354574713127032	0.6601568781497122	0.0
2.6369583013077564	0.6594481457019812	0.0
2.638459131302809	0.6587383558927545	0.0
2.639959961297862	0.658027520700301	0.0
2.6414607912929147	0.6573156521169453	0.0
2.6429616212879674	0.6566027621487612	0.0
2.64446245128302	0.6558888628153929	0.0
2.645963281278073	0.6551739661497497	0.0
2.6474641112731256	0.6544580841978606	0.0
2.648964941268179	0.6537412290185788	0.0
2.650465771263231	0.6530234126834079	0.0
2.6519666012582843	0.6523046472762122	0.0
2.653467431253337	0.6515849448930073	0.0
2.65496826124839	0.6508643176417018	0.0
2.6564690912434425	0.6501427776419648	0.0
2.6579699212384953	0.6494203370248479	0.0
2.6594707512335485	0.6486970079327036	0.0
2.660971581228601	0.6479728025188385	0.0
2.6624724112236535	0.6472477329473347	0.0
2.6639732412187067	0.6465218113927907	0.0
2.665474071213759	0.6457950500401857	0.0
2.666974901208812	0.6450674610845083	0.0
2.668475731203865	0.6443390567306287	0.0
2.6699765611989177	0.6436098491930176	0.0
2.6714773911939704	0.6428798506955395	0.0
2.672978221189023	0.642149073471245	0.0
2.6744790511840764	0.641417529762099	0.0
2.6759798811791287	0.640685231818825	0.0
2.6774807111741814	0.639952191900566	0.0
2.6789815411692346	0.639218422274741	0.0
2.6804823711642873	0.6384839352168103	0.0
2.68198320115934	0.6377487430100401	0.0
2.683484031154393	0.6370128579452486	0.0
2.6849848611494456	0.6362762923206116	0.0
2.6864856911444983	0.6355390584414162	0.0
2.687986521139551	0.6348011686198624	0.0
2.6894873511346042	0.634062635174861	0.0
2.6909881811296565	0.6333234704317047	0.0
2.6924890111247097	0.6325836867219768	0.0
2.6939898411197625	0.6318432963832252	0.0
2.695490671114815	0.6311023117587847	0.0
2.696991501109868	0.6303607451975151	0.0
2.6984923311049207	0.6296186090536733	0.0
2.6999931610999734	0.6288759156865825	0.0
2.701493991095026	0.6281326774604975	0.0
2.702994821090079	0.6273889067442383	0.0
2.704495651085132	0.6266446159112162	0.0
2.7059964810801844	0.6258998173389614	0.0
2.7074973110752376	0.6251545234090378	0.0
2.7089981410702904	0.6244087465067821	0.0
2.710498971065343	0.6236624990211055	0.0
2.711999801060396	0.6229157933442958	0.0
2.7135006310554486	0.6221686418717228	0.0
2.7150014610505018	0.6214210570017175	0.0
2.716502291045554	0.6206730511352225	0.0
2.718003121040607	0.6199246366757023	0.0
2.71950395103566	0.6191758260288591	0.0
2.7210047810307127	0.6184266316024142	0.0
2.7225056110257655	0.6176770658059895	0.0
2.7240064410208182	0.6169271410507019	0.0
2.725507271015871	0.6161768697491219	0.0
2.7270081010109237	0.6154262643149591	0.0
2.7285089310059765	0.6146753371628917	0.0
2.7300097610010297	0.6139241007083707	0.0
2.731510590996082	0.6131725673673307	0.0
2.7330114209911347	0.6124207495560154	0.0
2.734512250986188	0.6116686596907882	0.0
2.7360130809812406	0.6109163101878772	0.0
2.7375139109762934	0.6101637134632227	0.0
2.739014740971346	0.6094108819321536	0.0
2.740515570966399	0.6086578280093099	0.0
2.7420164009614516	0.6079045641083648	0.0
2.7435172309565043	0.6071511026417608	0.0
2.7450180609515575	0.6063974560205865	0.0
2.7465188909466103	0.6056436366543304	0.0
2.748019720941663	0.6048896569506741	0.0
2.7495205509367158	0.6041355293152573	0.0
2.7510213809317685	0.6033812661515051	0.0
2.7525222109268213	0.6026268798604156	0.0
2.754023040921874	0.6018723828403139	0.0
2.7555238709169267	0.6011177874866835	0.0
2.7570247009119795	0.6003631061919364	0.0
2.7585255309070322	0.5996083513451579	0.0
2.7600263609020854	0.5988535353320361	0.0
2.761527190897138	0.5980986705345497	0.0
2.763028020892191	0.59734376933076	0.0
2.7645288508872436	0.5965888440945994	0.0
2.7660296808822964	0.5958339071957391	0.0
2.767530510877349	0.5950789709993268	0.0
2.769031340872402	0.5943240478657318	0.0
2.770532170867455	0.5935691501504694	0.0
2.7720330008625074	0.5928142902038857	0.0
2.77353383085756	0.5920594803709629	0.0
2.7750346608526133	0.5913047329912202	0.0
2.776535490847666	0.5905500603983528	0.0
2.778036320842719	0.5897954749201278	0.0
2.7795371508377715	0.5890409888781729	0.0
2.7810379808328243	0.5882866145877902	0.0
2.782538810827877	0.5875323643576139	0.0
2.7840396408229298	0.5867782504895998	0.0
2.785540470817983	0.5860242852787124	0.0
2.7870413008130357	0.5852704810127933	0.0
2.7885421308080884	0.5845168499722314	0.0
2.790042960803141	0.5837634044299037	0.0
2.791543790798194	0.5830101566508565	0.0
2.7930446207932467	0.5822571188922593	0.0
2.7945454507882994	0.581504303403013	0.0
2.796046280783352	0.5807517224236867	0.0
2.797547110778405	0.5799993881862392	0.0
2.7990479407734576	0.5792473129139024	0.0
2.800548770768511	0.5784955088209157	0.0
2.8020496007635636	0.5777439881123059	0.0
2.8035504307586163	0.5769927629837683	0.0
2.805051260753669	0.576241845621418	0.0
2.806552090748722	0.5754912482015356	0.0
2.8080529207437745	0.574740982890539	0.0
2.8095537507388273	0.573991061844576	0.0
2.81105458073388	0.573241497209504	0.0
2.812555410728933	0.5724923011205457	0.0
2.8140562407239855	0.5717434857022006	0.0
2.8155570707190387	0.5709950630679761	0.0
2.8170579007140915	0.570247045320251	0.0
2.818558730709144	0.5694994445500364	0.0
2.820059560704197	0.5687522728367894	0.0
2.8215603906992497	0.5680055422481937	0.0
2.8230612206943024	0.5672592648400194	0.0
2.824562050689355	0.5665134526558565	0.0
2.8260628806844084	0.5657681177270223	0.0
2.827563710679461	0.5650232720722358	0.0
2.8290645406745134	0.5642789276974699	0.0
2.8305653706695666	0.5635350965958275	0.0
2.8320662006646193	0.5627917907472594	0.0
2.833567030659672	0.5620490221183817	0.0
2.835067860654725	0.5613068026622894	0.0
2.8365686906497776	0.5605651443184317	0.0
2.8380695206448303	0.5598240590122989	0.0
2.839570350639883	0.5590835586552891	0.0
2.8410711806349362	0.5583436551445257	0.0
2.842572010629989	0.5576043603626226	0.0
2.8440728406250417	0.5568656861774864	0.0
2.8455736706200945	0.556127644442222	0.0
2.847074500615147	0.5553902469947677	0.0
2.8485753306102	0.5546535056578707	0.0
2.8500761606052527	0.5539174322387797	0.0
2.8515769906003055	0.5531820385291278	0.0
2.853077820595358	0.5524473363046395	0.0
2.854578650590411	0.5517133373250477	0.0
2.856079480585464	0.550980053333819	0.0
2.857580310580517	0.5502474960580483	0.0
2.8590811405755696	0.5495156772081096	0.0
2.8605819705706224	0.5487846084776787	0.0
2.862082800565675	0.5480543015433216	0.0
2.863583630560728	0.5473247680644678	0.0
2.8650844605557806	0.5465960196831198	0.0
2.8665852905508338	0.5458680680237143	0.0
2.8680861205458865	0.5451409246928963	0.0
2.869586950540939	0.5444146012793576	0.0
2.871087780535992	0.5436891093536029	0.0
2.8725886105310448	0.5429644604677893	0.0
2.8740894405260975	0.5422406661555177	0.0
2.8755902705211502	0.5415177379316374	0.0
2.877091100516203	0.5407956872921258	0.0
2.8785919305112557	0.5400745257137363	0.0
2.8800927605063085	0.5393542646539982	0.0
2.8815935905013617	0.538634915550861	0.0
2.8830944204964144	0.537916489822599	0.0
2.8845952504914667	0.5371989988675995	0.0
2.88609608048652	0.5364824540641592	0.0
2.8875969104815726	0.5357668667702759	0.0
2.8890977404766254	0.5350522483235216	0.0
2.890598570471678	0.5343386100407916	0.0
2.892099400466731	0.5336259632180815	0.0
2.893600230461784	0.532914319130396	0.0
2.8951010604568364	0.532203689031494	0.0
2.8966018904518895	0.531494084153731	0.0
2.8981027204469423	0.5307855157077832	0.0
2.899603550441995	0.5300779948825678	0.0
2.9011043804370478	0.529371532844987	0.0
2.9026052104321005	0.5286661407397337	0.0
2.9041060404271533	0.5279618296891528	0.0
2.905606870422206	0.5272586107930116	0.0
2.9071077004172587	0.5265564951282805	0.0
2.908608530412312	0.5258554937490112	0.0
2.9101093604073642	0.5251556176860805	0.0
2.9116101904024174	0.5244568779470551	0.0
2.91311102039747	0.5237592855159579	0.0
2.914611850392523	0.5230628513531237	0.0
2.9161126803875757	0.5223675863949373	0.0
2.9176135103826284	0.5216735015537294	0.0
2.919114340377681	0.5209806077175022	0.0
2.920615170372734	0.5202889157498024	0.0
2.922116000367787	0.5195984364894958	0.0
2.92361683036284	0.5189091807506537	0.0
2.925117660357892	0.5182211593222071	0.0
2.9266184903529453	0.5175343829679017	0.0
2.928119320347998	0.5168488624260539	0.0
2.929620150343051	0.5161646084093418	0.0
2.9311209803381035	0.5154816316046601	0.0
2.9326218103331563	0.5147999426728969	0.0
2.9341226403282095	0.5141195522487795	0.0
2.9356234703232618	0.5134404709406108	0.0
2.937124300318315	0.5127627093302091	0.0
2.9386251303133677	0.5120862779725732	0.0
2.94012596030842	0.5114111873957735	0.0
2.941626790303473	0.5107374481007739	0.0
2.943127620298526	0.5100650705612059	0.0
2.9446284502935787	0.5093940652232312	0.0
2.9461292802886314	0.5087244425052723	0.0
2.947630110283684	0.5080562127978939	0.0
2.9491309402787373	0.5073893864636024	0.0
2.9506317702737896	0.5067239738366525	0.0
2.952132600268843	0.5060599852227846	0.0
2.9536334302638956	0.5053974308991662	0.0
2.9551342602589483	0.504736321114163	0.0
2.956635090254001	0.5040766660871282	0.0
2.958135920249054	0.5034184760081861	0.0
2.9596367502441066	0.5027617610381127	0.0
2.9611375802391593	0.5021065313080992	0.0
2.962638410234212	0.501452796919603	0.0
2.9641392402292652	0.5008005679441545	0.0
2.9656400702243175	0.5001498544231288	0.0
2.9671409002193707	0.4995006663676251	0.0
2.9686417302144235	0.4988530137582198	0.0
2.970142560209476	0.4982069065448499	0.0
2.971643390204529	0.4975623546465444	0.0
2.9731442201995817	0.4969193679513174	0.0
2.974645050194635	0.4962779563159342	0.0
2.976145880189687	0.4956381295657529	0.0
2.9776467101847404	0.49499989749453505	0.0
2.979147540179793	0.494363269864284	0.0
2.9806483701748454	0.49372825640497076	0.0
2.9821492001698986	0.49309486681444586	0.0
2.9836500301649513	0.4924631107582722	0.0
2.985150860160004	0.4918329978694481	0.0
2.986651690155057	0.4912045377482938	0.0
2.9881525201501096	0.4905777399622507	0.0
2.9896533501451628	0.4899526140457017	0.0
2.991154180140215	0.4893291694998015	0.0
2.9926550101352682	0.4887074157922457	0.0
2.994155840130321	0.4880873623572121	0.0
2.9956566701253737	0.48746901859500547	0.0
2.9971575001204265	0.4868523938720406	0.0
2.998658330115479	0.48623749752057416	0.0
3.000159160110532	0.4856243388385023	0.0
