0.0	2.2524872988594766e-06	0.0
0.0015008299950527925	9.009908453394502e-06	0.0
0.003001659990105585	2.0272140988249482e-05	0.0
0.004502489985158378	3.603898044857179e-05	0.0
0.00600331998021117	5.6310140049437814e-05	0.0
0.0075041499752639615	8.108524982720105e-05	0.0
0.009004979970316756	0.00011036385593393349	0.0
0.010505809965369548	0.00014414542034937682	0.0
0.01200663996042234	0.0001824293191605617	0.0
0.01350746995547513	0.00022521484038511678	0.0
0.015008299950527923	0.00027250118267160427	0.0
0.016509129945580715	0.00032428745447960985	0.0
0.01800995994063351	0.0003805726727202919	0.0
0.019510789935686303	0.0004413557587557249	0.0
0.021011619930739096	0.0005066355348556658	0.0
0.022512449925791888	0.0005764107185319815	0.0
0.02401327992084468	0.0006506799249094659	0.0
0.02551410991589747	0.000729441677573731	0.0
0.02701493991095026	0.0008126944105128293	0.0
0.028515769906003054	0.000900436468225491	0.0
0.030016599901055846	0.0009926661057442197	0.0
0.03151742989610864	0.0010893814886682386	0.0
0.03301825989116143	0.0011905806931968837	0.0
0.03451908988621422	0.0012962617061753718	0.0
0.03601991988126702	0.0014064224251474297	0.0
0.037520749876319814	0.0015210606583991844	0.0
0.03902157987137261	0.0016401741250052866	0.0
0.0405224098664254	0.0017637604548827427	0.0
0.04202323986147819	0.0018918171888557963	0.0
0.043524069856530984	0.002024341778709181	0.0
0.045024899851583776	0.0021613315872419238	0.0
0.04652572984663657	0.002302783888327882	0.0
0.04802655984168936	0.002448695866975101	0.0
0.04952738983674215	0.0025990646193826245	0.0
0.05102821983179494	0.0027538871530015333	0.0
0.05252904982684774	0.0029131603866027226	0.0
0.05402987982190052	0.0030768811503463145	0.0
0.05553070981695332	0.003245046185852626	0.0
0.05703153981200611	0.0034176521462725078	0.0
0.05853236980705891	0.003594695596360007	0.0
0.06003319980211169	0.0037761730125420987	0.0
0.06153402979716449	0.003962080782986883	0.0
0.06303485979221728	0.004152415207679396	0.0
0.06453568978727008	0.004347172498500449	0.0
0.06603651978232286	0.004546348779306636	0.0
0.06753734977737566	0.004749940086011473	0.0
0.06903817977242845	0.004957942366665042	0.0
0.07053900976748124	0.0051703514815376285	0.0
0.07203983976253404	0.005387163203205274	0.0
0.07354066975758683	0.005608373216637906	0.0
0.07504149975263963	0.005833977119288331	0.0
0.07654232974769241	0.006063970421185215	0.0
0.07804315974274521	0.006298348545026277	0.0
0.079543989737798	0.006537106826273573	0.0
0.0810448197328508	0.006780240513250236	0.0
0.08254564972790358	0.007027744767238056	0.0
0.08404647972295638	0.007279614662579736	0.0
0.08554730971800917	0.0075358451867797455	0.0
0.08704813971306197	0.007796431240608017	0.0
0.08854896970811475	0.008061367638206914	0.0
0.09004979970316755	0.008330649107199875	0.0
0.09155062969822034	0.00860427028879836	0.0
0.09305145969327314	0.008882225737916293	0.0
0.09455228968832592	0.009164509923280072	0.0
0.09605311968337872	0.009451117227545415	0.0
0.0975539496784315	0.00974204194741331	0.0
0.0990547796734843	0.010037278293749936	0.0
0.10055560966853709	0.010336820391707045	0.0
0.10205643966358988	0.010640662280844372	0.0
0.10355726965864268	0.010948797915251548	0.0
0.10505809965369547	0.011261221163676751	0.0
0.10655892964874826	0.011577925809654598	0.0
0.10805975964380105	0.011898905551635785	0.0
0.10956058963885383	0.012224154003118154	0.0
0.11106141963390664	0.012553664692781989	0.0
0.11256224962895943	0.012887431064622519	0.0
0.11406307962401221	0.013225446478089447	0.0
0.115563909619065	0.013567704208227154	0.0
0.11706473961411781	0.013914197445813688	0.0
0.1185655696091706	0.014264919297505242	0.0
0.12006639960422338	0.014619862785981748	0.0
0.1215672295992762	0.01497902085009047	0.0
0.12306805959432898	0.015342386344997669	0.0
0.12456888958938177	0.01570995204233659	0.0
0.12606971958443455	0.01608171063036362	0.0
0.12757054957948735	0.01645765471410772	0.0
0.12907137957454015	0.016837776815530597	0.0
0.13057220956959295	0.017222069373681866	0.0
0.13207303956464572	0.017610524744860894	0.0
0.13357386955969852	0.018003135202776594	0.0
0.13507469955475132	0.018399892938711564	0.0
0.1365755295498041	0.018800790061687892	0.0
0.1380763595448569	0.019205818598636366	0.0
0.1395771895399097	0.019614970494561856	0.0
0.1410780195349625	0.020028237612717593	0.0
0.14257884953001526	0.020445611734777075	0.0
0.1440796795250681	0.020867084561007238	0.0
0.14558050952012086	0.02129264771044658	0.0
0.14708133951517366	0.021722292721083895	0.0
0.14858216951022643	0.022156011050036804	0.0
0.15008299950527926	0.022593794073737357	0.0
0.15158382950033203	0.023035633088112295	0.0
0.15308465949538483	0.023481519308771476	0.0
0.1545854894904376	0.023931443871196355	0.0
0.15608631948549043	0.02438539783092582	0.0
0.1575871494805432	0.024843372163751903	0.0
0.159087979475596	0.02530535776591098	0.0
0.16058880947064877	0.0257713454542778	0.0
0.1620896394657016	0.026241325966564175	0.0
0.16359046946075437	0.026715289961518805	0.0
0.16509129945580717	0.02719322801912679	0.0
0.16659212945085994	0.02767513064081113	0.0
0.16809295944591277	0.02816098824963806	0.0
0.16959378944096554	0.0286507911905247	0.0
0.17109461943601834	0.02914452973044405	0.0
0.17259544943107114	0.029642194058637272	0.0
0.17409627942612393	0.030143774286822432	0.0
0.1755971094211767	0.030649260449413837	0.0
0.1770979394162295	0.031158642503731605	0.0
0.1785987694112823	0.031671910330219384	0.0
0.1800995994063351	0.03218905373267155	0.0
0.18160042940138788	0.032710062438441344	0.0
0.18310125939644067	0.0332349260986702	0.0
0.18460208939149347	0.03376363428851264	0.0
0.18610291938654627	0.034296176507358736	0.0
0.18760374938159904	0.03483254217906319	0.0
0.18910457937665184	0.03537272065217981	0.0
0.19060540937170464	0.03591670120018566	0.0
0.19210623936675744	0.036464473021722225	0.0
0.1936070693618102	0.037016025240821336	0.0
0.195107899356863	0.03757134690715098	0.0
0.1966087293519158	0.03813042699624734	0.0
0.1981095593469686	0.03869325440975851	0.0
0.19961038934202138	0.039259817975685195	0.0
0.20111121933707418	0.039830106448628375	0.0
0.20261204933212695	0.04040410851002716	0.0
0.20411287932717975	0.04098181276841359	0.0
0.20561370932223258	0.04156320775965939	0.0
0.20711453931728535	0.042148281947223504	0.0
0.20861536931233815	0.042737023722408854	0.0
0.21011619930739095	0.04332942140461399	0.0
0.21161702930244372	0.043925463241593736	0.0
0.21311785929749652	0.04452513740970666	0.0
0.2146186892925493	0.04512843201418227	0.0
0.2161195192876021	0.04573533508938232	0.0
0.21762034928265492	0.04634583459905555	0.0
0.21912117927770766	0.046959918436608905	0.0
0.2206220092727605	0.047577574425371916	0.0
0.2221228392678133	0.04819879031885874	0.0
0.22362366926286606	0.04882355380104619	0.0
0.22512449925791886	0.049451852486638685	0.0
0.22662532925297169	0.05008367392134175	0.0
0.22812615924802443	0.05071900558214219	0.0
0.22962698924307726	0.05135783487758066	0.0
0.23112781923813	0.0520001491480301	0.0
0.23262864923318283	0.05264593566597418	0.0
0.23412947922823563	0.05329518163629452	0.0
0.2356303092232884	0.05394787419654508	0.0
0.2371311392183412	0.05460400041724204	0.0
0.238631969213394	0.055263547302153194	0.0
0.24013279920844677	0.05592650178857653	0.0
0.2416336292034996	0.05659285074763499	0.0
0.2431344591985524	0.05726258098456979	0.0
0.24463528919360517	0.05793567923902892	0.0
0.24613611918865796	0.058612132185356144	0.0
0.24763694918371074	0.05929192643289524	0.0
0.24913777917876354	0.05997504852628381	0.0
0.25063860917381636	0.06066148494574878	0.0
0.2521394391688691	0.06135122210741255	0.0
0.2536402691639219	0.06204424636358311	0.0
0.2551410991589747	0.0627405440030709	0.0
0.2566419291540275	0.06344010125148439	0.0
0.2581427591490803	0.06414290427153778	0.0
0.25964358914413305	0.06484893916335667	0.0
0.2611444191391859	0.06555819196478939	0.0
0.2626452491342387	0.06627064865171883	0.0
0.26414607912929144	0.06698629513836962	0.0
0.26564690912434424	0.06770511727762588	0.0
0.26714773911939704	0.06842710086134625	0.0
0.26864856911444984	0.06915223162066521	0.0
0.27014939910950264	0.06988049522633473	0.0
0.27165022910455544	0.07061187728902485	0.0
0.2731510590996082	0.07134636335965151	0.0
0.27465188909466104	0.07208393892968985	0.0
0.2761527190897138	0.07282458943150848	0.0
0.2776535490847666	0.07356830023868531	0.0
0.2791543790798194	0.07431505666633359	0.0
0.2806552090748722	0.0750648439714345	0.0
0.282156039069925	0.07581764735316246	0.0
0.2836568690649778	0.07657345195321258	0.0
0.2851576990600305	0.0773322428561299	0.0
0.2866585290550834	0.07809400508964501	0.0
0.2881593590501362	0.0788587236250049	0.0
0.2896601890451889	0.07962638337731029	0.0
0.2911610190402417	0.08039696920584329	0.0
0.2926618490352945	0.08117046591442054	0.0
0.2941626790303473	0.08194685825170926	0.0
0.2956635090254001	0.08272613091158608	0.0
0.29716433902045286	0.08350826853346256	0.0
0.2986651690155057	0.0842932557026356	0.0
0.3001659990105585	0.08508107695063291	0.0
0.30166682900561126	0.08587171675554638	0.0
0.30316765900066406	0.08666515954239044	0.0
0.30466848899571686	0.08746138968343412	0.0
0.30616931899076966	0.0882603914985525	0.0
0.30767014898582246	0.08906214925558052	0.0
0.3091709789808752	0.08986664717066	0.0
0.31067180897592805	0.09067386940858886	0.0
0.31217263897098085	0.09148380008316997	0.0
0.3136734689660336	0.09229642325757016	0.0
0.3151742989610864	0.09311172294466533	0.0
0.3166751289561392	0.09392968310740196	0.0
0.318175958951192	0.09475028765915061	0.0
0.3196767889462448	0.09557352046406027	0.0
0.32117761894129754	0.09639936533741786	0.0
0.3226784489363504	0.09722780604601082	0.0
0.3241792789314032	0.09805882630847525	0.0
0.32568010892645594	0.09889240979566938	0.0
0.32718093892150873	0.09972854013102461	0.0
0.32868176891656153	0.10056720089091205	0.0
0.33018259891161433	0.10140837560500494	0.0
0.33168342890666713	0.1022520477566403	0.0
0.3331842589017199	0.10309820078318858	0.0
0.3346850888967727	0.10394681807641366	0.0
0.33618591889182553	0.10479788298284169	0.0
0.3376867488868783	0.1056513788041265	0.0
0.3391875788819311	0.10650728879742424	0.0
0.3406884088769839	0.10736559617574075	0.0
0.34218923887203667	0.10822628410833593	0.0
0.34369006886708947	0.1090893357210629	0.0
0.34519089886214227	0.10995473409674551	0.0
0.346691728857195	0.11082246227556293	0.0
0.34819255885224787	0.11169250325541805	0.0
0.3496933888473006	0.11256483999230094	0.0
0.3511942188423534	0.11343945540066253	0.0
0.3526950488374062	0.11431633235380392	0.0
0.354195878832459	0.11519545368423328	0.0
0.3556967088275118	0.11607680218405385	0.0
0.3571975388225646	0.11696036060532757	0.0
0.35869836881761735	0.11784611166046977	0.0
0.3601991988126702	0.11873403802261809	0.0
0.361700028807723	0.11962412232599677	0.0
0.36320085880277575	0.12051634716632277	0.0
0.36470168879782855	0.12141069510115426	0.0
0.36620251879288135	0.12230714865029561	0.0
0.36770334878793415	0.12320569029615665	0.0
0.36920417878298695	0.12410630248415239	0.0
0.3707050087780397	0.12500896762306896	0.0
0.37220583877309255	0.12591366808544346	0.0
0.37370666876814534	0.12682038620796754	0.0
0.3752074987631981	0.12772910429185233	0.0
0.3767083287582509	0.1286398046032039	0.0
0.3782091587533037	0.12955246937341944	0.0
0.3797099887483565	0.1304670807995653	0.0
0.3812108187434093	0.13138362104477136	0.0
0.38271164873846203	0.13230207223859244	0.0
0.3842124787335149	0.13322241647742147	0.0
0.3857133087285677	0.13414463582485237	0.0
0.3872141387236204	0.13506871231206816	0.0
0.38871496871867317	0.13599462793823386	0.0
0.390215798713726	0.13692236467088262	0.0
0.3917166287087788	0.13785190444628814	0.0
0.3932174587038316	0.1387832291698764	0.0
0.3947182886988844	0.13971632071658308	0.0
0.3962191186939372	0.14065116093125096	0.0
0.39771994868898997	0.14158773162903063	0.0
0.39922077868404277	0.1425260145957534	0.0
0.40072160867909556	0.14346599158831355	0.0
0.40222243867414836	0.14440764433507366	0.0
0.4037232686692012	0.14535095453623445	0.0
0.4052240986642539	0.14629590386423694	0.0
0.4067249286593067	0.14724247396414353	0.0
0.4082257586543595	0.14819064645402416	0.0
0.40972658864941236	0.14914040292534644	0.0
0.41122741864446516	0.15009172494336692	0.0
0.41272824863951796	0.15104459404752021	0.0
0.4142290786345707	0.15199899175178924	0.0
0.4157299086296235	0.15295489954511712	0.0
0.4172307386246763	0.1539122988918071	0.0
0.4187315686197291	0.1548711712318569	0.0
0.4202323986147819	0.1558314979814047	0.0
0.42173322860983464	0.15679326053308548	0.0
0.42323405860488744	0.1577564402564252	0.0
0.42473488859994024	0.15872101849824422	0.0
0.42623571859499304	0.15968697658301553	0.0
0.42773654859004584	0.16065429581329554	0.0
0.4292373785850986	0.16162295747006736	0.0
0.4307382085801514	0.16259294281316564	0.0
0.4322390385752042	0.16356423308164417	0.0
0.43373986857025704	0.16453680949418018	0.0
0.43524069856530984	0.16551065324942324	0.0
0.43674152856036264	0.16648574552644466	0.0
0.4382423585554153	0.16746206748507791	0.0
0.4397431885504682	0.16843960026631344	0.0
0.441244018545521	0.16941832499270815	0.0
0.4427448485405738	0.17039822276875355	0.0
0.4442456785356266	0.17137927468126013	0.0
0.4457465085306793	0.17236146179976466	0.0
0.4472473385257321	0.17334476517690542	0.0
0.4487481685207849	0.17432916584879768	0.0
0.4502489985158377	0.17531464483542514	0.0
0.4517498285108905	0.17630118314104926	0.0
0.45325065850594337	0.17728876175456326	0.0
0.45475148850099606	0.17827736164991453	0.0
0.45625231849604886	0.17926696378644638	0.0
0.45775314849110166	0.18025754910931682	0.0
0.4592539784861545	0.18124909854986326	0.0
0.4607548084812073	0.18224159302599824	0.0
0.46225563847626	0.1832350134425937	0.0
0.46375646847131285	0.18422934069186664	0.0
0.46525729846636565	0.1852245556537589	0.0
0.46675812846141845	0.1862206391963177	0.0
0.46825895845647125	0.18721757217609297	0.0
0.46975978845152405	0.18821533543848634	0.0
0.4712606184465768	0.18921390981818548	0.0
0.4727614484416296	0.1902132761395097	0.0
0.4742622784366824	0.19121341521679172	0.0
0.4757631084317352	0.1922143078547886	0.0
0.477263938426788	0.1932159348490237	0.0
0.47876476842184074	0.19421827698619923	0.0
0.48026559841689354	0.19522131504455575	0.0
0.48176642841194633	0.1962250297942699	0.0
0.4832672584069992	0.19722940199782657	0.0
0.484768088402052	0.19823441241038664	0.0
0.4862689183971048	0.19924004178018223	0.0
0.4877697483921575	0.20024627084889332	0.0
0.48927057838721033	0.20125308035202158	0.0
0.49077140838226313	0.20226045101927254	0.0
0.49227223837731593	0.2032683635749256	0.0
0.49377306837236873	0.2042767987382068	0.0
0.4952738983674215	0.20528573722369162	0.0
0.49677472836247427	0.20629515974164883	0.0
0.49827555835752707	0.20730504699844693	0.0
0.49977638835257987	0.20831537969688924	0.0
0.5012772183476327	0.20932613853663515	0.0
0.5027780483426855	0.2103373042145479	0.0
0.5042788783377382	0.21134885742506201	0.0
0.5057797083327911	0.21236077886056925	0.0
0.5072805383278438	0.21337304921181174	0.0
0.5087813683228967	0.21438564916818303	0.0
0.5102821983179494	0.21539855941820513	0.0
0.5117830283130022	0.21641176064981646	0.0
0.513283858308055	0.2174252335507726	0.0
0.5147846883031078	0.21843895880901887	0.0
0.5162855182981606	0.21945291711305642	0.0
0.5177863482932135	0.2204670891523039	0.0
0.5192871782882661	0.22148145561748137	0.0
0.520788008283319	0.22249599720097232	0.0
0.5222888382783718	0.22351069459719705	0.0
0.5237896682734245	0.2245255285029725	0.0
0.5252904982684774	0.22554047961787474	0.0
0.5267913282635301	0.22655552864462455	0.0
0.5282921582585829	0.22757065628942938	0.0
0.5297929882536357	0.22858584326236225	0.0
0.5312938182486885	0.22960107027772533	0.0
0.5327946482437413	0.23061631805442573	0.0
0.5342954782387941	0.23163156731633452	0.0
0.5357963082338468	0.2326467987926212	0.0
0.5372971382288997	0.23366199321815792	0.0
0.5387979682239524	0.23467713133385248	0.0
0.5402987982190053	0.2356921938870356	0.0
0.5417996282140581	0.2367071616317999	0.0
0.5433004582091109	0.2377220153293766	0.0
0.5448012882041636	0.23873673574846768	0.0
0.5463021181992164	0.23975130366566347	0.0
0.5478029481942692	0.24076569986573376	0.0
0.5493037781893221	0.24177990514203845	0.0
0.5508046081843748	0.2427939002968481	0.0
0.5523054381794276	0.24380766614174018	0.0
0.5538062681744804	0.24482118349792514	0.0
0.5553070981695332	0.2458344331966142	0.0
0.556807928164586	0.24684739607938314	0.0
0.5583087581596388	0.24786005299850258	0.0
0.5598095881546916	0.24887238481732366	0.0
0.5613104181497444	0.24988437241062136	0.0
0.5628112481447971	0.25089599666493256	0.0
0.56431207813985	0.25190723847894997	0.0
0.5658129081349027	0.2529180787638188	0.0
0.5673137381299556	0.25392849844354987	0.0
0.5688145681250083	0.25493847845532036	0.0
0.570315398120061	0.2559479997498424	0.0
0.5718162281151139	0.25695704329173236	0.0
0.5733170581101668	0.25796559005984754	0.0
0.5748178881052195	0.2589736210476278	0.0
0.5763187181002724	0.2599811172634511	0.0
0.5778195480953251	0.26098805973098893	0.0
0.5793203780903778	0.26199442948955104	0.0
0.5808212080854307	0.2630002075944135	0.0
0.5823220380804834	0.26400537511720856	0.0
0.5838228680755363	0.2650099131462405	0.0
0.585323698070589	0.2660138027868432	0.0
0.5868245280656418	0.2670170251616852	0.0
0.5883253580606946	0.26801956141120553	0.0
0.5898261880557474	0.26902139269384845	0.0
0.5913270180508002	0.2700225001865036	0.0
0.592827848045853	0.27102286508480034	0.0
0.5943286780409057	0.2720224686034364	0.0
0.5958295080359586	0.27302129197658576	0.0
0.5973303380310114	0.274019316458152	0.0
0.5988311680260642	0.2750165233221827	0.0
0.600331998021117	0.2760128938631835	0.0
0.6018328280161698	0.27700840939646065	0.0
0.6033336580112225	0.2780030512584454	0.0
0.6048344880062754	0.2789968008070537	0.0
0.6063353180013281	0.27998963942203053	0.0
0.607836147996381	0.2809815485052609	0.0
0.6093369779914337	0.2819725094811529	0.0
0.6108378079864865	0.28296250379691684	0.0
0.6123386379815393	0.2839515129229364	0.0
0.6138394679765921	0.2849395183531156	0.0
0.6153402979716449	0.285926501605191	0.0
0.6168411279666978	0.28691244422107987	0.0
0.6183419579617504	0.28789732776721105	0.0
0.6198427879568033	0.2888811338348708	0.0
0.6213436179518561	0.2898638440404959	0.0
0.6228444479469089	0.2908454400260619	0.0
0.6243452779419617	0.29182590345938386	0.0
0.6258461079370145	0.2928052160344823	0.0
0.6273469379320672	0.2937833594718596	0.0
0.62884776792712	0.2947603155188725	0.0
0.6303485979221728	0.29573606595004426	0.0
0.6318494279172256	0.29671059256743454	0.0
0.6333502579122784	0.29768387720090994	0.0
0.6348510879073311	0.29865590170848993	0.0
0.636351917902384	0.29962664797673555	0.0
0.6378527478974367	0.30059609792100345	0.0
0.6393535778924896	0.3015642334858047	0.0
0.6408544078875424	0.30253103664513	0.0
0.6423552378825951	0.3034964894027891	0.0
0.6438560678776479	0.3044605737926984	0.0
0.6453568978727008	0.3054232718792641	0.0
0.6468577278677535	0.30638456575766404	0.0
0.6483585578628064	0.30734443755419544	0.0
0.6498593878578591	0.3083028694265701	0.0
0.6513602178529119	0.3092598435642796	0.0
0.6528610478479647	0.31021534218891567	0.0
0.6543618778430175	0.31116934755441833	0.0
0.6558627078380703	0.3121218419475225	0.0
0.6573635378331231	0.31307280768799617	0.0
0.6588643678281758	0.3140222271289467	0.0
0.6603651978232287	0.3149700826572106	0.0
0.6618660278182814	0.31591635669366125	0.0
0.6633668578133343	0.31686103169346247	0.0
0.6648676878083871	0.317804090146467	0.0
0.6663685178034398	0.31874551457748473	0.0
0.6678693477984926	0.31968528754664466	0.0
0.6693701777935454	0.32062339164964515	0.0
0.6708710077885982	0.3215598095181571	0.0
0.6723718377836511	0.32249452382009103	0.0
0.6738726677787038	0.32342751725990243	0.0
0.6753734977737565	0.32435877257894996	0.0
0.6768743277688094	0.32528827255577886	0.0
0.6783751577638621	0.32621600000645967	0.0
0.679875987758915	0.32714193778486755	0.0
0.6813768177539677	0.3280660687830418	0.0
0.6828776477490205	0.32898837593147134	0.0
0.6843784777440733	0.3299088421994169	0.0
0.6858793077391261	0.33082745059518265	0.0
0.6873801377341789	0.3317441841665218	0.0
0.6888809677292317	0.33265902600084585	0.0
0.6903817977242845	0.33357195922560196	0.0
0.6918826277193373	0.3344829670085895	0.0
0.69338345771439	0.33539203255817795	0.0
0.6948842877094429	0.3362991391237443	0.0
0.6963851177044957	0.337204269995897	0.0
0.6978859476995485	0.3381074085067966	0.0
0.6993867776946012	0.3390085380304817	0.0
0.7008876076896541	0.33990764198316986	0.0
0.7023884376847068	0.3408047038235594	0.0
0.7038892676797597	0.341699707053143	0.0
0.7053900976748124	0.34259263521650024	0.0
0.7068909276698653	0.3434834719016134	0.0
0.708391757664918	0.3443722007401666	0.0
0.7098925876599708	0.34525880540785997	0.0
0.7113934176550236	0.34614326962468717	0.0
0.7128942476500764	0.3470255771552741	0.0
0.7143950776451292	0.3479057118091455	0.0
0.715895907640182	0.3487836574410518	0.0
0.7173967376352347	0.349659397951255	0.0
0.7188975676302876	0.35053291728582864	0.0
0.7203983976253404	0.35140419943695045	0.0
0.7218992276203932	0.35227322844323444	0.0
0.723400057615446	0.35313998839000815	0.0
0.7249008876104988	0.354004463409575	0.0
0.7264017176055515	0.3548666376815856	0.0
0.7279025476006044	0.3557264954332534	0.0
0.7294033775956571	0.3565840209397094	0.0
0.73090420759071	0.35743919852428147	0.0
0.7324050375857627	0.3582920125587426	0.0
0.7339058675808154	0.3591424474637013	0.0
0.7354066975758683	0.35999048770878583	0.0
0.736907527570921	0.36083611781301017	0.0
0.7384083575659739	0.36167932234502875	0.0
0.7399091875610266	0.36252008592346574	0.0
0.7414100175560794	0.36335839321714924	0.0
0.7429108475511322	0.3641942289454261	0.0
0.7444116775461851	0.36502757787847295	0.0
0.7459125075412378	0.3658584248375342	0.0
0.7474133375362907	0.36668675469526496	0.0
0.7489141675313434	0.3675125523759764	0.0
0.7504149975263962	0.3683358028559375	0.0
0.751915827521449	0.36915649116364646	0.0
0.7534166575165018	0.36997460238013463	0.0
0.7549174875115546	0.37079012163921005	0.0
0.7564183175066074	0.3716030341277932	0.0
0.7579191475016601	0.37241332508613706	0.0
0.759419977496713	0.3732209798081742	0.0
0.7609208074917657	0.37402598364174183	0.0
0.7624216374868186	0.37482832198887006	0.0
0.7639224674818714	0.3756279803060942	0.0
0.7654232974769241	0.3764249441046639	0.0
0.7669241274719769	0.37721919895090184	0.0
0.7684249574670298	0.37801073046640893	0.0
0.7699257874620825	0.3787995243283732	0.0
0.7714266174571354	0.3795855662698391	0.0
0.772927447452188	0.3803688420799489	0.0
0.7744282774472409	0.38114933760427117	0.0
0.7759291074422937	0.38192703874500616	0.0
0.7774299374373463	0.38270193146131826	0.0
0.7789307674323993	0.3834740017695502	0.0
0.780431597427452	0.38424323574351305	0.0
0.7819324274225049	0.3850096195147468	0.0
0.7834332574175576	0.385773139272791	0.0
0.7849340874126104	0.38653378126546645	0.0
0.7864349174076632	0.38729153179909254	0.0
0.787935747402716	0.3880463772387636	0.0
0.7894365773977688	0.3887983040086576	0.0
0.7909374073928216	0.38954729859220333	0.0
0.7924382373878744	0.3902933475324486	0.0
0.7939390673829272	0.39103643743223027	0.0
0.7954398973779799	0.39177655495446717	0.0
0.7969407273730328	0.39251368682239685	0.0
0.7984415573680855	0.393247819819872	0.0
0.7999423873631384	0.39397894079156964	0.0
0.8014432173581911	0.39470703664323714	0.0
0.8029440473532439	0.39543209434197124	0.0
0.8044448773482967	0.39615410091648917	0.0
0.8059457073433495	0.39687304345729923	0.0
0.8074465373384024	0.39758890911701594	0.0
0.8089473673334551	0.3983016851105784	0.0
0.8104481973285078	0.3990113587155073	0.0
0.8119490273235607	0.39971791727213757	0.0
0.8134498573186134	0.4004213481838426	0.0
0.8149506873136664	0.40112163891729763	0.0
0.816451517308719	0.40181877700273644	0.0
0.8179523473037718	0.4025127500341735	0.0
0.8194531772988247	0.4032035456696098	0.0
0.8209540072938774	0.4038911516312938	0.0
0.8224548372889303	0.40457555570598225	0.0
0.8239556672839831	0.4052567457451149	0.0
0.8254564972790359	0.40593470966508755	0.0
0.8269573272740887	0.40660943544748857	0.0
0.8284581572691414	0.4072809111392689	0.0
0.8299589872641943	0.4079491248530421	0.0
0.831459817259247	0.4086140647672802	0.0
0.8329606472542999	0.4092757191265094	0.0
0.8344614772493526	0.40993407624158307	0.0
0.8359623072444053	0.4105891244898531	0.0
0.8374631372394582	0.4112408523154488	0.0
0.8389639672345109	0.4118892482294351	0.0
0.8404647972295638	0.4125343008100715	0.0
0.8419656272246165	0.41317599870297933	0.0
0.8434664572196693	0.4138143306214316	0.0
0.8449672872147221	0.4144492853465087	0.0
0.8464681172097749	0.4150808517272775	0.0
0.8479689472048277	0.4157090186811103	0.0
0.8494697771998805	0.4163337751937797	0.0
0.8509706071949332	0.4169551103197496	0.0
0.8524714371899861	0.41757301318230433	0.0
0.8539722671850388	0.41818747297382386	0.0
0.8554730971800917	0.41879847895591926	0.0
0.8569739271751444	0.4194060204596823	0.0
0.8584747571701972	0.42001008688585323	0.0
0.85997558716525	0.4206106677050317	0.0
0.8614764171603028	0.4212077524579	0.0
0.8629772471553557	0.421801330755345	0.0
0.8644780771504084	0.4223913922786945	0.0
0.8659789071454613	0.4229779267799231	0.0
0.8674797371405141	0.42356092408177437	0.0
0.8689805671355667	0.4241403740780471	0.0
0.8704813971306197	0.42471626673368823	0.0
0.8719822271256723	0.42528859208501985	0.0
0.8734830571207253	0.4258573402399049	0.0
0.874983887115778	0.42642250137795673	0.0
0.8764847171108306	0.42698406575066683	0.0
0.8779855471058836	0.4275420236816186	0.0
0.8794863771009364	0.42809636556665864	0.0
0.8809872070959892	0.42864708187403855	0.0
0.882488037091042	0.4291941631446077	0.0
0.8839888670860947	0.42973759999200933	0.0
0.8854896970811476	0.4302773831027832	0.0
0.8869905270762003	0.4308135032365952	0.0
0.8884913570712532	0.431345951226341	0.0
0.8899921870663059	0.4318747179783625	0.0
0.8914930170613586	0.4323997944725767	0.0
0.8929938470564115	0.43292117176264133	0.0
0.8944946770514642	0.43343884097607677	0.0
0.8959955070465171	0.4339527933145067	0.0
0.8974963370415698	0.43446302005370707	0.0
0.8989971670366227	0.43496951254382976	0.0
0.9004979970316754	0.4354722622094901	0.0
0.9019988270267282	0.4359712605499808	0.0
0.903499657021781	0.43646649913935537	0.0
0.9050004870168338	0.4369579696266317	0.0
0.9065013170118867	0.4374456637358469	0.0
0.9080021470069394	0.43792957326628495	0.0
0.9095029770019921	0.43840969009258424	0.0
0.911003806997045	0.43888600616478973	0.0
0.9125046369920977	0.43935851350863436	0.0
0.9140054669871507	0.43982720422556365	0.0
0.9155062969822033	0.4402920704928933	0.0
0.9170071269772561	0.4407531045639286	0.0
0.918507956972309	0.4412102987680945	0.0
0.9200087869673617	0.44166364551104154	0.0
0.9215096169624146	0.4421131372748365	0.0
0.9230104469574674	0.4425587666179771	0.0
0.92451127695252	0.4430005261755765	0.0
0.926012106947573	0.4434384086594582	0.0
0.9275129369426257	0.4438724068582792	0.0
0.9290137669376786	0.44430251363761425	0.0
0.9305145969327313	0.4447287219400856	0.0
0.932015426927784	0.4451510247854773	0.0
0.9335162569228369	0.4455694152708075	0.0
0.9350170869178897	0.4459838865704462	0.0
0.9365179169129425	0.44639443193623635	0.0
0.9380187469079952	0.44680104469754905	0.0
0.9395195769030481	0.44720371826144467	0.0
0.9410204068981008	0.4476024461126916	0.0
0.9425212368931536	0.4479972218138789	0.0
0.9440220668882064	0.4483880390055479	0.0
0.9455228968832592	0.44877489140625415	0.0
0.947023726878312	0.4491577728126456	0.0
0.9485245568733648	0.4495366770995375	0.0
0.9500253868684175	0.4499115982199908	0.0
0.9515262168634704	0.4502825302054231	0.0
0.9530270468585231	0.4506494671657034	0.0
0.954527876853576	0.4510124032891708	0.0
0.9560287068486287	0.45137133284270226	0.0
0.9575295368436815	0.4517262501718401	0.0
0.9590303668387343	0.45207714970083057	0.0
0.9605311968337871	0.4524240259326904	0.0
0.96203202682884	0.4527668734492593	0.0
0.9635328568238927	0.45310568691128517	0.0
0.9650336868189454	0.4534404610584851	0.0
0.9665345168139984	0.453771190709575	0.0
0.968035346809051	0.4540978707623613	0.0
0.969536176804104	0.4544204961937775	0.0
0.9710370067991567	0.4547390620599115	0.0
0.9725378367942096	0.45505356349612397	0.0
0.9740386667892623	0.45536399571703357	0.0
0.975539496784315	0.45567035401658684	0.0
0.9770403267793679	0.4559726337680986	0.0
0.9785411567744207	0.4562708304242736	0.0
0.9800419867694735	0.45656493951730415	0.0
0.9815428167645263	0.45685495665883624	0.0
0.983043646759579	0.4571408775400597	0.0
0.9845444767546319	0.4574226979317194	0.0
0.9860453067496846	0.4577004136841212	0.0
0.9875461367447375	0.4579740207272437	0.0
0.9890469667397902	0.45824351507066596	0.0
0.990547796734843	0.45850889280363255	0.0
0.9920486267298958	0.4587701500950902	0.0
0.9935494567249485	0.45902728319372266	0.0
0.9950502867200014	0.45928028842793744	0.0
0.9965511167150541	0.45952916220586326	0.0
0.9980519467101069	0.45977390101541926	0.0
0.9995527767051597	0.46001450142430145	0.0
1.0010536067002125	0.46025096007999744	0.0
1.0025544366952654	0.46048327370979597	0.0
1.0040552666903182	0.4607114391207722	0.0
1.005556096685371	0.46093545319983276	0.0
1.0070569266804237	0.4611553129136933	0.0
1.0085577566754764	0.46137101530888375	0.0
1.0100585866705294	0.46158255751174404	0.0
1.0115594166655821	0.46178993672845114	0.0
1.0130602466606349	0.4619931502449442	0.0
1.0145610766556876	0.4621921954270097	0.0
1.0160619066507404	0.46238706972019045	0.0
1.0175627366457933	0.4625777706498303	0.0
1.019063566640846	0.4627642958210253	0.0
1.0205643966358988	0.4629466429186507	0.0
1.0220652266309516	0.4631248097072567	0.0
1.0235660566260043	0.4632987940312165	0.0
1.0250668866210573	0.46346859381449	0.0
1.02656771661611	0.46363420706080005	0.0
1.0280685466111628	0.46379563185351125	0.0
1.0295693766062155	0.4639528663555836	0.0
1.0310702066012682	0.46410590880956026	0.0
1.0325710365963212	0.46425475753763945	0.0
1.034071866591374	0.4643994109414822	0.0
1.035572696586427	0.4645398675022821	0.0
1.0370735265814794	0.46467612578069334	0.0
1.0385743565765322	0.464808184416822	0.0
1.0400751865715852	0.46493604213014134	0.0
1.041576016566638	0.46505969771950484	0.0
1.0430768465616909	0.4651791500631037	0.0
1.0445776765567436	0.46529439811833845	0.0
1.0460785065517963	0.4654054409218795	0.0
1.047579336546849	0.46551227758956076	0.0
1.0490801665419018	0.46561490731633215	0.0
1.0505809965369548	0.4657133293762349	0.0
1.0520818265320075	0.46580754312232936	0.0
1.0535826565270603	0.46589754798667304	0.0
1.055083486522113	0.4659833434801939	0.0
1.0565843165171658	0.4660649291926923	0.0
1.0580851465122187	0.46614230479275887	0.0
1.0595859765072715	0.46621547002775426	0.0
1.0610868065023242	0.4662844247236657	0.0
1.062587636497377	0.4663491687851013	0.0
1.0640884664924297	0.46640970219525196	0.0
1.0655892964874827	0.4664660250157614	0.0
1.0670901264825354	0.46651813738667297	0.0
1.0685909564775882	0.46656603952637044	0.0
1.070091786472641	0.46660973173149883	0.0
1.0715926164676937	0.46664921437691376	0.0
1.0730934464627466	0.4666844879155714	0.0
1.0745942764577994	0.46671555287845923	0.0
1.0760951064528521	0.46674240987454113	0.0
1.0775959364479049	0.46676505959066444	0.0
1.0790967664429576	0.4667835027914664	0.0
1.0805975964380106	0.46679774031931887	0.0
1.0820984264330633	0.4668077730941932	0.0
1.0835992564281163	0.466813602113645	0.0
1.0851000864231688	0.4668152284526625	0.0
1.0866009164182218	0.46681265326363475	0.0
1.0881017464132745	0.4668058777761983	0.0
1.0896025764083273	0.4667949032971903	0.0
1.0911034064033802	0.46677973121059746	0.0
1.0926042363984327	0.46676036297732815	0.0
1.0941050663934857	0.46673680013525287	0.0
1.0956058963885384	0.4667090442990497	0.0
1.0971067263835912	0.4666770971601141	0.0
1.0986075563786442	0.4666409604864181	0.0
1.100108386373697	0.46660063612248204	0.0
1.1016092163687496	0.46655612598927165	0.0
1.1031100463638024	0.4665074320839713	0.0
1.1046108763588551	0.46645455648003825	0.0
1.106111706353908	0.4663975013270234	0.0
1.1076125363489608	0.4663362688504634	0.0
1.1091133663440136	0.466270861351755	0.0
1.1106141963390663	0.466201281208093	0.0
1.112115026334119	0.4661275308723396	0.0
1.113615856329172	0.4660496128729094	0.0
1.1151166863242248	0.4659675298136135	0.0
1.1166175163192775	0.4658812843736624	0.0
1.1181183463143303	0.46579087930741603	0.0
1.1196191763093832	0.4656963174443626	0.0
1.121120006304436	0.4655976016889247	0.0
1.1226208362994887	0.46549473502042366	0.0
1.1241216662945415	0.46538772049289867	0.0
1.1256224962895942	0.4652765612350285	0.0
1.1271233262846472	0.4651612604499536	0.0
1.1286241562797	0.4650418214151817	0.0
1.1301249862747527	0.4649182474825303	0.0
1.1316258162698054	0.46479054207786263	0.0
1.1331266462648582	0.4646587087011046	0.0
1.1346274762599111	0.4645227509259916	0.0
1.1361283062549639	0.46438267240005876	0.0
1.1376291362500166	0.4642384768444249	0.0
1.1391299662450696	0.46409016805370734	0.0
1.140630796240122	0.46393774989584347	0.0
1.142131626235175	0.46378122631202845	0.0
1.1436324562302278	0.4636206013165295	0.0
1.1451332862252805	0.4634558789965907	0.0
1.1466341162203335	0.46328706351224347	0.0
1.1481349462153863	0.46311415909620895	0.0
1.149635776210439	0.4629371700537821	0.0
1.1511366062054917	0.46275610076266216	0.0
1.1526374362005447	0.4625709556728108	0.0
1.1541382661955975	0.4623817393063229	0.0
1.1556390961906502	0.4621884562572851	0.0
1.157139926185703	0.46199111119167136	0.0
1.1586407561807557	0.4617897088471543	0.0
1.1601415861758086	0.46158425403294356	0.0
1.1616424161708614	0.46137475162971375	0.0
1.1631432461659141	0.4611612065894103	0.0
1.1646440761609669	0.4609436239351322	0.0
1.1661449061560196	0.46072200876095193	0.0
1.1676457361510726	0.46049636623181966	0.0
1.1691465661461253	0.46026670158338906	0.0
1.170647396141178	0.4600330201218237	0.0
1.1721482261362308	0.459795327223764	0.0
1.1736490561312836	0.4595536283360444	0.0
1.1751498861263365	0.4593079289756449	0.0
1.1766507161213893	0.4590582347294998	0.0
1.178151546116442	0.4588045512543304	0.0
1.1796523761114948	0.458546884276546	0.0
1.1811532061065475	0.4582852395920449	0.0
1.1826540361016005	0.4580196230660696	0.0
1.1841548660966532	0.4577500406330659	0.0
1.185655696091706	0.45747649829655024	0.0
1.187156526086759	0.45719900212889647	0.0
1.1886573560818114	0.45691755827122427	0.0
1.1901581860768644	0.456632172933215	0.0
1.1916590160719172	0.4563428523929775	0.0
1.1931598460669701	0.4560496029969191	0.0
1.1946606760620229	0.45575243115950614	0.0
1.1961615060570754	0.4554513433631979	0.0
1.1976623360521284	0.45514634615818494	0.0
1.199163166047181	0.4548374461623469	0.0
1.200663996042234	0.4545246500609803	0.0
1.2021648260372868	0.4542079646067432	0.0
1.2036656560323395	0.45388739661941363	0.0
1.2051664860273923	0.453562952985752	0.0
1.206667316022445	0.4532346406593607	0.0
1.208168146017498	0.4529024666604896	0.0
1.2096689760125507	0.45256643807588615	0.0
1.2111698060076035	0.4522265620586382	0.0
1.2126706360026562	0.45188284582799876	0.0
1.214171465997709	0.4515352966692362	0.0
1.215672295992762	0.4511839219334484	0.0
1.2171731259878147	0.45082872903740545	0.0
1.2186739559828674	0.45046972546339226	0.0
1.2201747859779202	0.45010691875902753	0.0
1.221675615972973	0.44974031653710944	0.0
1.2231764459680259	0.4493699264754595	0.0
1.2246772759630786	0.4489957563167052	0.0
1.2261781059581316	0.44861781386816657	0.0
1.2276789359531841	0.4482361070016654	0.0
1.2291797659482369	0.4478506436533177	0.0
1.2306805959432898	0.4474614318234247	0.0
1.2321814259383426	0.4470684795762975	0.0
1.2336822559333955	0.44667179504004534	0.0
1.235183085928448	0.4462713864064128	0.0
1.2366839159235008	0.4458672619306584	0.0
1.2381847459185538	0.4454594299312946	0.0
1.2396855759136065	0.44504789878999507	0.0
1.2411864059086595	0.44463267695140685	0.0
1.2426872359037122	0.4442137729229012	0.0
1.2441880658987647	0.4437911952745107	0.0
1.2456888958938177	0.4433649526386898	0.0
1.2471897258888704	0.4429350537101555	0.0
1.2486905558839234	0.44250150724568493	0.0
1.2501913858789762	0.4420643220639878	0.0
1.251692215874029	0.44162350704549025	0.0
1.2531930458690816	0.44117907113219595	0.0
1.2546938758641344	0.4407310233274667	0.0
1.2561947058591874	0.4402793726958677	0.0
1.25769553585424	0.43982412836299356	0.0
1.2591963658492928	0.4393652995152644	0.0
1.2606971958443456	0.43890289539979965	0.0
1.2621980258393983	0.43843692532415995	0.0
1.2636988558344513	0.43796739865624884	0.0
1.265199685829504	0.4374943248240689	0.0
1.2667005158245568	0.43701771331556893	0.0
1.2682013458196095	0.4365375736784749	0.0
1.2697021758146623	0.4360539155200863	0.0
1.2712030058097152	0.4355667485070933	0.0
1.272703835804768	0.4350760823654115	0.0
1.2742046657998207	0.43458192687999453	0.0
1.2757054957948735	0.43408429189462544	0.0
1.2772063257899262	0.433583187311796	0.0
1.2787071557849792	0.4330786230924383	0.0
1.280207985780032	0.43257060925581897	0.0
1.2817088157750849	0.432059155879269	0.0
1.2832096457701374	0.4315442730980683	0.0
1.2847104757651902	0.43102597110524044	0.0
1.2862113057602431	0.43050426015136156	0.0
1.2877121357552959	0.42997915054437047	0.0
1.2892129657503488	0.429450652649371	0.0
1.2907137957454016	0.4289187768884868	0.0
1.292214625740454	0.4283835337406427	0.0
1.293715455735507	0.4278449337413246	0.0
1.2952162857305598	0.42730298748249296	0.0
1.2967171157256128	0.42675770561229354	0.0
1.2982179457206655	0.4262090988349767	0.0
1.2997187757157183	0.42565717791059055	0.0
1.301219605710771	0.4251019536548785	0.0
1.3027204357058237	0.4245434369390322	0.0
1.3042212657008767	0.4239816386895107	0.0
1.3057220956959295	0.4234165698878487	0.0
1.3072229256909822	0.4228482415704981	0.0
1.308723755686035	0.42227666482857606	0.0
1.3102245856810877	0.4217018508077191	0.0
1.3117254156761406	0.4211238107078309	0.0
1.3132262456711934	0.4205425557829634	0.0
1.3147270756662461	0.4199580973410684	0.0
1.3162279056612989	0.4193704467437923	0.0
1.3177287356563516	0.41877961540631203	0.0
1.3192295656514046	0.4181856147971027	0.0
1.3207303956464573	0.41758845643778236	0.0
1.32223122564151	0.41698815190288885	0.0
1.3237320556365628	0.41638471281965217	0.0
1.3252328856316156	0.4157781508678521	0.0
1.3267337156266685	0.4151684777795658	0.0
1.3282345456217213	0.4145557053389898	0.0
1.3297353756167742	0.4139398453822398	0.0
1.3312362056118268	0.4133209097971203	0.0
1.3327370356068795	0.41269891052297664	0.0
1.3342378656019325	0.4120738595504253	0.0
1.3357386955969852	0.41144576892120066	0.0
1.3372395255920382	0.41081465072793977	0.0
1.3387403555870907	0.41018051711393855	0.0
1.3402411855821437	0.40954338027296144	0.0
1.3417420155771964	0.40890325244906817	0.0
1.3432428455722492	0.40826014593639687	0.0
1.3447436755673021	0.40761407307891057	0.0
1.3462445055623549	0.40696504627021557	0.0
1.3477453355574076	0.40631307795337757	0.0
1.3492461655524604	0.40565818062068093	0.0
1.350746995547513	0.40500036681338925	0.0
1.352247825542566	0.40433964912160464	0.0
1.3537486555376188	0.4036760401839923	0.0
1.3552494855326715	0.4030095526875762	0.0
1.3567503155277243	0.4023401993676028	0.0
1.358251145522777	0.4016679930071967	0.0
1.35975197551783	0.4009929464372429	0.0
1.3612528055128827	0.40031507253610826	0.0
1.3627536355079355	0.3996343842294709	0.0
1.3642544655029882	0.39895089449007315	0.0
1.365755295498041	0.3982646163375207	0.0
1.367256125493094	0.3975755628380634	0.0
1.3687569554881467	0.396883747104344	0.0
1.3702577854831994	0.39618918229520433	0.0
1.3717586154782522	0.3954918816154714	0.0
1.3732594454733051	0.394791858315721	0.0
1.3747602754683579	0.3940891256920114	0.0
1.3762611054634106	0.39338369708574905	0.0
1.3777619354584634	0.39267558588338286	0.0
1.3792627654535161	0.3919648055162328	0.0
1.380763595448569	0.3912513694602404	0.0
1.3822644254436218	0.39053529123570463	0.0
1.3837652554386746	0.3898165844071121	0.0
1.3852660854337275	0.38909526258287996	0.0
1.38676691542878	0.3883713394151439	0.0
1.388267745423833	0.3876448285994947	0.0
1.3897685754188858	0.38691574387475236	0.0
1.3912694054139385	0.3861840990227756	0.0
1.3927702354089915	0.3854499078681842	0.0
1.3942710654040442	0.38471318427812173	0.0
1.395771895399097	0.38397394216203906	0.0
1.3972727253941497	0.3832321954714523	0.0
1.3987735553892024	0.3824879581997026	0.0
1.4002743853842554	0.3817412443817408	0.0
1.4017752153793082	0.38099206809384967	0.0
1.403276045374361	0.3802404434534318	0.0
1.4047768753694136	0.37948638461875284	0.0
1.4062777053644664	0.3787299057886878	0.0
1.4077785353595194	0.37797102120251214	0.0
1.409279365354572	0.3772097451396415	0.0
1.4107801953496248	0.3764460919194015	0.0
1.4122810253446776	0.3756800759007301	0.0
1.4137818553397306	0.3749117114819964	0.0
1.4152826853347833	0.3741410131006933	0.0
1.416783515329836	0.37336799523324865	0.0
1.4182843453248888	0.37259267239473826	0.0
1.4197851753199415	0.3718150591386306	0.0
1.4212860053149945	0.37103517005656667	0.0
1.4227868353100472	0.37025301977806757	0.0
1.4242876653051	0.3694686229703155	0.0
1.4257884953001527	0.3686819943378722	0.0
1.4272893252952055	0.3678931486224699	0.0
1.4287901552902584	0.3671021006026802	0.0
1.4302909852853112	0.36630886509371724	0.0
1.431791815280364	0.36551345694715576	0.0
1.4332926452754169	0.3647158910506575	0.0
1.4347934752704694	0.3639161823277738	0.0
1.4362943052655224	0.3631143457376119	0.0
1.4377951352605751	0.36231039627459816	0.0
1.4392959652556279	0.36150434896821027	0.0
1.4407967952506808	0.36069621888274894	0.0
1.4422976252457334	0.3598860211170082	0.0
1.4437984552407863	0.35907377080406977	0.0
1.445299285235839	0.3582594831110022	0.0
1.446800115230892	0.3574431732385898	0.0
1.4483009452259448	0.3566248564210882	0.0
1.4498017752209975	0.35580454792592175	0.0
1.4513026052160503	0.35498226305344704	0.0
1.452803435211103	0.3541580171366562	0.0
1.454304265206156	0.3533318255409046	0.0
1.4558050952012087	0.35250370366364725	0.0
1.4573059251962615	0.35167366693417845	0.0
1.4588067551913142	0.35084173081328995	0.0
1.460307585186367	0.35000791079307236	0.0
1.46180841518142	0.3491722223966147	0.0
1.4633092451764727	0.34833468117768296	0.0
1.4648100751715254	0.3474953027204961	0.0
1.4663109051665781	0.34665410263938745	0.0
1.4678117351616309	0.34581109657860065	0.0
1.4693125651566838	0.34496630021191366	0.0
1.4708133951517366	0.344119729242446	0.0
1.4723142251467893	0.3432713994022857	0.0
1.473815055141842	0.3424213264522717	0.0
1.4753158851368948	0.341569526181668	0.0
1.4768167151319478	0.34071601440790716	0.0
1.4783175451270005	0.3398608069762526	0.0
1.4798183751220533	0.33900391975957556	0.0
1.481319205117106	0.33814536865799094	0.0
1.4828200351121588	0.33728516959864285	0.0
1.4843208651072117	0.3364233385353236	0.0
1.4858216951022645	0.33555989144823994	0.0
1.4873225250973174	0.33469484434370933	0.0
1.4888233550923702	0.3338282132538679	0.0
1.4903241850874227	0.33296001423636	0.0
1.4918250150824757	0.33209026337402103	0.0
1.4933258450775284	0.3312189767746451	0.0
1.4948266750725814	0.3303461705705954	0.0
1.4963275050676341	0.3294718609185899	0.0
1.4978283350626869	0.3285960639993596	0.0
1.4993291650577396	0.327718796017313	0.0
1.5008299950527924	0.3268400732003018	0.0
1.5023308250478453	0.3259599117992642	0.0
1.503831655042898	0.32507832808793696	0.0
1.5053324850379508	0.3241953383625828	0.0
1.5068333150330036	0.3233109589415992	0.0
1.5083341450280563	0.3224252061652988	0.0
1.5098349750231093	0.3215380963955622	0.0
1.511335805018162	0.32064964601552487	0.0
1.5128366350132147	0.31975987142927964	0.0
1.5143374650082675	0.3188687890615559	0.0
1.5158382950033202	0.31797641535741894	0.0
1.5173391249983732	0.31708276678192043	0.0
1.518839954993426	0.3161878598198463	0.0
1.5203407849884787	0.31529171097536224	0.0
1.5218416149835314	0.31439433677169315	0.0
1.5233424449785842	0.31349575375083477	0.0
1.5248432749736371	0.3125959784732143	0.0
1.5263441049686899	0.31169502751738676	0.0
1.5278449349637429	0.31079291747971804	0.0
1.5293457649587954	0.3098896649740436	0.0
1.5308465949538481	0.3089852866313657	0.0
1.532347424948901	0.30807979909953875	0.0
1.5338482549439538	0.30717321904293604	0.0
1.5353490849390068	0.3062655631421358	0.0
1.5368499149340595	0.3053568480936023	0.0
1.538350744929112	0.3044470906093252	0.0
1.539851574924165	0.30353630741654314	0.0
1.5413524049192178	0.3026245152574064	0.0
1.5428532349142707	0.3017117308886482	0.0
1.5443540649093235	0.30079797108125483	0.0
1.545854894904376	0.2998832526201327	0.0
1.547355724899429	0.29896759230378817	0.0
1.5488565548944817	0.29805100694400954	0.0
1.5503573848895347	0.2971335133655125	0.0
1.5518582148845874	0.29621512840564923	0.0
1.5533590448796402	0.29529586891404347	0.0
1.5548598748746927	0.29437575175227404	0.0
1.5563607048697456	0.29345479379355915	0.0
1.5578615348647986	0.29253301192238	0.0
1.5593623648598514	0.2916104230341958	0.0
1.560863194854904	0.2906870440351058	0.0
1.5623640248499568	0.28976289184147586	0.0
1.5638648548450098	0.28883798337965283	0.0
1.5653656848400623	0.2879123355856076	0.0
1.5668665148351153	0.2869859654046023	0.0
1.568367344830168	0.2860588897908614	0.0
1.5698681748252208	0.2851311257072099	0.0
1.5713690048202735	0.2842026901247856	0.0
1.5728698348153265	0.2832736000226588	0.0
1.5743706648103795	0.28234387238752223	0.0
1.575871494805432	0.28141352421335153	0.0
1.5773723248004847	0.28048257250104175	0.0
1.5788731547955377	0.27955103425809386	0.0
1.5803739847905902	0.2786189264982818	0.0
1.5818748147856432	0.2776862662412797	0.0
1.5833756447806961	0.27675307051238396	0.0
1.584876474775749	0.27581935634212074	0.0
1.5863773047708014	0.2748851407659051	0.0
1.5878781347658544	0.2739504408237283	0.0
1.5893789647609073	0.27301527355981325	0.0
1.5908797947559599	0.27207965602227135	0.0
1.5923806247510128	0.2711436052627394	0.0
1.5938814547460656	0.270207138336073	0.0
1.595382284741118	0.2692702722999979	0.0
1.596883114736171	0.2683330242147479	0.0
1.598383944731224	0.2673954111427459	0.0
1.5998847747262768	0.26645745014825506	0.0
1.6013856047213293	0.2655191582970252	0.0
1.6028864347163823	0.264580552655956	0.0
1.6043872647114352	0.2636416502927876	0.0
1.6058880947064877	0.2627024682757164	0.0
1.6073889247015407	0.26176302367305326	0.0
1.6088897546965935	0.26082333355290066	0.0
1.6103905846916464	0.25988341498282613	0.0
1.611891414686699	0.25894328502947317	0.0
1.613392244681752	0.2580029607582568	0.0
1.6148930746768049	0.2570624592330108	0.0
1.6163939046718574	0.256121797515617	0.0
1.6178947346669101	0.25518099266572236	0.0
1.619395564661963	0.2542400617403433	0.0
1.6208963946570156	0.2532990217935423	0.0
1.6223972246520686	0.2523578898760734	0.0
1.6238980546471213	0.2514166830350746	0.0
1.6253988846421743	0.2504754183137	0.0
1.6268997146372268	0.24953411275077236	0.0
1.6284005446322798	0.24859278338043803	0.0
1.6299013746273328	0.2476514472318464	0.0
1.6314022046223853	0.24671012132879314	0.0
1.632903034617438	0.2457688226893771	0.0
1.634403864612491	0.2448275683256727	0.0
1.6359046946075435	0.2438863752433691	0.0
1.6374055246025965	0.2429452604414415	0.0
1.6389063545976494	0.2420042409118144	0.0
1.6404071845927022	0.24106333363901006	0.0
1.6419080145877547	0.240122555599819	0.0
1.6434088445828077	0.23918192376294084	0.0
1.6449096745778606	0.23824145508864802	0.0
1.6464105045729132	0.23730116652848	0.0
1.6479113345679661	0.23636107502484463	0.0
1.6494121645630189	0.23542119751073826	0.0
1.6509129945580718	0.234481550909377	0.0
1.6524138245531244	0.23354215213384466	0.0
1.6539146545481773	0.2326030180867912	0.0
1.65541548454323	0.23166416566005582	0.0
1.6569163145382828	0.23072561173436795	0.0
1.6584171445333356	0.229787373178974	0.0
1.6599179745283885	0.22884946685133134	0.0
1.661418804523441	0.2279119095967566	0.0
1.662919634518494	0.22697471824807797	0.0
1.6644204645135467	0.22603790962532658	0.0
1.6659212945085997	0.22510150053538325	0.0
1.6674221245036522	0.22416550777165498	0.0
1.6689229544987052	0.22322994811374358	0.0
1.6704237844937582	0.22229483832707606	0.0
1.6719246144888107	0.22136019516262706	0.0
1.6734254444838634	0.22042603535654404	0.0
1.6749262744789164	0.21949237562984383	0.0
1.676427104473969	0.2185592326880597	0.0
1.6779279344690219	0.21762662322090706	0.0
1.6794287644640746	0.21669456390200043	0.0
1.6809295944591276	0.2157630713884558	0.0
1.6824304244541801	0.21483216232059377	0.0
1.683931254449233	0.2139018533216458	0.0
1.685432084444286	0.21297216099736221	0.0
1.6869329144393386	0.21204310193572262	0.0
1.6884337444343913	0.21111469270662125	0.0
1.6899345744294443	0.2101869498614949	0.0
1.6914354044244972	0.20925988993304528	0.0
1.6929362344195498	0.20833352943489775	0.0
1.6944370644146027	0.20740788486125886	0.0
1.6959378944096555	0.2064829726866313	0.0
1.697438724404708	0.20555880936544935	0.0
1.698939554399761	0.20463541133178453	0.0
1.700440384394814	0.2037127949990399	0.0
1.7019412143898665	0.2027909767595864	0.0
1.7034420443849194	0.20186997298446863	0.0
1.7049428743799722	0.20094980002308532	0.0
1.7064437043750251	0.20003047420288134	0.0
1.7079445343700776	0.19911201182900337	0.0
1.7094453643651306	0.1981944291840278	0.0
1.7109461943601834	0.19727774252759256	0.0
1.712447024355236	0.19636196809612327	0.0
1.7139478543502888	0.19544712210249998	0.0
1.7154486843453418	0.1945332207357599	0.0
1.7169495143403943	0.19362028016076346	0.0
1.7184503443354473	0.1927083165179093	0.0
1.7199511743305	0.1917973459227994	0.0
1.721452004325553	0.19088738446594933	0.0
1.7229528343206055	0.18997844821248078	0.0
1.7244536643156585	0.18907055320178318	0.0
1.7259544943107115	0.1881637154472547	0.0
1.727455324305764	0.1872579509359602	0.0
1.7289561543008167	0.18635327562834722	0.0
1.7304569842958697	0.18544970545792702	0.0
1.7319578142909227	0.18454725633098618	0.0
1.7334586442859752	0.18364594412627472	0.0
1.7349594742810281	0.1827457846947144	0.0
1.736460304276081	0.18184679385908964	0.0
1.7379611342711334	0.18094898741376372	0.0
1.7394619642661864	0.18005238112436261	0.0
1.7409627942612393	0.17915699072748636	0.0
1.7424636242562919	0.17826283193042322	0.0
1.7439644542513446	0.1773699204108274	0.0
1.7454652842463976	0.1764782718164701	0.0
1.7469661142414505	0.17558790176491054	0.0
1.748466944236503	0.1746988258432126	0.0
1.749967774231556	0.1738110596076559	0.0
1.7514686042266088	0.1729246185834557	0.0
1.7529694342216613	0.1720395182644645	0.0
1.7544702642167143	0.17115577411288838	0.0
1.7559710942117672	0.17027340155900317	0.0
1.75747192420682	0.16939241600085592	0.0
1.7589727542018727	0.1685128328040014	0.0
1.7604735841969255	0.16763466730121523	0.0
1.7619744141919784	0.16675793479219286	0.0
1.763475244187031	0.16588265054328508	0.0
1.764976074182084	0.16500882978722486	0.0
1.7664769041771367	0.1641364877228375	0.0
1.7679777341721894	0.16326563951476325	0.0
1.7694785641672421	0.16239630029319188	0.0
1.770979394162295	0.1615284851535717	0.0
1.772480224157348	0.16066220915635523	0.0
1.7739810541524006	0.15979748732670082	0.0
1.7754818841474533	0.1589343346542303	0.0
1.7769827141425063	0.15807276609274265	0.0
1.7784835441375588	0.15721279655994042	0.0
1.7799843741326118	0.15635444093716552	0.0
1.7814852041276648	0.1554977140691544	0.0
1.7829860341227173	0.1546426307637291	0.0
1.78448686411777	0.15378920579157815	0.0
1.785987694112823	0.15293745388595642	0.0
1.787488524107876	0.15208738974244204	0.0
1.7889893541029285	0.1512390280186788	0.0
1.7904901840979814	0.15039238333410193	0.0
1.7919910140930342	0.14954747026969306	0.0
1.7934918440880867	0.1487043033677155	0.0
1.7949926740831397	0.14786289713145476	0.0
1.7964935040781926	0.14702326602497834	0.0
1.7979943340732454	0.1461854244728612	0.0
1.7994951640682981	0.1453493868599516	0.0
1.8009959940633509	0.14451516753111127	0.0
1.8024968240584038	0.14368278079096836	0.0
1.8039976540534564	0.1428522409036612	0.0
1.8054984840485093	0.14202356209260827	0.0
1.806999314043562	0.14119675854022873	0.0
1.8085001440386146	0.14037184438773476	0.0
1.8100009740336676	0.13954883373487115	0.0
1.8115018040287205	0.13872774063966192	0.0
1.8130026340237735	0.13790857911819113	0.0
1.814503464018826	0.13709136314432985	0.0
1.8160042940138788	0.13627610664954615	0.0
1.8175051240089317	0.1354628235226242	0.0
1.8190059540039842	0.13465152760943006	0.0
1.8205067839990372	0.13384223271271206	0.0
1.82200761399409	0.13303495259183	0.0
1.8235084439891427	0.13222970096253356	0.0
1.8250092739841954	0.13142649149674268	0.0
1.8265101039792484	0.13062533782229707	0.0
1.8280109339743014	0.12982625352274038	0.0
1.8295117639693539	0.12902925213708297	0.0
1.8310125939644066	0.12823434715958262	0.0
1.8325134239594596	0.12744155203952742	0.0
1.8340142539545121	0.12665088018098802	0.0
1.835515083949565	0.12586234494260715	0.0
1.837015913944618	0.12507595963739684	0.0
1.8385167439396708	0.12429173753247308	0.0
1.8400175739347233	0.12350969184888076	0.0
1.8415184039297763	0.12272983576134835	0.0
1.8430192339248292	0.12195218239808385	0.0
1.8445200639198818	0.12117674484055843	0.0
1.8460208939149347	0.12040353612327631	0.0
1.8475217239099875	0.11963256923358953	0.0
1.84902255390504	0.11886385711145933	0.0
1.850523383900093	0.11809741264926617	0.0
1.852024213895146	0.11733324869158149	0.0
1.8535250438901987	0.11657137803498027	0.0
1.8550258738852514	0.11581181342780605	0.0
1.8565267038803042	0.11505456756999996	0.0
1.8580275338753571	0.11429965311286457	0.0
1.8595283638704097	0.1135470826588787	0.0
1.8610291938654626	0.11279686876149145	0.0
1.8625300238605154	0.11204902392491711	0.0
1.864030853855568	0.1113035606039436	0.0
1.8655316838506208	0.11056049120372721	0.0
1.8670325138456738	0.10981982807959256	0.0
1.8685333438407268	0.10908158353684891	0.0
1.8700341738357793	0.108345769830587	0.0
1.871535003830832	0.10761239916548604	0.0
1.873035833825885	0.10688148369561656	0.0
1.8745366638209375	0.10615303552426184	0.0
1.8760374938159905	0.10542706670372107	0.0
1.8775383238110435	0.10470358923511497	0.0
1.8790391538060962	0.10398261506820525	0.0
1.8805399838011487	0.10326415610120618	0.0
1.8820408137962017	0.10254822418061069	0.0
1.8835416437912547	0.10183483110098002	0.0
1.8850424737863072	0.10112398860478411	0.0
1.88654330378136	0.10041570838222136	0.0
1.888044133776413	0.09971000207101666	0.0
1.8895449637714654	0.09900688125626947	0.0
1.8910457937665184	0.09830635747025325	0.0
1.8925466237615713	0.09760844219225048	0.0
1.894047453756624	0.09691314684837497	0.0
1.8955482837516766	0.09622048281139985	0.0
1.8970491137467296	0.09553046140058538	0.0
1.8985499437417825	0.09484309388149156	0.0
1.900050773736835	0.09415839146582922	0.0
1.901551603731888	0.09347636531128292	0.0
1.9030524337269408	0.0927970265213401	0.0
1.9045532637219937	0.09212038614511354	0.0
1.9060540937170463	0.09144645517720659	0.0
1.9075549237120992	0.09077524455751163	0.0
1.909055753707152	0.09010676517106649	0.0
1.9105565837022047	0.08944102784789867	0.0
1.9120574136972575	0.08877804336284101	0.0
1.9135582436923104	0.08811782243539436	0.0
1.915059073687363	0.08746037572955825	0.0
1.916559903682416	0.08680571385366864	0.0
1.9180607336774687	0.08615384736024805	0.0
1.9195615636725216	0.08550478674585539	0.0
1.9210623936675741	0.08485854245091567	0.0
1.922563223662627	0.08421512485958894	0.0
1.92406405365768	0.08357454429959216	0.0
1.9255648836527326	0.08293681104206335	0.0
1.9270657136477853	0.08230193530142144	0.0
1.9285665436428383	0.08166992723520117	0.0
1.9300673736378908	0.08104079694391259	0.0
1.9315682036329438	0.08041455447088544	0.0
1.9330690336279968	0.07979120980214682	0.0
1.9345698636230495	0.0791707728662495	0.0
1.936070693618102	0.07855325353415281	0.0
1.937571523613155	0.0779386616190652	0.0
1.939072353608208	0.07732700687630949	0.0
1.9405731836032605	0.07671829900318568	0.0
1.9420740135983134	0.0761125476388288	0.0
1.9435748435933662	0.07550976236407013	0.0
1.9450756735884192	0.07490995270131617	0.0
1.9465765035834717	0.07431312811438867	0.0
1.9480773335785246	0.07371929800841073	0.0
1.9495781635735774	0.07312847172966712	0.0
1.95107899356863	0.07254065856547634	0.0
1.9525798235636829	0.07195586774405284	0.0
1.9540806535587358	0.07137410843438269	0.0
1.9555814835537884	0.07079538974609992	0.0
1.9570823135488413	0.07021972072935108	0.0
1.958583143543894	0.0696471103746747	0.0
1.960083973538947	0.06907756761287534	0.0
1.9615848035339996	0.06851110131489771	0.0
1.9630856335290525	0.06794772029170641	0.0
1.9645864635241053	0.06738743329417025	0.0
1.966087293519158	0.06683024901292785	0.0
1.9675881235142108	0.06627617607827907	0.0
1.9690889535092637	0.06572522306006862	0.0
1.9705897835043162	0.0651773984675615	0.0
1.9720906134993692	0.06463271074932989	0.0
1.973591443494422	0.06409116829314035	0.0
1.975092273489475	0.06355277942583788	0.0
1.9765931034845274	0.06301755241323652	0.0
1.9780939334795804	0.062485495460004176	0.0
1.9795947634746334	0.06195661670955471	0.0
1.981095593469686	0.06143092424393479	0.0
1.9825964234647386	0.06090842608372392	0.0
1.9840972534597916	0.06038913018791649	0.0
1.9855980834548446	0.05987304445382915	0.0
1.987098913449897	0.05936017671698221	0.0
1.98859974344495	0.05885053475100255	0.0
1.9901005734400028	0.058344126267523604	0.0
1.9916014034350553	0.05784095891607941	0.0
1.9931022334301083	0.05734104028400122	0.0
1.9946030634251612	0.056844377896328215	0.0
1.9961038934202138	0.05635097921569726	0.0
1.9976047234152667	0.05586085164225828	0.0
1.9991055534103195	0.05537400251356965	0.0
2.0006063834053722	0.05489043910450131	0.0
2.002107213400425	0.05441016862714646	0.0
2.0036080433954777	0.05393319823072635	0.0
2.005108873390531	0.05345953500150175	0.0
2.006609703385583	0.05298918596267721	0.0
2.0081105333806364	0.0525221580743128	0.0
2.009611363375689	0.05205845823323858	0.0
2.011112193370742	0.05159809327296388	0.0
2.0126130233657946	0.05114106996359018	0.0
2.0141138533608474	0.050687395011734075	0.0
2.0156146833559005	0.050237075060430736	0.0
2.017115513350953	0.04979011668906053	0.0
2.0186163433460056	0.0493465264132639	0.0
2.020117173341059	0.04890631068485741	0.0
2.021618003336111	0.04846947589175867	0.0
2.0231188333311643	0.0480360283579055	0.0
2.024619663326217	0.047605974343178536	0.0
2.0261204933212698	0.04717932004332625	0.0
2.0276213233163225	0.046756071589885734	0.0
2.0291221533113752	0.04633623505011023	0.0
2.0306229833064284	0.04591981642689655	0.0
2.0321238133014807	0.04550682165871398	0.0
2.0336246432965335	0.04509725661953078	0.0
2.0351254732915867	0.04469112711874621	0.0
2.036626303286639	0.04428843890111699	0.0
2.038127133281692	0.043889197646698026	0.0
2.039627963276745	0.04349340897076439	0.0
2.0411287932717976	0.04310107842375607	0.0
2.0426296232668504	0.04271221149121049	0.0
2.044130453261903	0.042326813593693724	0.0
2.0456312832569563	0.041944890086745346	0.0
2.0471321132520086	0.04156644626081292	0.0
2.048632943247062	0.041191487341192705	0.0
2.0501337732421145	0.04082001848797025	0.0
2.0516346032371673	0.04045204479596317	0.0
2.05313543323222	0.04008757129466278	0.0
2.0546362632272728	0.03972660294818246	0.0
2.0561370932223255	0.03936914465519695	0.0
2.0576379232173783	0.03901520124888956	0.0
2.059138753212431	0.03866477749690887	0.0
2.060639583207484	0.03831787810130076	0.0
2.0621404132025365	0.03797450769847307	0.0
2.0636412431975897	0.0376346708591374	0.0
2.0651420731926424	0.03729837208826846	0.0
2.066642903187695	0.036965615825047315	0.0
2.068143733182748	0.03663640644282593	0.0
2.0696445631778007	0.03631074824907149	0.0
2.071145393172854	0.03598864548533189	0.0
2.072646223167906	0.035670102327187356	0.0
2.074147053162959	0.035355122884211054	0.0
2.075647883158012	0.035043711199929106	0.0
2.0771487131530644	0.0347358712517791	0.0
2.0786495431481176	0.034431606951076554	0.0
2.0801503731431703	0.034130922142969575	0.0
2.081651203138223	0.033833820606412005	0.0
2.083152033133276	0.03354030605411921	0.0
2.0846528631283285	0.033250382132540036	0.0
2.0861536931233817	0.03296405242182575	0.0
2.087654523118434	0.032681320435792596	0.0
2.089155353113487	0.03240218962189633	0.0
2.09065618310854	0.03212666336119753	0.0
2.0921570131035927	0.031854744968339926	0.0
2.0936578430986454	0.03158643769151763	0.0
2.095158673093698	0.03132174471245045	0.0
2.096659503088751	0.0310606691463583	0.0
2.0981603330838037	0.030803214041941043	0.0
2.0996611630788564	0.030549382381350132	0.0
2.1011619930739096	0.030299177080171456	0.0
2.102662823068962	0.030052600987401402	0.0
2.104163653064015	0.02980965688543047	0.0
2.105664483059068	0.029570347490020084	0.0
2.1071653130541206	0.029334675450290334	0.0
2.1086661430491733	0.029102643348703022	0.0
2.110166973044226	0.028874253701042636	0.0
2.111667803039279	0.0286495089564082	0.0
2.1131686330343316	0.02842841149719453	0.0
2.1146694630293843	0.028210963639084635	0.0
2.1161702930244375	0.027997167631038652	0.0
2.11767112301949	0.027787025655281784	0.0
2.119171953014543	0.027580539827299667	0.0
2.1206727830095957	0.027377712195826485	0.0
2.1221736130046485	0.027178544742841503	0.0
2.123674442999701	0.026983039383566	0.0
2.125175272994754	0.02679119796645478	0.0
2.126676102989807	0.026603022273195186	0.0
2.1281769329848594	0.026418514018708872	0.0
2.129677762979912	0.02623767485114415	0.0
2.1311785929749654	0.026060506351882652	0.0
2.132679422970018	0.02588701003553881	0.0
2.134180252965071	0.025717187349960285	0.0
2.1356810829601236	0.025551039676235152	0.0
2.1371819129551763	0.02538856832869526	0.0
2.138682742950229	0.025229774554921876	0.0
2.140183572945282	0.025074659535753756	0.0
2.141684402940335	0.024923224385295113	0.0
2.1431852329353873	0.024775470150924114	0.0
2.1446860629304405	0.02463139781330533	0.0
2.1461868929254933	0.024491008286397536	0.0
2.147687722920546	0.024354302417470636	0.0
2.1491885529155987	0.024221280987116407	0.0
2.1506893829106515	0.024091944709265758	0.0
2.1521902129057042	0.023966294231202168	0.0
2.153691042900757	0.023844330133580532	0.0
2.1551918728958097	0.02372605293044467	0.0
2.156692702890863	0.02361146306924737	0.0
2.158193532885915	0.023500560930868223	0.0
2.1596943628809684	0.023393346829638992	0.0
2.161195192876021	0.023289821013363257	0.0
2.162696022871074	0.023189983663340175	0.0
2.1641968528661266	0.023093834894391877	0.0
2.1656976828611794	0.023001374754885336	0.0
2.1671985128562326	0.022912603226762737	0.0
2.168699342851285	0.022827520225568224	0.0
2.1702001728463376	0.022746125600477063	0.0
2.171701002841391	0.02266841913432501	0.0
2.1732018328364435	0.022594400543640585	0.0
2.1747026628314963	0.022524069478678268	0.0
2.176203492826549	0.02245742552344991	0.0
2.1777043228216018	0.022394468195760728	0.0
2.1792051528166545	0.022335196947245065	0.0
2.1807059828117072	0.022279611163400544	0.0
2.1822068128067604	0.022227710163631623	0.0
2.1837076428018127	0.022179493201282534	0.0
2.1852084727968655	0.022134959463679972	0.0
2.1867093027919187	0.022094108072173498	0.0
2.1882101327869714	0.022056938082178283	0.0
2.189710962782024	0.022023448483218147	0.0
2.191211792777077	0.0219936381989684	0.0
2.1927126227721296	0.021967506087302687	0.0
2.1942134527671824	0.02194505094034061	0.0
2.195714282762235	0.02192627148449117	0.0
2.1972151127572883	0.02191116638050544	0.0
2.198715942752341	0.021899734223523627	0.0
2.200216772747394	0.021891973543125855	0.0
2.2017176027424465	0.021887882803386265	0.0
2.2032184327374993	0.021887460402921555	0.0
2.204719262732552	0.02189070467494733	0.0
2.2062200927276048	0.021897613887334966	0.0
2.2077209227226575	0.021908186242662366	0.0
2.2092217527177103	0.021922419878275437	0.0
2.210722582712763	0.02194031286634464	0.0
2.212223412707816	0.021961863213921722	0.0
2.213724242702869	0.021987068863003837	0.0
2.2152250726979217	0.022015927690591335	0.0
2.2167259026929744	0.022048437508749637	0.0
2.218226732688027	0.02208459606467631	0.0
2.21972756268308	0.02212440104076182	0.0
2.2212283926781327	0.022167850054654333	0.0
2.222729222673186	0.02221494065932756	0.0
2.224230052668238	0.02226567034314757	0.0
2.225730882663291	0.022320036529941575	0.0
2.227231712658344	0.022378036579064894	0.0
2.228732542653397	0.022439667785474723	0.0
2.2302333726484496	0.022504927379797198	0.0
2.2317342026435023	0.022573812528404423	0.0
2.233235032638555	0.022646320333482794	0.0
2.234735862633608	0.02272244783311107	0.0
2.2362366926286605	0.02280219200133298	0.0
2.2377375226237137	0.022885549748235763	0.0
2.2392383526187665	0.02297251792002522	0.0
2.2407391826138188	0.02306309329910787	0.0
2.242240012608872	0.02315727260416378	0.0
2.2437408426039247	0.023255052490231076	0.0
2.2452416725989774	0.023356429548786122	0.0
2.24674250259403	0.023461400307827274	0.0
2.248243332589083	0.023569961231954758	0.0
2.2497441625841357	0.023682108722457084	0.0
2.2512449925791884	0.023797839117394335	0.0
2.2527458225742416	0.02391714869168656	0.0
2.2542466525692944	0.024040033657198034	0.0
2.255747482564347	0.024166490162827618	0.0
2.2572483125594	0.024296514294594857	0.0
2.2587491425544526	0.024430102075734008	0.0
2.2602499725495053	0.024567249466778553	0.0
2.261750802544558	0.02470795236565833	0.0
2.263251632539611	0.024852206607787634	0.0
2.2647524625346636	0.02500000796616568	0.0
2.2662532925297163	0.02515135215146419	0.0
2.2677541225247695	0.025306234812125475	0.0
2.2692549525198222	0.025464651534458246	0.0
2.270755782514875	0.025626597842735323	0.0
2.2722566125099277	0.025792069199290904	0.0
2.2737574425049805	0.025961061004622164	0.0
2.275258272500033	0.02613356859748538	0.0
2.276759102495086	0.026309587255000707	0.0
2.278259932490139	0.02648911219275123	0.0
2.279760762485192	0.026672138564886747	0.0
2.281261592480244	0.02685866146422621	0.0
2.2827624224752974	0.027048675922364797	0.0
2.28426325247035	0.027242176909774984	0.0
2.285764082465403	0.027439159335919817	0.0
2.2872649124604556	0.02763961804935152	0.0
2.2887657424555083	0.027843547837827068	0.0
2.290266572450561	0.028050943428411454	0.0
2.291767402445614	0.028261799487591416	0.0
2.293268232440667	0.028476110621383534	0.0
2.2947690624357198	0.028693871375446788	0.0
2.2962698924307725	0.028915076235193564	0.0
2.2977707224258253	0.029139719625910023	0.0
2.299271552420878	0.02936779591285701	0.0
2.3007723824159307	0.0295992994013968	0.0
2.3022732124109835	0.029834224337104892	0.0
2.3037740424060362	0.030072564905883895	0.0
2.3052748724010894	0.03031431523408548	0.0
2.3067757023961417	0.030559469388626144	0.0
2.308276532391195	0.030808021377108096	0.0
2.3097773623862476	0.031059965147935867	0.0
2.3112781923813004	0.03131529459044349	0.0
2.312779022376353	0.03157400353501065	0.0
2.314279852371406	0.031836085753185785	0.0
2.3157806823664586	0.03210153495781369	0.0
2.3172815123615114	0.032370344803155246	0.0
2.318782342356564	0.03264250888501337	0.0
2.3202831723516173	0.03291802074086124	0.0
2.3217840023466696	0.03319687384996571	0.0
2.323284832341723	0.03347906163351623	0.0
2.3247856623367755	0.03376457745475686	0.0
2.3262864923318283	0.034053414619107485	0.0
2.327787322326881	0.034345566374299974	0.0
2.3292881523219338	0.0346410259105074	0.0
2.3307889823169865	0.034939786360472944	0.0
2.3322898123120392	0.035241840799647824	0.0
2.3337906423070924	0.035547182246319836	0.0
2.335291472302145	0.035855803661749695	0.0
2.3367923022971975	0.03616769795030167	0.0
2.3382931322922507	0.03648285795958608	0.0
2.3397939622873034	0.036801276480587494	0.0
2.341294792282356	0.03712294624780913	0.0
2.342795622277409	0.03744785993940778	0.0
2.3442964522724616	0.03777601017733038	0.0
2.345797282267515	0.03810738952745363	0.0
2.347298112262567	0.038441990499731876	0.0
2.3487989422576203	0.03877980554833006	0.0
2.350299772252673	0.0391208270717649	0.0
2.351800602247726	0.03946504741305281	0.0
2.3533014322427785	0.03981245885984983	0.0
2.3548022622378313	0.04016305364459791	0.0
2.356303092232884	0.040516823944664486	0.0
2.3578039222279368	0.04087376188250014	0.0
2.3593047522229895	0.041233859525769745	0.0
2.3608055822180427	0.04159710888751169	0.0
2.362306412213095	0.04196350192627975	0.0
2.363807242208148	0.04233303054629118	0.0
2.365308072203201	0.042705686597582636	0.0
2.3668089021982537	0.043081461876152735	0.0
2.3683097321933064	0.043460348124119155	0.0
2.369810562188359	0.043842337029866056	0.0
2.371311392183412	0.044227420228197256	0.0
2.3728122221784647	0.044615589300495244	0.0
2.374313052173518	0.045006835774865916	0.0
2.3758138821685706	0.0454011511263024	0.0
2.377314712163623	0.045798526776831876	0.0
2.378815542158676	0.04619895409568302	0.0
2.380316372153729	0.04660242439942917	0.0
2.3818172021487816	0.047008928952160266	0.0
2.3833180321438343	0.04741845896563075	0.0
2.384818862138887	0.04783100559942531	0.0
2.3863196921339402	0.04824655996111646	0.0
2.3878205221289925	0.04866511310642477	0.0
2.3893213521240457	0.04908665603938349	0.0
2.3908221821190985	0.049511179712495704	0.0
2.3923230121141508	0.04993867502690728	0.0
2.393823842109204	0.05036913283255898	0.0
2.3953246721042567	0.05080254392835817	0.0
2.3968255020993094	0.05123889906234479	0.0
2.398326332094362	0.05167818893185213	0.0
2.399827162089415	0.05212040418367852	0.0
2.401327992084468	0.05256553541425299	0.0
2.4028288220795204	0.053013573169807274	0.0
2.4043296520745736	0.0534645079465399	0.0
2.4058304820696264	0.053918330190788066	0.0
2.407331312064679	0.05437503029920224	0.0
2.408832142059732	0.05483459861891149	0.0
2.4103329720547846	0.05529702544769817	0.0
2.4118338020498373	0.055762301034170916	0.0
2.41333463204489	0.05623041557794655	0.0
2.414835462039943	0.05670135922980853	0.0
2.416336292034996	0.057175122091893515	0.0
2.4178371220300483	0.05765169421786789	0.0
2.4193379520251015	0.05813106561309727	0.0
2.4208387820201542	0.058613226234830076	0.0
2.422339612015207	0.05909816599237476	0.0
2.4238404420102597	0.05958587474727989	0.0
2.4253412720053125	0.0600763423135097	0.0
2.4268421020003657	0.060569558457631886	0.0
2.428342931995418	0.06106551289899411	0.0
2.429843761990471	0.06156419530990595	0.0
2.431344591985524	0.062065595315826005	0.0
2.432845421980576	0.06256970249554156	0.0
2.4343462519756294	0.06307650638135787	0.0
2.435847081970682	0.06358599645927596	0.0
2.437347911965735	0.06409816216919108	0.0
2.4388487419607876	0.06461299290506148	0.0
2.4403495719558403	0.06513047801511809	0.0
2.4418504019508935	0.06565060680203119	0.0
2.443351231945946	0.06617336852312332	0.0
2.444852061940999	0.0666987523905334	0.0
2.4463528919360518	0.06722674757143424	0.0
2.447853721931104	0.0677573431881971	0.0
2.4493545519261573	0.06829052831861068	0.0
2.45085538192121	0.06882629199605599	0.0
2.452356211916263	0.06936462320970735	0.0
2.4538570419113155	0.06990551090472509	0.0
2.4553578719063682	0.07044894398245934	0.0
2.4568587019014214	0.07099491130063273	0.0
2.4583595318964737	0.07154340167354986	0.0
2.459860361891527	0.07209440387228898	0.0
2.4613611918865796	0.07264790662489981	0.0
2.4628620218816324	0.07320389861661472	0.0
2.464362851876685	0.0737623684900355	0.0
2.465863681871738	0.07432330484533974	0.0
2.467364511866791	0.0748866962404899	0.0
2.4688653418618434	0.07545253119142466	0.0
2.470366171856896	0.07602079817226896	0.0
2.4718670018519493	0.07659148561554367	0.0
2.4733678318470016	0.07716458191235745	0.0
2.474868661842055	0.07774007541263699	0.0
2.4763694918371075	0.07831795442530395	0.0
2.4778703218321603	0.0788982072185053	0.0
2.479371151827213	0.07948082201981538	0.0
2.4808719818222658	0.08006578701644299	0.0
2.482372811817319	0.08065309035545191	0.0
2.4838736418123712	0.08124272014396043	0.0
2.4853744718074244	0.08183466444935962	0.0
2.486875301802477	0.0824289112995232	0.0
2.4883761317975295	0.08302544868303195	0.0
2.4898769617925827	0.0836242645493698	0.0
2.4913777917876354	0.0842253468091607	0.0
2.492878621782688	0.08482868333437127	0.0
2.494379451777741	0.08543426195853143	0.0
2.4958802817727936	0.08604207047695422	0.0
2.497381111767847	0.0866520966469588	0.0
2.498881941762899	0.08726432818807792	0.0
2.5003827717579523	0.08787875278229887	0.0
2.501883601753005	0.08849535807426293	0.0
2.503384431748058	0.08911413167150548	0.0
2.5048852617431105	0.08973506114466946	0.0
2.5063860917381633	0.09035813402773639	0.0
2.5078869217332165	0.09098333781824713	0.0
2.509387751728269	0.09161065997753708	0.0
2.5108885817233215	0.09224008793094447	0.0
2.5123894117183747	0.09287160906806025	0.0
2.513890241713427	0.09350521074294077	0.0
2.51539107170848	0.09414088027433919	0.0
2.516891901703533	0.0947786049459581	0.0
2.5183927316985857	0.09541837200664553	0.0
2.5198935616936384	0.09606016867065521	0.0
2.521394391688691	0.09670398211786044	0.0
2.5228952216837444	0.09734979949400971	0.0
2.5243960516787967	0.09799760791095014	0.0
2.5258968816738494	0.09864739444685305	0.0
2.5273977116689026	0.09929914614646926	0.0
2.528898541663955	0.09995285002136096	0.0
2.530399371659008	0.10060849305012975	0.0
2.531900201654061	0.10126606217867168	0.0
2.5334010316491136	0.10192554432041417	0.0
2.5349018616441663	0.10258692635654408	0.0
2.536402691639219	0.10325019513626754	0.0
2.5379035216342722	0.10391533747704482	0.0
2.5394043516293245	0.10458234016483547	0.0
2.5409051816243777	0.10525118995434721	0.0
2.5424060116194305	0.10592187356926772	0.0
2.5439068416144828	0.10659437770252811	0.0
2.545407671609536	0.10726868901655214	0.0
2.5469085016045887	0.10794479414348886	0.0
2.5484093315996414	0.10862267968546457	0.0
2.549910161594694	0.10930233221484961	0.0
2.551410991589747	0.10998373827449666	0.0
2.5529118215848	0.11066688437799116	0.0
2.5544126515798524	0.1113517570099109	0.0
2.5559134815749056	0.11203834262607358	0.0
2.5574143115699584	0.11272662765380172	0.0
2.558915141565011	0.11341659849217696	0.0
2.560415971560064	0.11410824151227877	0.0
2.5619168015551166	0.114801543057465	0.0
2.5634176315501698	0.11549648944362073	0.0
2.564918461545222	0.11619306695941178	0.0
2.566419291540275	0.1168912618665528	0.0
2.567920121535328	0.1175910604000774	0.0
2.5694209515303803	0.11829244876857084	0.0
2.5709217815254335	0.11899541315447154	0.0
2.5724226115204862	0.11969993971429588	0.0
2.573923441515539	0.12040601457893473	0.0
2.5754242715105917	0.12111362385389812	0.0
2.5769251015056445	0.12182275361959256	0.0
2.5784259315006977	0.12253338993158559	0.0
2.57992676149575	0.12324551882087567	0.0
2.581427591490803	0.12395912629415651	0.0
2.582928421485856	0.12467419833408723	0.0
2.584429251480908	0.1253907208995677	0.0
2.5859300814759614	0.12610867992600563	0.0
2.587430911471014	0.1268280613255956	0.0
2.588931741466067	0.1275488509875842	0.0
2.5904325714611196	0.12827103477854793	0.0
2.5919334014561723	0.12899459854266826	0.0
2.5934342314512255	0.12971952810201365	0.0
2.594935061446278	0.13044580925680072	0.0
2.596435891441331	0.1311734277856883	0.0
2.5979367214363838	0.13190236944603398	0.0
2.5994375514314365	0.13263261997419865	0.0
2.6009383814264893	0.13336416508582077	0.0
2.602439211421542	0.13409699047607737	0.0
2.6039400414165947	0.13483108181998926	0.0
2.6054408714116475	0.1355664247726869	0.0
2.6069417014067002	0.13630300496971146	0.0
2.6084425314017534	0.13704080802727264	0.0
2.6099433613968057	0.13777981954256535	0.0
2.611444191391859	0.1385200250940167	0.0
2.6129450213869116	0.13926141024161406	0.0
2.6144458513819644	0.14000396052715874	0.0
2.615946681377017	0.14074766147457138	0.0
2.61744751137207	0.1414924985901801	0.0
2.618948341367123	0.14223845736299437	0.0
2.6204491713621754	0.14298552326501965	0.0
2.621950001357228	0.14373368175152296	0.0
2.6234508313522813	0.14448291826133547	0.0
2.6249516613473336	0.145233218217154	0.0
2.626452491342387	0.14598456702582266	0.0
2.6279533213374395	0.14673695007862111	0.0
2.6294541513324923	0.14749035275156874	0.0
2.630954981327545	0.14824476040572424	0.0
2.6324558113225978	0.14900015838746966	0.0
2.633956641317651	0.14975653202881156	0.0
2.6354574713127032	0.15051386664768596	0.0
2.6369583013077564	0.15127214754822657	0.0
2.638459131302809	0.15203136002110465	0.0
2.639959961297862	0.1527914893437913	0.0
2.6414607912929147	0.15355252078088377	0.0
2.6429616212879674	0.15431443958440186	0.0
2.64446245128302	0.15507723099406773	0.0
2.645963281278073	0.15584088023761244	0.0
2.6474641112731256	0.1566053725311129	0.0
2.648964941268179	0.15737069307925114	0.0
2.650465771263231	0.15813682707564566	0.0
2.6519666012582843	0.15890375970312837	0.0
2.653467431253337	0.15967147613407784	0.0
2.65496826124839	0.1604399615306968	0.0
2.6564690912434425	0.16120920104534203	0.0
2.6579699212384953	0.16197917982081295	0.0
2.6594707512335485	0.16274988299066928	0.0
2.660971581228601	0.16352129567952603	0.0
2.6624724112236535	0.16429340300337425	0.0
2.6639732412187067	0.1650661900698756	0.0
2.665474071213759	0.16583964197868079	0.0
2.666974901208812	0.1666137438217341	0.0
2.668475731203865	0.167388480683571	0.0
2.6699765611989177	0.1681638376416581	0.0
2.6714773911939704	0.16893979976667206	0.0
2.672978221189023	0.1697163521228258	0.0
2.6744790511840764	0.17049347976816823	0.0
2.6759798811791287	0.1712711677549055	0.0
2.6774807111741814	0.17204940112971592	0.0
2.6789815411692346	0.17282816493405057	0.0
2.6804823711642873	0.17360744420444058	0.0
2.68198320115934	0.1743872239728382	0.0
2.683484031154393	0.1751674892668853	0.0
2.6849848611494456	0.1759482251102754	0.0
2.6864856911444983	0.17672941652303137	0.0
2.687986521139551	0.17751104852183014	0.0
2.6894873511346042	0.17829310612031393	0.0
2.6909881811296565	0.17907557432941928	0.0
2.6924890111247097	0.17985843815767452	0.0
2.6939898411197625	0.18064168261151245	0.0
2.695490671114815	0.1814252926955985	0.0
2.696991501109868	0.18220925341313693	0.0
2.6984923311049207	0.18299354976618087	0.0
2.6999931610999734	0.18377816675597203	0.0
2.701493991095026	0.18456308938322968	0.0
2.702994821090079	0.1853483026484746	0.0
2.704495651085132	0.18613379155234858	0.0
2.7059964810801844	0.18691954109591602	0.0
2.7074973110752376	0.18770553628100953	0.0
2.7089981410702904	0.18849176211051133	0.0
2.710498971065343	0.1892782035886988	0.0
2.711999801060396	0.19006484572153762	0.0
2.7135006310554486	0.19085167351701715	0.0
2.7150014610505018	0.191638671985438	0.0
2.716502291045554	0.1924258261397633	0.0
2.718003121040607	0.19321312099591456	0.0
2.71950395103566	0.19400054157308821	0.0
2.7210047810307127	0.1947880728940724	0.0
2.7225056110257655	0.19557569998557542	0.0
2.7240064410208182	0.19636340787851922	0.0
2.725507271015871	0.19715118160838135	0.0
2.7270081010109237	0.1979390062154669	0.0
2.7285089310059765	0.1987268667452801	0.0
2.7300097610010297	0.19951474824881255	0.0
2.731510590996082	0.20030263578284155	0.0
2.7330114209911347	0.20109051441026843	0.0
2.734512250986188	0.20187836920044722	0.0
2.7360130809812406	0.20266618522944208	0.0
2.7375139109762934	0.20345394758041654	0.0
2.739014740971346	0.2042416413438824	0.0
2.740515570966399	0.2050292516180341	0.0
2.7420164009614516	0.20581676350909722	0.0
2.7435172309565043	0.20660416213158594	0.0
2.7450180609515575	0.20739143260866663	0.0
2.7465188909466103	0.2081785600724305	0.0
2.748019720941663	0.2089655296642313	0.0
2.7495205509367158	0.20975232653498352	0.0
2.7510213809317685	0.21053893584546676	0.0
2.7525222109268213	0.21132534276667433	0.0
2.754023040921874	0.2121115324800784	0.0
2.7555238709169267	0.21289749017796136	0.0
2.7570247009119795	0.21368320106373298	0.0
2.7585255309070322	0.21446865035222504	0.0
2.7600263609020854	0.2152538232699996	0.0
2.761527190897138	0.216038705055679	0.0
2.763028020892191	0.2168232809602376	0.0
2.7645288508872436	0.2176075362472844	0.0
2.7660296808822964	0.2183914561934325	0.0
2.767530510877349	0.219175026088543	0.0
2.769031340872402	0.21995823123606295	0.0
2.770532170867455	0.22074105695333315	0.0
2.7720330008625074	0.22152348857186244	0.0
2.77353383085756	0.2223055114376689	0.0
2.7750346608526133	0.22308711091157077	0.0
2.776535490847666	0.2238682723694557	0.0
2.778036320842719	0.22464898120264723	0.0
2.7795371508377715	0.22542922281814579	0.0
2.7810379808328243	0.22620898263896672	0.0
2.782538810827877	0.22698824610441598	0.0
2.7840396408229298	0.22776699867041356	0.0
2.785540470817983	0.22854522580975967	0.0
2.7870413008130357	0.2293229130124756	0.0
2.7885421308080884	0.23010004578604648	0.0
2.790042960803141	0.2308766096557724	0.0
2.791543790798194	0.2316525901650308	0.0
2.7930446207932467	0.23242797287556521	0.0
2.7945454507882994	0.2332027433678028	0.0
2.796046280783352	0.23397688724112192	0.0
2.797547110778405	0.23475039011417714	0.0
2.7990479407734576	0.23552323762516061	0.0
2.800548770768511	0.23629541543210017	0.0
2.8020496007635636	0.23706690921314977	0.0
2.8035504307586163	0.23783770466686613	0.0
2.805051260753669	0.23860778751251852	0.0
2.806552090748722	0.23937714349037117	0.0
2.8080529207437745	0.24014575836194704	0.0
2.8095537507388273	0.2409136179103295	0.0
2.81105458073388	0.24168070794043384	0.0
2.812555410728933	0.2424470142793056	0.0
2.8140562407239855	0.24321252277639435	0.0
2.8155570707190387	0.2439772193038259	0.0
2.8170579007140915	0.24474108975669295	0.0
2.818558730709144	0.24550412005331518	0.0
2.820059560704197	0.24626629613555295	0.0
2.8215603906992497	0.24702760396903423	0.0
2.8230612206943024	0.2477880295434636	0.0
2.824562050689355	0.24854755887288468	0.0
2.8260628806844084	0.24930617799596108	0.0
2.827563710679461	0.25006387297622107	0.0
2.8290645406745134	0.25082062990236886	0.0
2.8305653706695666	0.2515764348885183	0.0
2.8320662006646193	0.2523312740744614	0.0
2.833567030659672	0.2530851336259768	0.0
2.835067860654725	0.2538379997350412	0.0
2.8365686906497776	0.25458985862011646	0.0
2.8380695206448303	0.25534069652642577	0.0
2.839570350639883	0.2560904997261934	0.0
2.8410711806349362	0.2568392545189217	0.0
2.842572010629989	0.25758694723163356	0.0
2.8440728406250417	0.2583335642191432	0.0
2.8455736706200945	0.2590790918643098	0.0
2.847074500615147	0.2598235165782761	0.0
2.8485753306102	0.2605668248007582	0.0
2.8500761606052527	0.2613090030002613	0.0
2.8515769906003055	0.2620500376743641	0.0
2.853077820595358	0.26278991534992874	0.0
2.854578650590411	0.26352862258338716	0.0
2.856079480585464	0.26426614596097686	0.0
2.857580310580517	0.2650024720989601	0.0
2.8590811405755696	0.26573758764389	0.0
2.8605819705706224	0.2664714792728932	0.0
2.862082800565675	0.2672041336938253	0.0
2.863583630560728	0.26793553764559536	0.0
2.8650844605557806	0.2686656778983514	0.0
2.8665852905508338	0.2693945412537309	0.0
2.8680861205458865	0.27012211454510293	0.0
2.869586950540939	0.2708483846378085	0.0
2.871087780535992	0.27157333842936643	0.0
2.8725886105310448	0.27229696284974403	0.0
2.8740894405260975	0.27301924486154816	0.0
2.8755902705211502	0.27374017146028223	0.0
2.877091100516203	0.2744597296745702	0.0
2.8785919305112557	0.2751779065663601	0.0
2.8800927605063085	0.2758946892311706	0.0
2.8815935905013617	0.2766100647983227	0.0
2.8830944204964144	0.2773240204311293	0.0
2.8845952504914667	0.27803654332712197	0.0
2.88609608048652	0.2787476207183054	0.0
2.8875969104815726	0.279457239871346	0.0
2.8890977404766254	0.2801653880877813	0.0
2.890598570471678	0.2808720527042404	0.0
2.892099400466731	0.28157722109266664	0.0
2.893600230461784	0.282280880660497	0.0
2.8951010604568364	0.2829830188509383	0.0
2.8966018904518895	0.2836836231430837	0.0
2.8981027204469423	0.2843826810522167	0.0
2.899603550441995	0.28508018012992153	0.0
2.9011043804370478	0.28577610796436986	0.0
2.9026052104321005	0.28647045218045436	0.0
2.9041060404271533	0.2871632004400428	0.0
2.905606870422206	0.28785434044214026	0.0
2.9071077004172587	0.2885438599231183	0.0
2.908608530412312	0.2892317466568532	0.0
2.9101093604073642	0.2899179884550077	0.0
2.9116101904024174	0.29060257316712784	0.0
2.91311102039747	0.2912854886809189	0.0
2.914611850392523	0.2919667229223826	0.0
2.9161126803875757	0.29264626385603	0.0
2.9176135103826284	0.2933240994850297	0.0
2.919114340377681	0.2940002178514785	0.0
2.920615170372734	0.2946746070364636	0.0
2.922116000367787	0.29534725516035637	0.0
2.92361683036284	0.2960181503829235	0.0
2.925117660357892	0.2966872809035271	0.0
2.9266184903529453	0.29735463496132164	0.0
2.928119320347998	0.29802020083540287	0.0
2.929620150343051	0.2986839668449807	0.0
2.9311209803381035	0.2993459213495735	0.0
2.9326218103331563	0.3000060527491763	0.0
2.9341226403282095	0.3006643494844026	0.0
2.9356234703232618	0.3013208000367109	0.0
2.937124300318315	0.3019753929284859	0.0
2.9386251303133677	0.3026281167232893	0.0
2.94012596030842	0.30327896002596294	0.0
2.941626790303473	0.3039279114828443	0.0
2.943127620298526	0.30457495978187343	0.0
2.9446284502935787	0.30522009365278785	0.0
2.9461292802886314	0.3058633018672609	0.0
2.947630110283684	0.30650457323907687	0.0
2.9491309402787373	0.30714389662428393	0.0
2.9506317702737896	0.3077812609213288	0.0
2.952132600268843	0.3084166550712191	0.0
2.9536334302638956	0.30905006805769214	0.0
2.9551342602589483	0.3096814889073437	0.0
2.956635090254001	0.31031090668975303	0.0
2.958135920249054	0.3109383105176933	0.0
2.9596367502441066	0.31156368954721897	0.0
2.9611375802391593	0.31218703297784767	0.0
2.962638410234212	0.31280833005266684	0.0
2.9641392402292652	0.3134275700585121	0.0
2.9656400702243175	0.31404474232607077	0.0
2.9671409002193707	0.31465983623005	0.0
2.9686417302144235	0.31527284118930676	0.0
2.970142560209476	0.3158837466669467	0.0
2.971643390204529	0.31649254217050654	0.0
2.9731442201995817	0.31709921725207085	0.0
2.974645050194635	0.31770376150840746	0.0
2.976145880189687	0.31830616458106803	0.0
2.9776467101847404	0.3189064161565888	0.0
2.979147540179793	0.3195045059665048	0.0
2.9806483701748454	0.3201004237875729	0.0
2.9821492001698986	0.3206941594418732	0.0
2.9836500301649513	0.3212857027968916	0.0
2.985150860160004	0.32187504376571524	0.0
2.986651690155057	0.3224621723070642	0.0
2.9881525201501096	0.32304707842549907	0.0
2.9896533501451628	0.3236297521714595	0.0
2.991154180140215	0.3242101836414443	0.0
2.9926550101352682	0.3247883629781116	0.0
2.994155840130321	0.3253642803703636	0.0
2.9956566701253737	0.32593792605350297	0.0
2.9971575001204265	0.326509290309298	0.0
2.998658330115479	0.32707836346613134	0.0
3.000159160110532	0.32764513589910044	0.0
