0.0	0.49924620515312496	0.0022501119809060425
0.0015008299950527925	0.49848565857004845	0.004497930818699595
0.003001659990105585	0.4977183646747362	0.006743415794273393
0.004502489985158378	0.49694432028074004	0.008986526036233415
0.00600331998021117	0.4961635188304496	0.011227220440629201
0.0075041499752639615	0.49537595015435393	0.013465457498784033
0.009004979970316756	0.4945815991846337	0.015701195235882825
0.010505809965369548	0.49378044765889023	0.017934391213862196
0.01200663996042234	0.49297247319309195	0.02016500256239734
0.01350746995547513	-0.007614467179306825	0.007389272985087201
0.015008299950527923	-0.008387761456412434	0.008115290614677128
0.016509129945580715	-0.00916315067650403	0.008838906346430928
0.01800995994063351	-0.009940619322740814	0.009560106257265485
0.019510789935686303	-0.010720151763172188	0.010278876436520023
0.021011619930739096	-0.01150173195088279	0.010995202745992992
0.022512449925791888	-0.012285342576447731	0.011709069974200237
0.02401327992084468	-0.013070964893161662	0.012420461729979534
0.02551410991589747	-0.013858578542940548	0.013129360001877219
0.02701493991095026	-0.014648165453508343	0.01383574932836194
0.028515769906003054	-0.015439709411414706	0.014539616060866166
0.030016599901055846	-0.016233194219244816	0.015240946688020606
0.03151742989610864	-0.01702860362343434	0.015939727778365994
0.03301825989116143	-0.017825921314492333	0.01663594598087396
0.03451908988621422	-0.018625130928260784	0.017329588025752442
0.03601991988126702	-0.019426216049062982	0.018020640726849838
0.037520749876319814	-0.020229160209381477	0.01870909098127203
0.03902157987137261	-0.021033946888256858	0.01939492576750906
0.0405224098664254	-0.021840559513249088	0.020078132146986335
0.04202323986147819	-0.02264898146030674	0.020758697263643443
0.043524069856530984	0.0	0.0
0.045024899851583776	0.0	0.0
0.04652572984663657	0.0	0.0
0.04802655984168936	0.0	0.0
0.04952738983674215	0.0	0.0
0.05102821983179494	0.0	0.0
0.05252904982684774	0.0	0.0
0.05402987982190052	0.0	0.0
0.05553070981695332	0.0	0.0
0.05703153981200611	0.0	0.0
0.05853236980705891	0.0	0.0
0.06003319980211169	0.0	0.0
0.06153402979716449	0.0	0.0
0.06303485979221728	0.0	0.0
0.06453568978727008	0.0	0.0
0.06603651978232286	0.0	0.0
0.06753734977737566	0.0	0.0
0.06903817977242845	0.0	0.0
0.07053900976748124	0.0	0.0
0.07203983976253404	0.0	0.0
0.07354066975758683	0.0	0.0
0.07504149975263963	0.0	0.0
0.07654232974769241	0.0	0.0
0.07804315974274521	0.0	0.0
0.079543989737798	0.0	0.0
0.0810448197328508	0.0	0.0
0.08254564972790358	0.0	0.0
0.08404647972295638	0.0	0.0
0.08554730971800917	0.0	0.0
0.08704813971306197	0.0	0.0
0.08854896970811475	0.0	0.0
0.09004979970316755	0.0	0.0
0.09155062969822034	0.0	0.0
0.09305145969327314	0.0	0.0
0.09455228968832592	0.0	0.0
0.09605311968337872	0.0	0.0
0.0975539496784315	0.0	0.0
0.0990547796734843	0.0	0.0
0.10055560966853709	0.0	0.0
0.10205643966358988	0.0	0.0
0.10355726965864268	0.0	0.0
0.10505809965369547	0.0	0.0
0.10655892964874826	0.0	0.0
0.10805975964380105	0.0	0.0
0.10956058963885383	0.0	0.0
0.11106141963390664	0.0	0.0
0.11256224962895943	0.0	0.0
0.11406307962401221	0.0	0.0
0.115563909619065	0.0	0.0
0.11706473961411781	0.0	0.0
0.1185655696091706	0.0	0.0
0.12006639960422338	0.0	0.0
0.1215672295992762	0.0	0.0
0.12306805959432898	0.0	0.0
0.12456888958938177	0.0	0.0
0.12606971958443455	0.0	0.0
0.12757054957948735	0.0	0.0
0.12907137957454015	0.0	0.0
0.13057220956959295	0.0	0.0
0.13207303956464572	0.0	0.0
0.13357386955969852	0.0	0.0
0.13507469955475132	0.0	0.0
0.1365755295498041	0.0	0.0
0.1380763595448569	0.0	0.0
0.1395771895399097	0.0	0.0
0.1410780195349625	0.0	0.0
0.14257884953001526	0.0	0.0
0.1440796795250681	0.0	0.0
0.14558050952012086	0.0	0.0
0.14708133951517366	0.0	0.0
0.14858216951022643	0.0	0.0
0.15008299950527926	0.0	0.0
0.15158382950033203	0.0	0.0
0.15308465949538483	0.0	0.0
0.1545854894904376	0.0	0.0
0.15608631948549043	0.0	0.0
0.1575871494805432	0.0	0.0
0.159087979475596	0.0	0.0
0.16058880947064877	0.0	0.0
0.1620896394657016	0.0	0.0
0.16359046946075437	0.0	0.0
0.16509129945580717	0.0	0.0
0.16659212945085994	0.0	0.0
0.16809295944591277	0.0	0.0
0.16959378944096554	0.0	0.0
0.17109461943601834	0.0	0.0
0.17259544943107114	0.0	0.0
0.17409627942612393	0.0	0.0
0.1755971094211767	0.0	0.0
0.1770979394162295	0.0	0.0
0.1785987694112823	0.0	0.0
0.1800995994063351	0.0	0.0
0.18160042940138788	0.0	0.0
0.18310125939644067	0.0	0.0
0.18460208939149347	0.0	0.0
0.18610291938654627	0.0	0.0
0.18760374938159904	0.0	0.0
0.18910457937665184	0.0	0.0
0.19060540937170464	0.0	0.0
0.19210623936675744	0.0	0.0
0.1936070693618102	0.0	0.0
0.195107899356863	0.0	0.0
0.1966087293519158	0.0	0.0
0.1981095593469686	0.0	0.0
0.19961038934202138	0.0	0.0
0.20111121933707418	0.0	0.0
0.20261204933212695	0.0	0.0
0.20411287932717975	0.0	0.0
0.20561370932223258	0.0	0.0
0.20711453931728535	0.0	0.0
0.20861536931233815	0.0	0.0
0.21011619930739095	0.0	0.0
0.21161702930244372	0.0	0.0
0.21311785929749652	0.0	0.0
0.2146186892925493	0.0	0.0
0.2161195192876021	0.0	0.0
0.21762034928265492	0.0	0.0
0.21912117927770766	0.0	0.0
0.2206220092727605	0.0	0.0
0.2221228392678133	0.0	0.0
0.22362366926286606	0.0	0.0
0.22512449925791886	0.0	0.0
0.22662532925297169	0.0	0.0
0.22812615924802443	0.0	0.0
0.22962698924307726	0.0	0.0
0.23112781923813	0.0	0.0
0.23262864923318283	0.0	0.0
0.23412947922823563	0.0	0.0
0.2356303092232884	0.0	0.0
0.2371311392183412	0.0	0.0
0.238631969213394	0.0	0.0
0.24013279920844677	0.0	0.0
0.2416336292034996	0.0	0.0
0.2431344591985524	0.0	0.0
0.24463528919360517	0.0	0.0
0.24613611918865796	0.0	0.0
0.24763694918371074	0.0	0.0
0.24913777917876354	0.0	0.0
0.25063860917381636	0.0	0.0
0.2521394391688691	0.0	0.0
0.2536402691639219	0.0	0.0
0.2551410991589747	0.0	0.0
0.2566419291540275	0.0	0.0
0.2581427591490803	0.0	0.0
0.25964358914413305	0.0	0.0
0.2611444191391859	0.0	0.0
0.2626452491342387	0.0	0.0
0.26414607912929144	0.0	0.0
0.26564690912434424	0.0	0.0
0.26714773911939704	0.0	0.0
0.26864856911444984	0.0	0.0
0.27014939910950264	0.0	0.0
0.27165022910455544	0.0	0.0
0.2731510590996082	0.0	0.0
0.27465188909466104	0.0	0.0
0.2761527190897138	0.0	0.0
0.2776535490847666	0.0	0.0
0.2791543790798194	0.0	0.0
0.2806552090748722	0.0	0.0
0.282156039069925	0.0	0.0
0.2836568690649778	0.0	0.0
0.2851576990600305	0.0	0.0
0.2866585290550834	0.0	0.0
0.2881593590501362	0.0	0.0
0.2896601890451889	0.0	0.0
0.2911610190402417	0.0	0.0
0.2926618490352945	0.0	0.0
0.2941626790303473	0.0	0.0
0.2956635090254001	0.0	0.0
0.29716433902045286	0.0	0.0
0.2986651690155057	0.0	0.0
0.3001659990105585	0.0	0.0
0.30166682900561126	0.0	0.0
0.30316765900066406	0.0	0.0
0.30466848899571686	0.0	0.0
0.30616931899076966	0.0	0.0
0.30767014898582246	0.0	0.0
0.3091709789808752	0.0	0.0
0.31067180897592805	0.0	0.0
0.31217263897098085	0.0	0.0
0.3136734689660336	0.0	0.0
0.3151742989610864	0.0	0.0
0.3166751289561392	0.0	0.0
0.318175958951192	0.0	0.0
0.3196767889462448	0.0	0.0
0.32117761894129754	0.0	0.0
0.3226784489363504	0.0	0.0
0.3241792789314032	0.0	0.0
0.32568010892645594	0.0	0.0
0.32718093892150873	0.0	0.0
0.32868176891656153	0.0	0.0
0.33018259891161433	0.0	0.0
0.33168342890666713	0.0	0.0
0.3331842589017199	0.0	0.0
0.3346850888967727	0.0	0.0
0.33618591889182553	0.0	0.0
0.3376867488868783	0.0	0.0
0.3391875788819311	0.0	0.0
0.3406884088769839	0.0	0.0
0.34218923887203667	0.0	0.0
0.34369006886708947	0.0	0.0
0.34519089886214227	0.0	0.0
0.346691728857195	0.0	0.0
0.34819255885224787	0.0	0.0
0.3496933888473006	0.0	0.0
0.3511942188423534	0.0	0.0
0.3526950488374062	0.0	0.0
0.354195878832459	0.0	0.0
0.3556967088275118	0.0	0.0
0.3571975388225646	0.0	0.0
0.35869836881761735	0.0	0.0
0.3601991988126702	0.0	0.0
0.361700028807723	0.0	0.0
0.36320085880277575	0.0	0.0
0.36470168879782855	0.0	0.0
0.36620251879288135	0.0	0.0
0.36770334878793415	0.0	0.0
0.36920417878298695	0.0	0.0
0.3707050087780397	0.0	0.0
0.37220583877309255	0.0	0.0
0.37370666876814534	0.0	0.0
0.3752074987631981	0.0	0.0
0.3767083287582509	0.0	0.0
0.3782091587533037	0.0	0.0
0.3797099887483565	0.0	0.0
0.3812108187434093	0.0	0.0
0.38271164873846203	0.0	0.0
0.3842124787335149	0.0	0.0
0.3857133087285677	0.0	0.0
0.3872141387236204	0.0	0.0
0.38871496871867317	0.0	0.0
0.390215798713726	0.0	0.0
0.3917166287087788	0.0	0.0
0.3932174587038316	0.0	0.0
0.3947182886988844	0.0	0.0
0.3962191186939372	0.0	0.0
0.39771994868898997	0.0	0.0
0.39922077868404277	0.0	0.0
0.40072160867909556	0.0	0.0
0.40222243867414836	0.0	0.0
0.4037232686692012	0.0	0.0
0.4052240986642539	0.0	0.0
0.4067249286593067	0.0	0.0
0.4082257586543595	0.0	0.0
0.40972658864941236	0.0	0.0
0.41122741864446516	0.0	0.0
0.41272824863951796	0.0	0.0
0.4142290786345707	0.0	0.0
0.4157299086296235	0.0	0.0
0.4172307386246763	0.0	0.0
0.4187315686197291	0.0	0.0
0.4202323986147819	0.0	0.0
0.42173322860983464	0.0	0.0
0.42323405860488744	0.0	0.0
0.42473488859994024	0.0	0.0
0.42623571859499304	0.0	0.0
0.42773654859004584	0.0	0.0
0.4292373785850986	0.0	0.0
0.4307382085801514	0.0	0.0
0.4322390385752042	0.0	0.0
0.43373986857025704	0.0	0.0
0.43524069856530984	0.0	0.0
0.43674152856036264	0.0	0.0
0.4382423585554153	0.0	0.0
0.4397431885504682	0.0	0.0
0.441244018545521	0.0	0.0
0.4427448485405738	0.0	0.0
0.4442456785356266	0.0	0.0
0.4457465085306793	0.0	0.0
0.4472473385257321	0.0	0.0
0.4487481685207849	0.0	0.0
0.4502489985158377	0.0	0.0
0.4517498285108905	0.0	0.0
0.45325065850594337	0.0	0.0
0.45475148850099606	0.0	0.0
0.45625231849604886	0.0	0.0
0.45775314849110166	0.0	0.0
0.4592539784861545	0.0	0.0
0.4607548084812073	0.0	0.0
0.46225563847626	0.0	0.0
0.46375646847131285	0.0	0.0
0.46525729846636565	0.0	0.0
0.46675812846141845	0.0	0.0
0.46825895845647125	0.0	0.0
0.46975978845152405	0.0	0.0
0.4712606184465768	0.0	0.0
0.4727614484416296	0.0	0.0
0.4742622784366824	0.0	0.0
0.4757631084317352	0.0	0.0
0.477263938426788	0.0	0.0
0.47876476842184074	0.0	0.0
0.48026559841689354	0.0	0.0
0.48176642841194633	0.0	0.0
0.4832672584069992	0.0	0.0
0.484768088402052	0.0	0.0
0.4862689183971048	0.0	0.0
0.4877697483921575	0.0	0.0
0.48927057838721033	0.0	0.0
0.49077140838226313	0.0	0.0
0.49227223837731593	0.0	0.0
0.49377306837236873	0.0	0.0
0.4952738983674215	0.0	0.0
0.49677472836247427	0.0	0.0
0.49827555835752707	0.0	0.0
0.49977638835257987	0.0	0.0
0.5012772183476327	0.0	0.0
0.5027780483426855	0.0	0.0
0.5042788783377382	0.0	0.0
0.5057797083327911	0.0	0.0
0.5072805383278438	0.0	0.0
0.5087813683228967	0.0	0.0
0.5102821983179494	0.0	0.0
0.5117830283130022	0.0	0.0
0.513283858308055	0.0	0.0
0.5147846883031078	0.0	0.0
0.5162855182981606	0.0	0.0
0.5177863482932135	0.0	0.0
0.5192871782882661	0.0	0.0
0.520788008283319	0.0	0.0
0.5222888382783718	0.0	0.0
0.5237896682734245	0.0	0.0
0.5252904982684774	0.0	0.0
0.5267913282635301	0.0	0.0
0.5282921582585829	0.0	0.0
0.5297929882536357	0.0	0.0
0.5312938182486885	0.0	0.0
0.5327946482437413	0.0	0.0
0.5342954782387941	0.0	0.0
0.5357963082338468	0.0	0.0
0.5372971382288997	0.0	0.0
0.5387979682239524	0.0	0.0
0.5402987982190053	0.0	0.0
0.5417996282140581	0.0	0.0
0.5433004582091109	0.0	0.0
0.5448012882041636	0.0	0.0
0.5463021181992164	0.0	0.0
0.5478029481942692	0.0	0.0
0.5493037781893221	0.0	0.0
0.5508046081843748	0.0	0.0
0.5523054381794276	0.0	0.0
0.5538062681744804	0.0	0.0
0.5553070981695332	0.0	0.0
0.556807928164586	0.0	0.0
0.5583087581596388	0.0	0.0
0.5598095881546916	0.0	0.0
0.5613104181497444	0.0	0.0
0.5628112481447971	0.0	0.0
0.56431207813985	0.0	0.0
0.5658129081349027	0.0	0.0
0.5673137381299556	0.0	0.0
0.5688145681250083	0.0	0.0
0.570315398120061	0.0	0.0
0.5718162281151139	0.0	0.0
0.5733170581101668	0.0	0.0
0.5748178881052195	0.0	0.0
0.5763187181002724	0.0	0.0
0.5778195480953251	0.0	0.0
0.5793203780903778	0.0	0.0
0.5808212080854307	0.0	0.0
0.5823220380804834	0.0	0.0
0.5838228680755363	0.0	0.0
0.585323698070589	0.0	0.0
0.5868245280656418	0.0	0.0
0.5883253580606946	0.0	0.0
0.5898261880557474	0.0	0.0
0.5913270180508002	0.0	0.0
0.592827848045853	0.0	0.0
0.5943286780409057	0.0	0.0
0.5958295080359586	0.0	0.0
0.5973303380310114	0.0	0.0
0.5988311680260642	0.0	0.0
0.600331998021117	0.0	0.0
0.6018328280161698	0.0	0.0
0.6033336580112225	0.0	0.0
0.6048344880062754	0.0	0.0
0.6063353180013281	0.0	0.0
0.607836147996381	0.0	0.0
0.6093369779914337	0.0	0.0
0.6108378079864865	0.0	0.0
0.6123386379815393	0.0	0.0
0.6138394679765921	0.0	0.0
0.6153402979716449	0.0	0.0
0.6168411279666978	0.0	0.0
0.6183419579617504	0.0	0.0
0.6198427879568033	0.0	0.0
0.6213436179518561	0.0	0.0
0.6228444479469089	0.0	0.0
0.6243452779419617	0.0	0.0
0.6258461079370145	0.0	0.0
0.6273469379320672	0.0	0.0
0.62884776792712	0.0	0.0
0.6303485979221728	0.0	0.0
0.6318494279172256	0.0	0.0
0.6333502579122784	0.0	0.0
0.6348510879073311	0.0	0.0
0.636351917902384	0.0	0.0
0.6378527478974367	0.0	0.0
0.6393535778924896	0.0	0.0
0.6408544078875424	0.0	0.0
0.6423552378825951	0.0	0.0
0.6438560678776479	0.0	0.0
0.6453568978727008	0.0	0.0
0.6468577278677535	0.0	0.0
0.6483585578628064	0.0	0.0
0.6498593878578591	0.0	0.0
0.6513602178529119	0.0	0.0
0.6528610478479647	0.0	0.0
0.6543618778430175	0.0	0.0
0.6558627078380703	0.0	0.0
0.6573635378331231	0.0	0.0
0.6588643678281758	0.0	0.0
0.6603651978232287	0.0	0.0
0.6618660278182814	0.0	0.0
0.6633668578133343	0.0	0.0
0.6648676878083871	0.0	0.0
0.6663685178034398	0.0	0.0
0.6678693477984926	0.0	0.0
0.6693701777935454	0.0	0.0
0.6708710077885982	0.0	0.0
0.6723718377836511	0.0	0.0
0.6738726677787038	0.0	0.0
0.6753734977737565	0.0	0.0
0.6768743277688094	0.0	0.0
0.6783751577638621	0.0	0.0
0.679875987758915	0.0	0.0
0.6813768177539677	0.0	0.0
0.6828776477490205	0.0	0.0
0.6843784777440733	0.0	0.0
0.6858793077391261	0.0	0.0
0.6873801377341789	0.0	0.0
0.6888809677292317	0.0	0.0
0.6903817977242845	0.0	0.0
0.6918826277193373	0.0	0.0
0.69338345771439	0.0	0.0
0.6948842877094429	0.0	0.0
0.6963851177044957	0.0	0.0
0.6978859476995485	0.0	0.0
0.6993867776946012	0.0	0.0
0.7008876076896541	0.0	0.0
0.7023884376847068	0.0	0.0
0.7038892676797597	0.0	0.0
0.7053900976748124	0.0	0.0
0.7068909276698653	0.0	0.0
0.708391757664918	0.0	0.0
0.7098925876599708	0.0	0.0
0.7113934176550236	0.0	0.0
0.7128942476500764	0.0	0.0
0.7143950776451292	0.0	0.0
0.715895907640182	0.0	0.0
0.7173967376352347	0.0	0.0
0.7188975676302876	0.0	0.0
0.7203983976253404	0.0	0.0
0.7218992276203932	0.0	0.0
0.723400057615446	0.0	0.0
0.7249008876104988	0.0	0.0
0.7264017176055515	0.0	0.0
0.7279025476006044	0.0	0.0
0.7294033775956571	0.0	0.0
0.73090420759071	0.0	0.0
0.7324050375857627	0.0	0.0
0.7339058675808154	0.0	0.0
0.7354066975758683	0.0	0.0
0.736907527570921	0.0	0.0
0.7384083575659739	0.0	0.0
0.7399091875610266	0.0	0.0
0.7414100175560794	0.0	0.0
0.7429108475511322	0.0	0.0
0.7444116775461851	0.0	0.0
0.7459125075412378	0.0	0.0
0.7474133375362907	0.0	0.0
0.7489141675313434	0.0	0.0
0.7504149975263962	0.0	0.0
0.751915827521449	0.0	0.0
0.7534166575165018	0.0	0.0
0.7549174875115546	0.0	0.0
0.7564183175066074	0.0	0.0
0.7579191475016601	0.0	0.0
0.759419977496713	0.0	0.0
0.7609208074917657	0.0	0.0
0.7624216374868186	0.0	0.0
0.7639224674818714	0.0	0.0
0.7654232974769241	0.0	0.0
0.7669241274719769	0.0	0.0
0.7684249574670298	0.0	0.0
0.7699257874620825	0.0	0.0
0.7714266174571354	0.0	0.0
0.772927447452188	0.0	0.0
0.7744282774472409	0.0	0.0
0.7759291074422937	0.0	0.0
0.7774299374373463	0.0	0.0
0.7789307674323993	0.0	0.0
0.780431597427452	0.0	0.0
0.7819324274225049	0.0	0.0
0.7834332574175576	0.0	0.0
0.7849340874126104	0.0	0.0
0.7864349174076632	0.0	0.0
0.787935747402716	0.0	0.0
0.7894365773977688	0.0	0.0
0.7909374073928216	0.0	0.0
0.7924382373878744	0.0	0.0
0.7939390673829272	0.0	0.0
0.7954398973779799	0.0	0.0
0.7969407273730328	0.0	0.0
0.7984415573680855	0.0	0.0
0.7999423873631384	0.0	0.0
0.8014432173581911	0.0	0.0
0.8029440473532439	0.0	0.0
0.8044448773482967	0.0	0.0
0.8059457073433495	0.0	0.0
0.8074465373384024	0.0	0.0
0.8089473673334551	0.0	0.0
0.8104481973285078	0.0	0.0
0.8119490273235607	0.0	0.0
0.8134498573186134	0.0	0.0
0.8149506873136664	0.0	0.0
0.816451517308719	0.0	0.0
0.8179523473037718	0.0	0.0
0.8194531772988247	0.0	0.0
0.8209540072938774	0.0	0.0
0.8224548372889303	0.0	0.0
0.8239556672839831	0.0	0.0
0.8254564972790359	0.0	0.0
0.8269573272740887	0.0	0.0
0.8284581572691414	0.0	0.0
0.8299589872641943	0.0	0.0
0.831459817259247	0.0	0.0
0.8329606472542999	0.0	0.0
0.8344614772493526	0.0	0.0
0.8359623072444053	0.0	0.0
0.8374631372394582	0.0	0.0
0.8389639672345109	0.0	0.0
0.8404647972295638	0.0	0.0
0.8419656272246165	0.0	0.0
0.8434664572196693	0.0	0.0
0.8449672872147221	0.0	0.0
0.8464681172097749	0.0	0.0
0.8479689472048277	0.0	0.0
0.8494697771998805	0.0	0.0
0.8509706071949332	0.0	0.0
0.8524714371899861	0.0	0.0
0.8539722671850388	0.0	0.0
0.8554730971800917	0.0	0.0
0.8569739271751444	0.0	0.0
0.8584747571701972	0.0	0.0
0.85997558716525	0.0	0.0
0.8614764171603028	0.0	0.0
0.8629772471553557	0.0	0.0
0.8644780771504084	0.0	0.0
0.8659789071454613	0.0	0.0
0.8674797371405141	0.0	0.0
0.8689805671355667	0.0	0.0
0.8704813971306197	0.0	0.0
0.8719822271256723	0.0	0.0
0.8734830571207253	0.0	0.0
0.874983887115778	0.0	0.0
0.8764847171108306	0.0	0.0
0.8779855471058836	0.0	0.0
0.8794863771009364	0.0	0.0
0.8809872070959892	0.0	0.0
0.882488037091042	0.0	0.0
0.8839888670860947	0.0	0.0
0.8854896970811476	0.0	0.0
0.8869905270762003	0.0	0.0
0.8884913570712532	0.0	0.0
0.8899921870663059	0.0	0.0
0.8914930170613586	0.0	0.0
0.8929938470564115	0.0	0.0
0.8944946770514642	0.0	0.0
0.8959955070465171	0.0	0.0
0.8974963370415698	0.0	0.0
0.8989971670366227	0.0	0.0
0.9004979970316754	0.0	0.0
0.9019988270267282	0.0	0.0
0.903499657021781	0.0	0.0
0.9050004870168338	0.0	0.0
0.9065013170118867	0.0	0.0
0.9080021470069394	0.0	0.0
0.9095029770019921	0.0	0.0
0.911003806997045	0.0	0.0
0.9125046369920977	0.0	0.0
0.9140054669871507	0.0	0.0
0.9155062969822033	0.0	0.0
0.9170071269772561	0.0	0.0
0.918507956972309	0.0	0.0
0.9200087869673617	0.0	0.0
0.9215096169624146	0.0	0.0
0.9230104469574674	0.0	0.0
0.92451127695252	0.0	0.0
0.926012106947573	0.0	0.0
0.9275129369426257	0.0	0.0
0.9290137669376786	0.0	0.0
0.9305145969327313	0.0	0.0
0.932015426927784	0.0	0.0
0.9335162569228369	0.0	0.0
0.9350170869178897	0.0	0.0
0.9365179169129425	0.0	0.0
0.9380187469079952	0.0	0.0
0.9395195769030481	0.0	0.0
0.9410204068981008	0.0	0.0
0.9425212368931536	0.0	0.0
0.9440220668882064	0.0	0.0
0.9455228968832592	0.0	0.0
0.947023726878312	0.0	0.0
0.9485245568733648	0.0	0.0
0.9500253868684175	0.0	0.0
0.9515262168634704	0.0	0.0
0.9530270468585231	0.0	0.0
0.954527876853576	0.0	0.0
0.9560287068486287	0.0	0.0
0.9575295368436815	0.0	0.0
0.9590303668387343	0.0	0.0
0.9605311968337871	0.0	0.0
0.96203202682884	0.0	0.0
0.9635328568238927	0.0	0.0
0.9650336868189454	0.0	0.0
0.9665345168139984	0.0	0.0
0.968035346809051	0.0	0.0
0.969536176804104	0.0	0.0
0.9710370067991567	0.0	0.0
0.9725378367942096	0.0	0.0
0.9740386667892623	0.0	0.0
0.975539496784315	0.0	0.0
0.9770403267793679	0.0	0.0
0.9785411567744207	0.0	0.0
0.9800419867694735	0.0	0.0
0.9815428167645263	0.0	0.0
0.983043646759579	0.0	0.0
0.9845444767546319	0.0	0.0
0.9860453067496846	0.0	0.0
0.9875461367447375	0.0	0.0
0.9890469667397902	0.0	0.0
0.990547796734843	0.0	0.0
0.9920486267298958	0.0	0.0
0.9935494567249485	0.0	0.0
0.9950502867200014	0.0	0.0
0.9965511167150541	0.0	0.0
0.9980519467101069	0.0	0.0
0.9995527767051597	0.0	0.0
1.0010536067002125	0.0	0.0
1.0025544366952654	0.0	0.0
1.0040552666903182	0.0	0.0
1.005556096685371	0.0	0.0
1.0070569266804237	0.0	0.0
1.0085577566754764	0.0	0.0
1.0100585866705294	0.0	0.0
1.0115594166655821	0.0	0.0
1.0130602466606349	0.0	0.0
1.0145610766556876	0.0	0.0
1.0160619066507404	0.0	0.0
1.0175627366457933	0.0	0.0
1.019063566640846	0.0	0.0
1.0205643966358988	0.0	0.0
1.0220652266309516	0.0	0.0
1.0235660566260043	0.0	0.0
1.0250668866210573	0.0	0.0
1.02656771661611	0.0	0.0
1.0280685466111628	0.0	0.0
1.0295693766062155	0.0	0.0
1.0310702066012682	0.0	0.0
1.0325710365963212	0.0	0.0
1.034071866591374	0.0	0.0
1.035572696586427	0.0	0.0
1.0370735265814794	0.0	0.0
1.0385743565765322	0.0	0.0
1.0400751865715852	0.0	0.0
1.041576016566638	0.0	0.0
1.0430768465616909	0.0	0.0
1.0445776765567436	0.0	0.0
1.0460785065517963	0.0	0.0
1.047579336546849	0.0	0.0
1.0490801665419018	0.0	0.0
1.0505809965369548	0.0	0.0
1.0520818265320075	0.0	0.0
1.0535826565270603	0.0	0.0
1.055083486522113	0.0	0.0
1.0565843165171658	0.0	0.0
1.0580851465122187	0.0	0.0
1.0595859765072715	0.0	0.0
1.0610868065023242	0.0	0.0
1.062587636497377	0.0	0.0
1.0640884664924297	0.0	0.0
1.0655892964874827	0.0	0.0
1.0670901264825354	0.0	0.0
1.0685909564775882	0.0	0.0
1.070091786472641	0.0	0.0
1.0715926164676937	0.0	0.0
1.0730934464627466	0.0	0.0
1.0745942764577994	0.0	0.0
1.0760951064528521	0.0	0.0
1.0775959364479049	0.0	0.0
1.0790967664429576	0.0	0.0
1.0805975964380106	0.0	0.0
1.0820984264330633	0.0	0.0
1.0835992564281163	0.0	0.0
1.0851000864231688	0.0	0.0
1.0866009164182218	0.0	0.0
1.0881017464132745	0.0	0.0
1.0896025764083273	0.0	0.0
1.0911034064033802	0.0	0.0
1.0926042363984327	0.0	0.0
1.0941050663934857	0.0	0.0
1.0956058963885384	0.0	0.0
1.0971067263835912	0.0	0.0
1.0986075563786442	0.0	0.0
1.100108386373697	0.0	0.0
1.1016092163687496	0.0	0.0
1.1031100463638024	0.0	0.0
1.1046108763588551	0.0	0.0
1.106111706353908	0.0	0.0
1.1076125363489608	0.0	0.0
1.1091133663440136	0.0	0.0
1.1106141963390663	0.0	0.0
1.112115026334119	0.0	0.0
1.113615856329172	0.0	0.0
1.1151166863242248	0.0	0.0
1.1166175163192775	0.0	0.0
1.1181183463143303	0.0	0.0
1.1196191763093832	0.0	0.0
1.121120006304436	0.0	0.0
1.1226208362994887	0.0	0.0
1.1241216662945415	0.0	0.0
1.1256224962895942	0.0	0.0
1.1271233262846472	0.0	0.0
1.1286241562797	0.0	0.0
1.1301249862747527	0.0	0.0
1.1316258162698054	0.0	0.0
1.1331266462648582	0.0	0.0
1.1346274762599111	0.0	0.0
1.1361283062549639	0.0	0.0
1.1376291362500166	0.0	0.0
1.1391299662450696	0.0	0.0
1.140630796240122	0.0	0.0
1.142131626235175	0.0	0.0
1.1436324562302278	0.0	0.0
1.1451332862252805	0.0	0.0
1.1466341162203335	0.0	0.0
1.1481349462153863	0.0	0.0
1.149635776210439	0.0	0.0
1.1511366062054917	0.0	0.0
1.1526374362005447	0.0	0.0
1.1541382661955975	0.0	0.0
1.1556390961906502	0.0	0.0
1.157139926185703	0.0	0.0
1.1586407561807557	0.0	0.0
1.1601415861758086	0.0	0.0
1.1616424161708614	0.0	0.0
1.1631432461659141	0.0	0.0
1.1646440761609669	0.0	0.0
1.1661449061560196	0.0	0.0
1.1676457361510726	0.0	0.0
1.1691465661461253	0.0	0.0
1.170647396141178	0.0	0.0
1.1721482261362308	0.0	0.0
1.1736490561312836	0.0	0.0
1.1751498861263365	0.0	0.0
1.1766507161213893	0.0	0.0
1.178151546116442	0.0	0.0
1.1796523761114948	0.0	0.0
1.1811532061065475	0.0	0.0
1.1826540361016005	0.0	0.0
1.1841548660966532	0.0	0.0
1.185655696091706	0.0	0.0
1.187156526086759	0.0	0.0
1.1886573560818114	0.0	0.0
1.1901581860768644	0.0	0.0
1.1916590160719172	0.0	0.0
1.1931598460669701	0.0	0.0
1.1946606760620229	0.0	0.0
1.1961615060570754	0.0	0.0
1.1976623360521284	0.0	0.0
1.199163166047181	0.0	0.0
1.200663996042234	0.0	0.0
1.2021648260372868	0.0	0.0
1.2036656560323395	0.0	0.0
1.2051664860273923	0.0	0.0
1.206667316022445	0.0	0.0
1.208168146017498	0.0	0.0
1.2096689760125507	0.0	0.0
1.2111698060076035	0.0	0.0
1.2126706360026562	0.0	0.0
1.214171465997709	0.0	0.0
1.215672295992762	0.0	0.0
1.2171731259878147	0.0	0.0
1.2186739559828674	0.0	0.0
1.2201747859779202	0.0	0.0
1.221675615972973	0.0	0.0
1.2231764459680259	0.0	0.0
1.2246772759630786	0.0	0.0
1.2261781059581316	0.0	0.0
1.2276789359531841	0.0	0.0
1.2291797659482369	0.0	0.0
1.2306805959432898	0.0	0.0
1.2321814259383426	0.0	0.0
1.2336822559333955	0.0	0.0
1.235183085928448	0.0	0.0
1.2366839159235008	0.0	0.0
1.2381847459185538	0.0	0.0
1.2396855759136065	0.0	0.0
1.2411864059086595	0.0	0.0
1.2426872359037122	0.0	0.0
1.2441880658987647	0.0	0.0
1.2456888958938177	0.0	0.0
1.2471897258888704	0.0	0.0
1.2486905558839234	0.0	0.0
1.2501913858789762	0.0	0.0
1.251692215874029	0.0	0.0
1.2531930458690816	0.0	0.0
1.2546938758641344	0.0	0.0
1.2561947058591874	0.0	0.0
1.25769553585424	0.0	0.0
1.2591963658492928	0.0	0.0
1.2606971958443456	0.0	0.0
1.2621980258393983	0.0	0.0
1.2636988558344513	0.0	0.0
1.265199685829504	0.0	0.0
1.2667005158245568	0.0	0.0
1.2682013458196095	0.0	0.0
1.2697021758146623	0.0	0.0
1.2712030058097152	0.0	0.0
1.272703835804768	0.0	0.0
1.2742046657998207	0.0	0.0
1.2757054957948735	0.0	0.0
1.2772063257899262	0.0	0.0
1.2787071557849792	0.0	0.0
1.280207985780032	0.0	0.0
1.2817088157750849	0.0	0.0
1.2832096457701374	0.0	0.0
1.2847104757651902	0.0	0.0
1.2862113057602431	0.0	0.0
1.2877121357552959	0.0	0.0
1.2892129657503488	0.0	0.0
1.2907137957454016	0.0	0.0
1.292214625740454	0.0	0.0
1.293715455735507	0.0	0.0
1.2952162857305598	0.0	0.0
1.2967171157256128	0.0	0.0
1.2982179457206655	0.0	0.0
1.2997187757157183	0.0	0.0
1.301219605710771	0.0	0.0
1.3027204357058237	0.0	0.0
1.3042212657008767	0.0	0.0
1.3057220956959295	0.0	0.0
1.3072229256909822	0.0	0.0
1.308723755686035	0.0	0.0
1.3102245856810877	0.0	0.0
1.3117254156761406	0.0	0.0
1.3132262456711934	0.0	0.0
1.3147270756662461	0.0	0.0
1.3162279056612989	0.0	0.0
1.3177287356563516	0.0	0.0
1.3192295656514046	0.0	0.0
1.3207303956464573	0.0	0.0
1.32223122564151	0.0	0.0
1.3237320556365628	0.0	0.0
1.3252328856316156	0.0	0.0
1.3267337156266685	0.0	0.0
1.3282345456217213	0.0	0.0
1.3297353756167742	0.0	0.0
1.3312362056118268	0.0	0.0
1.3327370356068795	0.0	0.0
1.3342378656019325	0.0	0.0
1.3357386955969852	0.0	0.0
1.3372395255920382	0.0	0.0
1.3387403555870907	0.0	0.0
1.3402411855821437	0.0	0.0
1.3417420155771964	0.0	0.0
1.3432428455722492	0.0	0.0
1.3447436755673021	0.0	0.0
1.3462445055623549	0.0	0.0
1.3477453355574076	0.0	0.0
1.3492461655524604	0.0	0.0
1.350746995547513	0.0	0.0
1.352247825542566	0.0	0.0
1.3537486555376188	0.0	0.0
1.3552494855326715	0.0	0.0
1.3567503155277243	0.0	0.0
1.358251145522777	0.0	0.0
1.35975197551783	0.0	0.0
1.3612528055128827	0.0	0.0
1.3627536355079355	0.0	0.0
1.3642544655029882	0.0	0.0
1.365755295498041	0.0	0.0
1.367256125493094	0.0	0.0
1.3687569554881467	0.0	0.0
1.3702577854831994	0.0	0.0
1.3717586154782522	0.0	0.0
1.3732594454733051	0.0	0.0
1.3747602754683579	0.0	0.0
1.3762611054634106	0.0	0.0
1.3777619354584634	0.0	0.0
1.3792627654535161	0.0	0.0
1.380763595448569	0.0	0.0
1.3822644254436218	0.0	0.0
1.3837652554386746	0.0	0.0
1.3852660854337275	0.0	0.0
1.38676691542878	0.0	0.0
1.388267745423833	0.0	0.0
1.3897685754188858	0.0	0.0
1.3912694054139385	0.0	0.0
1.3927702354089915	0.0	0.0
1.3942710654040442	0.0	0.0
1.395771895399097	0.0	0.0
1.3972727253941497	0.0	0.0
1.3987735553892024	0.0	0.0
1.4002743853842554	0.0	0.0
1.4017752153793082	0.0	0.0
1.403276045374361	0.0	0.0
1.4047768753694136	0.0	0.0
1.4062777053644664	0.0	0.0
1.4077785353595194	0.0	0.0
1.409279365354572	0.0	0.0
1.4107801953496248	0.0	0.0
1.4122810253446776	0.0	0.0
1.4137818553397306	0.0	0.0
1.4152826853347833	0.0	0.0
1.416783515329836	0.0	0.0
1.4182843453248888	0.0	0.0
1.4197851753199415	0.0	0.0
1.4212860053149945	0.0	0.0
1.4227868353100472	0.0	0.0
1.4242876653051	0.0	0.0
1.4257884953001527	0.0	0.0
1.4272893252952055	0.0	0.0
1.4287901552902584	0.0	0.0
1.4302909852853112	0.0	0.0
1.431791815280364	0.0	0.0
1.4332926452754169	0.0	0.0
1.4347934752704694	0.0	0.0
1.4362943052655224	0.0	0.0
1.4377951352605751	0.0	0.0
1.4392959652556279	0.0	0.0
1.4407967952506808	0.0	0.0
1.4422976252457334	0.0	0.0
1.4437984552407863	0.0	0.0
1.445299285235839	0.0	0.0
1.446800115230892	0.0	0.0
1.4483009452259448	0.0	0.0
1.4498017752209975	0.0	0.0
1.4513026052160503	0.0	0.0
1.452803435211103	0.0	0.0
1.454304265206156	0.0	0.0
1.4558050952012087	0.0	0.0
1.4573059251962615	0.0	0.0
1.4588067551913142	0.0	0.0
1.460307585186367	0.0	0.0
1.46180841518142	0.0	0.0
1.4633092451764727	0.0	0.0
1.4648100751715254	0.0	0.0
1.4663109051665781	0.0	0.0
1.4678117351616309	0.0	0.0
1.4693125651566838	0.0	0.0
1.4708133951517366	0.0	0.0
1.4723142251467893	0.0	0.0
1.473815055141842	0.0	0.0
1.4753158851368948	0.0	0.0
1.4768167151319478	0.0	0.0
1.4783175451270005	0.0	0.0
1.4798183751220533	0.0	0.0
1.481319205117106	0.0	0.0
1.4828200351121588	0.0	0.0
1.4843208651072117	0.0	0.0
1.4858216951022645	0.0	0.0
1.4873225250973174	0.0	0.0
1.4888233550923702	0.0	0.0
1.4903241850874227	0.0	0.0
1.4918250150824757	0.0	0.0
1.4933258450775284	0.0	0.0
1.4948266750725814	0.0	0.0
1.4963275050676341	0.0	0.0
1.4978283350626869	0.0	0.0
1.4993291650577396	0.0	0.0
1.5008299950527924	0.0	0.0
1.5023308250478453	0.0	0.0
1.503831655042898	0.0	0.0
1.5053324850379508	0.0	0.0
1.5068333150330036	0.0	0.0
1.5083341450280563	0.0	0.0
1.5098349750231093	0.0	0.0
1.511335805018162	0.0	0.0
1.5128366350132147	0.0	0.0
1.5143374650082675	0.0	0.0
1.5158382950033202	0.0	0.0
1.5173391249983732	0.0	0.0
1.518839954993426	0.0	0.0
1.5203407849884787	0.0	0.0
1.5218416149835314	0.0	0.0
1.5233424449785842	0.0	0.0
1.5248432749736371	0.0	0.0
1.5263441049686899	0.0	0.0
1.5278449349637429	0.0	0.0
1.5293457649587954	0.0	0.0
1.5308465949538481	0.0	0.0
1.532347424948901	0.0	0.0
1.5338482549439538	0.0	0.0
1.5353490849390068	0.0	0.0
1.5368499149340595	0.0	0.0
1.538350744929112	0.0	0.0
1.539851574924165	0.0	0.0
1.5413524049192178	0.0	0.0
1.5428532349142707	0.0	0.0
1.5443540649093235	0.0	0.0
1.545854894904376	0.0	0.0
1.547355724899429	0.0	0.0
1.5488565548944817	0.0	0.0
1.5503573848895347	0.0	0.0
1.5518582148845874	0.0	0.0
1.5533590448796402	0.0	0.0
1.5548598748746927	0.0	0.0
1.5563607048697456	0.0	0.0
1.5578615348647986	0.0	0.0
1.5593623648598514	0.0	0.0
1.560863194854904	0.0	0.0
1.5623640248499568	0.0	0.0
1.5638648548450098	0.0	0.0
1.5653656848400623	0.0	0.0
1.5668665148351153	0.0	0.0
1.568367344830168	0.0	0.0
1.5698681748252208	0.0	0.0
1.5713690048202735	0.0	0.0
1.5728698348153265	0.0	0.0
1.5743706648103795	0.0	0.0
1.575871494805432	0.0	0.0
1.5773723248004847	0.0	0.0
1.5788731547955377	0.0	0.0
1.5803739847905902	0.0	0.0
1.5818748147856432	0.0	0.0
1.5833756447806961	0.0	0.0
1.584876474775749	0.0	0.0
1.5863773047708014	0.0	0.0
1.5878781347658544	0.0	0.0
1.5893789647609073	0.0	0.0
1.5908797947559599	0.0	0.0
1.5923806247510128	0.0	0.0
1.5938814547460656	0.0	0.0
1.595382284741118	0.0	0.0
1.596883114736171	0.0	0.0
1.598383944731224	0.0	0.0
1.5998847747262768	0.0	0.0
1.6013856047213293	0.0	0.0
1.6028864347163823	0.0	0.0
1.6043872647114352	0.0	0.0
1.6058880947064877	0.0	0.0
1.6073889247015407	0.0	0.0
1.6088897546965935	0.0	0.0
1.6103905846916464	0.0	0.0
1.611891414686699	0.0	0.0
1.613392244681752	0.0	0.0
1.6148930746768049	0.0	0.0
1.6163939046718574	0.0	0.0
1.6178947346669101	0.0	0.0
1.619395564661963	0.0	0.0
1.6208963946570156	0.0	0.0
1.6223972246520686	0.0	0.0
1.6238980546471213	0.0	0.0
1.6253988846421743	0.0	0.0
1.6268997146372268	0.0	0.0
1.6284005446322798	0.0	0.0
1.6299013746273328	0.0	0.0
1.6314022046223853	0.0	0.0
1.632903034617438	0.0	0.0
1.634403864612491	0.0	0.0
1.6359046946075435	0.0	0.0
1.6374055246025965	0.0	0.0
1.6389063545976494	0.0	0.0
1.6404071845927022	0.0	0.0
1.6419080145877547	0.0	0.0
1.6434088445828077	0.0	0.0
1.6449096745778606	0.0	0.0
1.6464105045729132	0.0	0.0
1.6479113345679661	0.0	0.0
1.6494121645630189	0.0	0.0
1.6509129945580718	0.0	0.0
1.6524138245531244	0.0	0.0
1.6539146545481773	0.0	0.0
1.65541548454323	0.0	0.0
1.6569163145382828	0.0	0.0
1.6584171445333356	0.0	0.0
1.6599179745283885	0.0	0.0
1.661418804523441	0.0	0.0
1.662919634518494	0.0	0.0
1.6644204645135467	0.0	0.0
1.6659212945085997	0.0	0.0
1.6674221245036522	0.0	0.0
1.6689229544987052	0.0	0.0
1.6704237844937582	0.0	0.0
1.6719246144888107	0.0	0.0
1.6734254444838634	0.0	0.0
1.6749262744789164	0.0	0.0
1.676427104473969	0.0	0.0
1.6779279344690219	0.0	0.0
1.6794287644640746	0.0	0.0
1.6809295944591276	0.0	0.0
1.6824304244541801	0.0	0.0
1.683931254449233	0.0	0.0
1.685432084444286	0.0	0.0
1.6869329144393386	0.0	0.0
1.6884337444343913	0.0	0.0
1.6899345744294443	0.0	0.0
1.6914354044244972	0.0	0.0
1.6929362344195498	0.0	0.0
1.6944370644146027	0.0	0.0
1.6959378944096555	0.0	0.0
1.697438724404708	0.0	0.0
1.698939554399761	0.0	0.0
1.700440384394814	0.0	0.0
1.7019412143898665	0.0	0.0
1.7034420443849194	0.0	0.0
1.7049428743799722	0.0	0.0
1.7064437043750251	0.0	0.0
1.7079445343700776	0.0	0.0
1.7094453643651306	0.0	0.0
1.7109461943601834	0.0	0.0
1.712447024355236	0.0	0.0
1.7139478543502888	0.0	0.0
1.7154486843453418	0.0	0.0
1.7169495143403943	0.0	0.0
1.7184503443354473	0.0	0.0
1.7199511743305	0.0	0.0
1.721452004325553	0.0	0.0
1.7229528343206055	0.0	0.0
1.7244536643156585	0.0	0.0
1.7259544943107115	0.0	0.0
1.727455324305764	0.0	0.0
1.7289561543008167	0.0	0.0
1.7304569842958697	0.0	0.0
1.7319578142909227	0.0	0.0
1.7334586442859752	0.0	0.0
1.7349594742810281	0.0	0.0
1.736460304276081	0.0	0.0
1.7379611342711334	0.0	0.0
1.7394619642661864	0.0	0.0
1.7409627942612393	0.0	0.0
1.7424636242562919	0.0	0.0
1.7439644542513446	0.0	0.0
1.7454652842463976	0.0	0.0
1.7469661142414505	0.0	0.0
1.748466944236503	0.0	0.0
1.749967774231556	0.0	0.0
1.7514686042266088	0.0	0.0
1.7529694342216613	0.0	0.0
1.7544702642167143	0.0	0.0
1.7559710942117672	0.0	0.0
1.75747192420682	0.0	0.0
1.7589727542018727	0.0	0.0
1.7604735841969255	0.0	0.0
1.7619744141919784	0.0	0.0
1.763475244187031	0.0	0.0
1.764976074182084	0.0	0.0
1.7664769041771367	0.0	0.0
1.7679777341721894	0.0	0.0
1.7694785641672421	0.0	0.0
1.770979394162295	0.0	0.0
1.772480224157348	0.0	0.0
1.7739810541524006	0.0	0.0
1.7754818841474533	0.0	0.0
1.7769827141425063	0.0	0.0
1.7784835441375588	0.0	0.0
1.7799843741326118	0.0	0.0
1.7814852041276648	0.0	0.0
1.7829860341227173	0.0	0.0
1.78448686411777	0.0	0.0
1.785987694112823	0.0	0.0
1.787488524107876	0.0	0.0
1.7889893541029285	0.0	0.0
1.7904901840979814	0.0	0.0
1.7919910140930342	0.0	0.0
1.7934918440880867	0.0	0.0
1.7949926740831397	0.0	0.0
1.7964935040781926	0.0	0.0
1.7979943340732454	0.0	0.0
1.7994951640682981	0.0	0.0
1.8009959940633509	0.0	0.0
1.8024968240584038	0.0	0.0
1.8039976540534564	0.0	0.0
1.8054984840485093	0.0	0.0
1.806999314043562	0.0	0.0
1.8085001440386146	0.0	0.0
1.8100009740336676	0.0	0.0
1.8115018040287205	0.0	0.0
1.8130026340237735	0.0	0.0
1.814503464018826	0.0	0.0
1.8160042940138788	0.0	0.0
1.8175051240089317	0.0	0.0
1.8190059540039842	0.0	0.0
1.8205067839990372	0.0	0.0
1.82200761399409	0.0	0.0
1.8235084439891427	0.0	0.0
1.8250092739841954	0.0	0.0
1.8265101039792484	0.0	0.0
1.8280109339743014	0.0	0.0
1.8295117639693539	0.0	0.0
1.8310125939644066	0.0	0.0
1.8325134239594596	0.0	0.0
1.8340142539545121	0.0	0.0
1.835515083949565	0.0	0.0
1.837015913944618	0.0	0.0
1.8385167439396708	0.0	0.0
1.8400175739347233	0.0	0.0
1.8415184039297763	0.0	0.0
1.8430192339248292	0.0	0.0
1.8445200639198818	0.0	0.0
1.8460208939149347	0.0	0.0
1.8475217239099875	0.0	0.0
1.84902255390504	0.0	0.0
1.850523383900093	0.0	0.0
1.852024213895146	0.0	0.0
1.8535250438901987	0.0	0.0
1.8550258738852514	0.0	0.0
1.8565267038803042	0.0	0.0
1.8580275338753571	0.0	0.0
1.8595283638704097	0.0	0.0
1.8610291938654626	0.0	0.0
1.8625300238605154	0.0	0.0
1.864030853855568	0.0	0.0
1.8655316838506208	0.0	0.0
1.8670325138456738	0.0	0.0
1.8685333438407268	0.0	0.0
1.8700341738357793	0.0	0.0
1.871535003830832	0.0	0.0
1.873035833825885	0.0	0.0
1.8745366638209375	0.0	0.0
1.8760374938159905	0.0	0.0
1.8775383238110435	0.0	0.0
1.8790391538060962	0.0	0.0
1.8805399838011487	0.0	0.0
1.8820408137962017	0.0	0.0
1.8835416437912547	0.0	0.0
1.8850424737863072	0.0	0.0
1.88654330378136	0.0	0.0
1.888044133776413	0.0	0.0
1.8895449637714654	0.0	0.0
1.8910457937665184	0.0	0.0
1.8925466237615713	0.0	0.0
1.894047453756624	0.0	0.0
1.8955482837516766	0.0	0.0
1.8970491137467296	0.0	0.0
1.8985499437417825	0.0	0.0
1.900050773736835	0.0	0.0
1.901551603731888	0.0	0.0
1.9030524337269408	0.0	0.0
1.9045532637219937	0.0	0.0
1.9060540937170463	0.0	0.0
1.9075549237120992	0.0	0.0
1.909055753707152	0.0	0.0
1.9105565837022047	0.0	0.0
1.9120574136972575	0.0	0.0
1.9135582436923104	0.0	0.0
1.915059073687363	0.0	0.0
1.916559903682416	0.0	0.0
1.9180607336774687	0.0	0.0
1.9195615636725216	0.0	0.0
1.9210623936675741	0.0	0.0
1.922563223662627	0.0	0.0
1.92406405365768	0.0	0.0
1.9255648836527326	0.0	0.0
1.9270657136477853	0.0	0.0
1.9285665436428383	0.0	0.0
1.9300673736378908	0.0	0.0
1.9315682036329438	0.0	0.0
1.9330690336279968	0.0	0.0
1.9345698636230495	0.0	0.0
1.936070693618102	0.0	0.0
1.937571523613155	0.0	0.0
1.939072353608208	0.0	0.0
1.9405731836032605	0.0	0.0
1.9420740135983134	0.0	0.0
1.9435748435933662	0.0	0.0
1.9450756735884192	0.0	0.0
1.9465765035834717	0.0	0.0
1.9480773335785246	0.0	0.0
1.9495781635735774	0.0	0.0
1.95107899356863	0.0	0.0
1.9525798235636829	0.0	0.0
1.9540806535587358	0.0	0.0
1.9555814835537884	0.0	0.0
1.9570823135488413	0.0	0.0
1.958583143543894	0.0	0.0
1.960083973538947	0.0	0.0
1.9615848035339996	0.0	0.0
1.9630856335290525	0.0	0.0
1.9645864635241053	0.0	0.0
1.966087293519158	0.0	0.0
1.9675881235142108	0.0	0.0
1.9690889535092637	0.0	0.0
1.9705897835043162	0.0	0.0
1.9720906134993692	0.0	0.0
1.973591443494422	0.0	0.0
1.975092273489475	0.0	0.0
1.9765931034845274	0.0	0.0
1.9780939334795804	0.0	0.0
1.9795947634746334	0.0	0.0
1.981095593469686	0.0	0.0
1.9825964234647386	0.0	0.0
1.9840972534597916	0.0	0.0
1.9855980834548446	0.0	0.0
1.987098913449897	0.0	0.0
1.98859974344495	0.0	0.0
1.9901005734400028	0.0	0.0
1.9916014034350553	0.0	0.0
1.9931022334301083	0.0	0.0
1.9946030634251612	0.0	0.0
1.9961038934202138	0.0	0.0
1.9976047234152667	0.0	0.0
1.9991055534103195	0.0	0.0
2.0006063834053722	0.0	0.0
2.002107213400425	0.0	0.0
2.0036080433954777	0.0	0.0
2.005108873390531	0.0	0.0
2.006609703385583	0.0	0.0
2.0081105333806364	0.0	0.0
2.009611363375689	0.0	0.0
2.011112193370742	0.0	0.0
2.0126130233657946	0.0	0.0
2.0141138533608474	0.0	0.0
2.0156146833559005	0.0	0.0
2.017115513350953	0.0	0.0
2.0186163433460056	0.0	0.0
2.020117173341059	0.0	0.0
2.021618003336111	0.0	0.0
2.0231188333311643	0.0	0.0
2.024619663326217	0.0	0.0
2.0261204933212698	0.0	0.0
2.0276213233163225	0.0	0.0
2.0291221533113752	0.0	0.0
2.0306229833064284	0.0	0.0
2.0321238133014807	0.0	0.0
2.0336246432965335	0.0	0.0
2.0351254732915867	0.0	0.0
2.036626303286639	0.0	0.0
2.038127133281692	0.0	0.0
2.039627963276745	0.0	0.0
2.0411287932717976	0.0	0.0
2.0426296232668504	0.0	0.0
2.044130453261903	0.0	0.0
2.0456312832569563	0.0	0.0
2.0471321132520086	0.0	0.0
2.048632943247062	0.0	0.0
2.0501337732421145	0.0	0.0
2.0516346032371673	0.0	0.0
2.05313543323222	0.0	0.0
2.0546362632272728	0.0	0.0
2.0561370932223255	0.0	0.0
2.0576379232173783	0.0	0.0
2.059138753212431	0.0	0.0
2.060639583207484	0.0	0.0
2.0621404132025365	0.0	0.0
2.0636412431975897	0.0	0.0
2.0651420731926424	0.0	0.0
2.066642903187695	0.0	0.0
2.068143733182748	0.0	0.0
2.0696445631778007	0.0	0.0
2.071145393172854	0.0	0.0
2.072646223167906	0.0	0.0
2.074147053162959	0.0	0.0
2.075647883158012	0.0	0.0
2.0771487131530644	0.0	0.0
2.0786495431481176	0.0	0.0
2.0801503731431703	0.0	0.0
2.081651203138223	0.0	0.0
2.083152033133276	0.0	0.0
2.0846528631283285	0.0	0.0
2.0861536931233817	0.0	0.0
2.087654523118434	0.0	0.0
2.089155353113487	0.0	0.0
2.09065618310854	0.0	0.0
2.0921570131035927	0.0	0.0
2.0936578430986454	0.0	0.0
2.095158673093698	0.0	0.0
2.096659503088751	0.0	0.0
2.0981603330838037	0.0	0.0
2.0996611630788564	0.0	0.0
2.1011619930739096	0.0	0.0
2.102662823068962	0.0	0.0
2.104163653064015	0.0	0.0
2.105664483059068	0.0	0.0
2.1071653130541206	0.0	0.0
2.1086661430491733	0.0	0.0
2.110166973044226	0.0	0.0
2.111667803039279	0.0	0.0
2.1131686330343316	0.0	0.0
2.1146694630293843	0.0	0.0
2.1161702930244375	0.0	0.0
2.11767112301949	0.0	0.0
2.119171953014543	0.0	0.0
2.1206727830095957	0.0	0.0
2.1221736130046485	0.0	0.0
2.123674442999701	0.0	0.0
2.125175272994754	0.0	0.0
2.126676102989807	0.0	0.0
2.1281769329848594	0.0	0.0
2.129677762979912	0.0	0.0
2.1311785929749654	0.0	0.0
2.132679422970018	0.0	0.0
2.134180252965071	0.0	0.0
2.1356810829601236	0.0	0.0
2.1371819129551763	0.0	0.0
2.138682742950229	0.0	0.0
2.140183572945282	0.0	0.0
2.141684402940335	0.0	0.0
2.1431852329353873	0.0	0.0
2.1446860629304405	0.0	0.0
2.1461868929254933	0.0	0.0
2.147687722920546	0.0	0.0
2.1491885529155987	0.0	0.0
2.1506893829106515	0.0	0.0
2.1521902129057042	0.0	0.0
2.153691042900757	0.0	0.0
2.1551918728958097	0.0	0.0
2.156692702890863	0.0	0.0
2.158193532885915	0.0	0.0
2.1596943628809684	0.0	0.0
2.161195192876021	0.0	0.0
2.162696022871074	0.0	0.0
2.1641968528661266	0.0	0.0
2.1656976828611794	0.0	0.0
2.1671985128562326	0.0	0.0
2.168699342851285	0.0	0.0
2.1702001728463376	0.0	0.0
2.171701002841391	0.0	0.0
2.1732018328364435	0.0	0.0
2.1747026628314963	0.0	0.0
2.176203492826549	0.0	0.0
2.1777043228216018	0.0	0.0
2.1792051528166545	0.0	0.0
2.1807059828117072	0.0	0.0
2.1822068128067604	0.0	0.0
2.1837076428018127	0.0	0.0
2.1852084727968655	0.0	0.0
2.1867093027919187	0.0	0.0
2.1882101327869714	0.0	0.0
2.189710962782024	0.0	0.0
2.191211792777077	0.0	0.0
2.1927126227721296	0.0	0.0
2.1942134527671824	0.0	0.0
2.195714282762235	0.0	0.0
2.1972151127572883	0.0	0.0
2.198715942752341	0.0	0.0
2.200216772747394	0.0	0.0
2.2017176027424465	0.0	0.0
2.2032184327374993	0.0	0.0
2.204719262732552	0.0	0.0
2.2062200927276048	0.0	0.0
2.2077209227226575	0.0	0.0
2.2092217527177103	0.0	0.0
2.210722582712763	0.0	0.0
2.212223412707816	0.0	0.0
2.213724242702869	0.0	0.0
2.2152250726979217	0.0	0.0
2.2167259026929744	0.0	0.0
2.218226732688027	0.0	0.0
2.21972756268308	0.0	0.0
2.2212283926781327	0.0	0.0
2.222729222673186	0.0	0.0
2.224230052668238	0.0	0.0
2.225730882663291	0.0	0.0
2.227231712658344	0.0	0.0
2.228732542653397	0.0	0.0
2.2302333726484496	0.0	0.0
2.2317342026435023	0.0	0.0
2.233235032638555	0.0	0.0
2.234735862633608	0.0	0.0
2.2362366926286605	0.0	0.0
2.2377375226237137	0.0	0.0
2.2392383526187665	0.0	0.0
2.2407391826138188	0.0	0.0
2.242240012608872	0.0	0.0
2.2437408426039247	0.0	0.0
2.2452416725989774	0.0	0.0
2.24674250259403	0.0	0.0
2.248243332589083	0.0	0.0
2.2497441625841357	0.0	0.0
2.2512449925791884	0.0	0.0
2.2527458225742416	0.0	0.0
2.2542466525692944	0.0	0.0
2.255747482564347	0.0	0.0
2.2572483125594	0.0	0.0
2.2587491425544526	0.0	0.0
2.2602499725495053	0.0	0.0
2.261750802544558	0.0	0.0
2.263251632539611	0.0	0.0
2.2647524625346636	0.0	0.0
2.2662532925297163	0.0	0.0
2.2677541225247695	0.0	0.0
2.2692549525198222	0.0	0.0
2.270755782514875	0.0	0.0
2.2722566125099277	0.0	0.0
2.2737574425049805	0.0	0.0
2.275258272500033	0.0	0.0
2.276759102495086	0.0	0.0
2.278259932490139	0.0	0.0
2.279760762485192	0.0	0.0
2.281261592480244	0.0	0.0
2.2827624224752974	0.0	0.0
2.28426325247035	0.0	0.0
2.285764082465403	0.0	0.0
2.2872649124604556	0.0	0.0
2.2887657424555083	0.0	0.0
2.290266572450561	0.0	0.0
2.291767402445614	0.0	0.0
2.293268232440667	0.0	0.0
2.2947690624357198	0.0	0.0
2.2962698924307725	0.0	0.0
2.2977707224258253	0.0	0.0
2.299271552420878	0.0	0.0
2.3007723824159307	0.0	0.0
2.3022732124109835	0.0	0.0
2.3037740424060362	0.0	0.0
2.3052748724010894	0.0	0.0
2.3067757023961417	0.0	0.0
2.308276532391195	0.0	0.0
2.3097773623862476	0.0	0.0
2.3112781923813004	0.0	0.0
2.312779022376353	0.0	0.0
2.314279852371406	0.0	0.0
2.3157806823664586	0.0	0.0
2.3172815123615114	0.0	0.0
2.318782342356564	0.0	0.0
2.3202831723516173	0.0	0.0
2.3217840023466696	0.0	0.0
2.323284832341723	0.0	0.0
2.3247856623367755	0.0	0.0
2.3262864923318283	0.0	0.0
2.327787322326881	0.0	0.0
2.3292881523219338	0.0	0.0
2.3307889823169865	0.0	0.0
2.3322898123120392	0.0	0.0
2.3337906423070924	0.0	0.0
2.335291472302145	0.0	0.0
2.3367923022971975	0.0	0.0
2.3382931322922507	0.0	0.0
2.3397939622873034	0.0	0.0
2.341294792282356	0.0	0.0
2.342795622277409	0.0	0.0
2.3442964522724616	0.0	0.0
2.345797282267515	0.0	0.0
2.347298112262567	0.0	0.0
2.3487989422576203	0.0	0.0
2.350299772252673	0.0	0.0
2.351800602247726	0.0	0.0
2.3533014322427785	0.0	0.0
2.3548022622378313	0.0	0.0
2.356303092232884	0.0	0.0
2.3578039222279368	0.0	0.0
2.3593047522229895	0.0	0.0
2.3608055822180427	0.0	0.0
2.362306412213095	0.0	0.0
2.363807242208148	0.0	0.0
2.365308072203201	0.0	0.0
2.3668089021982537	0.0	0.0
2.3683097321933064	0.0	0.0
2.369810562188359	0.0	0.0
2.371311392183412	0.0	0.0
2.3728122221784647	0.0	0.0
2.374313052173518	0.0	0.0
2.3758138821685706	0.0	0.0
2.377314712163623	0.0	0.0
2.378815542158676	0.0	0.0
2.380316372153729	0.0	0.0
2.3818172021487816	0.0	0.0
2.3833180321438343	0.0	0.0
2.384818862138887	0.0	0.0
2.3863196921339402	0.0	0.0
2.3878205221289925	0.0	0.0
2.3893213521240457	0.0	0.0
2.3908221821190985	0.0	0.0
2.3923230121141508	0.0	0.0
2.393823842109204	0.0	0.0
2.3953246721042567	0.0	0.0
2.3968255020993094	0.0	0.0
2.398326332094362	0.0	0.0
2.399827162089415	0.0	0.0
2.401327992084468	0.0	0.0
2.4028288220795204	0.0	0.0
2.4043296520745736	0.0	0.0
2.4058304820696264	0.0	0.0
2.407331312064679	0.0	0.0
2.408832142059732	0.0	0.0
2.4103329720547846	0.0	0.0
2.4118338020498373	0.0	0.0
2.41333463204489	0.0	0.0
2.414835462039943	0.0	0.0
2.416336292034996	0.0	0.0
2.4178371220300483	0.0	0.0
2.4193379520251015	0.0	0.0
2.4208387820201542	0.0	0.0
2.422339612015207	0.0	0.0
2.4238404420102597	0.0	0.0
2.4253412720053125	0.0	0.0
2.4268421020003657	0.0	0.0
2.428342931995418	0.0	0.0
2.429843761990471	0.0	0.0
2.431344591985524	0.0	0.0
2.432845421980576	0.0	0.0
2.4343462519756294	0.0	0.0
2.435847081970682	0.0	0.0
2.437347911965735	0.0	0.0
2.4388487419607876	0.0	0.0
2.4403495719558403	0.0	0.0
2.4418504019508935	0.0	0.0
2.443351231945946	0.0	0.0
2.444852061940999	0.0	0.0
2.4463528919360518	0.0	0.0
2.447853721931104	0.0	0.0
2.4493545519261573	0.0	0.0
2.45085538192121	0.0	0.0
2.452356211916263	0.0	0.0
2.4538570419113155	0.0	0.0
2.4553578719063682	0.0	0.0
2.4568587019014214	0.0	0.0
2.4583595318964737	0.0	0.0
2.459860361891527	0.0	0.0
2.4613611918865796	0.0	0.0
2.4628620218816324	0.0	0.0
2.464362851876685	0.0	0.0
2.465863681871738	0.0	0.0
2.467364511866791	0.0	0.0
2.4688653418618434	0.0	0.0
2.470366171856896	0.0	0.0
2.4718670018519493	0.0	0.0
2.4733678318470016	0.0	0.0
2.474868661842055	0.0	0.0
2.4763694918371075	0.0	0.0
2.4778703218321603	0.0	0.0
2.479371151827213	0.0	0.0
2.4808719818222658	0.0	0.0
2.482372811817319	0.0	0.0
2.4838736418123712	0.0	0.0
2.4853744718074244	0.0	0.0
2.486875301802477	0.0	0.0
2.4883761317975295	0.0	0.0
2.4898769617925827	0.0	0.0
2.4913777917876354	0.0	0.0
2.492878621782688	0.0	0.0
2.494379451777741	0.0	0.0
2.4958802817727936	0.0	0.0
2.497381111767847	0.0	0.0
2.498881941762899	0.0	0.0
2.5003827717579523	0.0	0.0
2.501883601753005	0.0	0.0
2.503384431748058	0.0	0.0
2.5048852617431105	0.0	0.0
2.5063860917381633	0.0	0.0
2.5078869217332165	0.0	0.0
2.509387751728269	0.0	0.0
2.5108885817233215	0.0	0.0
2.5123894117183747	0.0	0.0
2.513890241713427	0.0	0.0
2.51539107170848	0.0	0.0
2.516891901703533	0.0	0.0
2.5183927316985857	0.0	0.0
2.5198935616936384	0.0	0.0
2.521394391688691	0.0	0.0
2.5228952216837444	0.0	0.0
2.5243960516787967	0.0	0.0
2.5258968816738494	0.0	0.0
2.5273977116689026	0.0	0.0
2.528898541663955	0.0	0.0
2.530399371659008	0.0	0.0
2.531900201654061	0.0	0.0
2.5334010316491136	0.0	0.0
2.5349018616441663	0.0	0.0
2.536402691639219	0.0	0.0
2.5379035216342722	0.0	0.0
2.5394043516293245	0.0	0.0
2.5409051816243777	0.0	0.0
2.5424060116194305	0.0	0.0
2.5439068416144828	0.0	0.0
2.545407671609536	0.0	0.0
2.5469085016045887	0.0	0.0
2.5484093315996414	0.0	0.0
2.549910161594694	0.0	0.0
2.551410991589747	0.0	0.0
2.5529118215848	0.0	0.0
2.5544126515798524	0.0	0.0
2.5559134815749056	0.0	0.0
2.5574143115699584	0.0	0.0
2.558915141565011	0.0	0.0
2.560415971560064	0.0	0.0
2.5619168015551166	0.0	0.0
2.5634176315501698	0.0	0.0
2.564918461545222	0.0	0.0
2.566419291540275	0.0	0.0
2.567920121535328	0.0	0.0
2.5694209515303803	0.0	0.0
2.5709217815254335	0.0	0.0
2.5724226115204862	0.0	0.0
2.573923441515539	0.0	0.0
2.5754242715105917	0.0	0.0
2.5769251015056445	0.0	0.0
2.5784259315006977	0.0	0.0
2.57992676149575	0.0	0.0
2.581427591490803	0.0	0.0
2.582928421485856	0.0	0.0
2.584429251480908	0.0	0.0
2.5859300814759614	0.0	0.0
2.587430911471014	0.0	0.0
2.588931741466067	0.0	0.0
2.5904325714611196	0.0	0.0
2.5919334014561723	0.0	0.0
2.5934342314512255	0.0	0.0
2.594935061446278	0.0	0.0
2.596435891441331	0.0	0.0
2.5979367214363838	0.0	0.0
2.5994375514314365	0.0	0.0
2.6009383814264893	0.0	0.0
2.602439211421542	0.0	0.0
2.6039400414165947	0.0	0.0
2.6054408714116475	0.0	0.0
2.6069417014067002	0.0	0.0
2.6084425314017534	0.0	0.0
2.6099433613968057	0.0	0.0
2.611444191391859	0.0	0.0
2.6129450213869116	0.0	0.0
2.6144458513819644	0.0	0.0
2.615946681377017	0.0	0.0
2.61744751137207	0.0	0.0
2.618948341367123	0.0	0.0
2.6204491713621754	0.0	0.0
2.621950001357228	0.0	0.0
2.6234508313522813	0.0	0.0
2.6249516613473336	0.0	0.0
2.626452491342387	0.0	0.0
2.6279533213374395	0.0	0.0
2.6294541513324923	0.0	0.0
2.630954981327545	0.0	0.0
2.6324558113225978	0.0	0.0
2.633956641317651	0.0	0.0
2.6354574713127032	0.0	0.0
2.6369583013077564	0.0	0.0
2.638459131302809	0.0	0.0
2.639959961297862	0.0	0.0
2.6414607912929147	0.0	0.0
2.6429616212879674	0.0	0.0
2.64446245128302	0.0	0.0
2.645963281278073	0.0	0.0
2.6474641112731256	0.0	0.0
2.648964941268179	0.0	0.0
2.650465771263231	0.0	0.0
2.6519666012582843	0.0	0.0
2.653467431253337	0.0	0.0
2.65496826124839	0.0	0.0
2.6564690912434425	0.0	0.0
2.6579699212384953	0.0	0.0
2.6594707512335485	0.0	0.0
2.660971581228601	0.0	0.0
2.6624724112236535	0.0	0.0
2.6639732412187067	0.0	0.0
2.665474071213759	0.0	0.0
2.666974901208812	0.0	0.0
2.668475731203865	0.0	0.0
2.6699765611989177	0.0	0.0
2.6714773911939704	0.0	0.0
2.672978221189023	0.0	0.0
2.6744790511840764	0.0	0.0
2.6759798811791287	0.0	0.0
2.6774807111741814	0.0	0.0
2.6789815411692346	0.0	0.0
2.6804823711642873	0.0	0.0
2.68198320115934	0.0	0.0
2.683484031154393	0.0	0.0
2.6849848611494456	0.0	0.0
2.6864856911444983	0.0	0.0
2.687986521139551	0.0	0.0
2.6894873511346042	0.0	0.0
2.6909881811296565	0.0	0.0
2.6924890111247097	0.0	0.0
2.6939898411197625	0.0	0.0
2.695490671114815	0.0	0.0
2.696991501109868	0.0	0.0
2.6984923311049207	0.0	0.0
2.6999931610999734	0.0	0.0
2.701493991095026	0.0	0.0
2.702994821090079	0.0	0.0
2.704495651085132	0.0	0.0
2.7059964810801844	0.0	0.0
2.7074973110752376	0.0	0.0
2.7089981410702904	0.0	0.0
2.710498971065343	0.0	0.0
2.711999801060396	0.0	0.0
2.7135006310554486	0.0	0.0
2.7150014610505018	0.0	0.0
2.716502291045554	0.0	0.0
2.718003121040607	0.0	0.0
2.71950395103566	0.0	0.0
2.7210047810307127	0.0	0.0
2.7225056110257655	0.0	0.0
2.7240064410208182	0.0	0.0
2.725507271015871	0.0	0.0
2.7270081010109237	0.0	0.0
2.7285089310059765	0.0	0.0
2.7300097610010297	0.0	0.0
2.731510590996082	0.0	0.0
2.7330114209911347	0.0	0.0
2.734512250986188	0.0	0.0
2.7360130809812406	0.0	0.0
2.7375139109762934	0.0	0.0
2.739014740971346	0.0	0.0
2.740515570966399	0.0	0.0
2.7420164009614516	0.0	0.0
2.7435172309565043	0.0	0.0
2.7450180609515575	0.0	0.0
2.7465188909466103	0.0	0.0
2.748019720941663	0.0	0.0
2.7495205509367158	0.0	0.0
2.7510213809317685	0.0	0.0
2.7525222109268213	0.0	0.0
2.754023040921874	0.0	0.0
2.7555238709169267	0.0	0.0
2.7570247009119795	0.0	0.0
2.7585255309070322	0.0	0.0
2.7600263609020854	0.0	0.0
2.761527190897138	0.0	0.0
2.763028020892191	0.0	0.0
2.7645288508872436	0.0	0.0
2.7660296808822964	0.0	0.0
2.767530510877349	0.0	0.0
2.769031340872402	0.0	0.0
2.770532170867455	0.0	0.0
2.7720330008625074	0.0	0.0
2.77353383085756	0.0	0.0
2.7750346608526133	0.0	0.0
2.776535490847666	0.0	0.0
2.778036320842719	0.0	0.0
2.7795371508377715	0.0	0.0
2.7810379808328243	0.0	0.0
2.782538810827877	0.0	0.0
2.7840396408229298	0.0	0.0
2.785540470817983	0.0	0.0
2.7870413008130357	0.0	0.0
2.7885421308080884	0.0	0.0
2.790042960803141	0.0	0.0
2.791543790798194	0.0	0.0
2.7930446207932467	0.0	0.0
2.7945454507882994	0.0	0.0
2.796046280783352	0.0	0.0
2.797547110778405	0.0	0.0
2.7990479407734576	0.0	0.0
2.800548770768511	0.0	0.0
2.8020496007635636	0.0	0.0
2.8035504307586163	0.0	0.0
2.805051260753669	0.0	0.0
2.806552090748722	0.0	0.0
2.8080529207437745	0.0	0.0
2.8095537507388273	0.0	0.0
2.81105458073388	0.0	0.0
2.812555410728933	0.0	0.0
2.8140562407239855	0.0	0.0
2.8155570707190387	0.0	0.0
2.8170579007140915	0.0	0.0
2.818558730709144	0.0	0.0
2.820059560704197	0.0	0.0
2.8215603906992497	0.0	0.0
2.8230612206943024	0.0	0.0
2.824562050689355	0.0	0.0
2.8260628806844084	0.0	0.0
2.827563710679461	0.0	0.0
2.8290645406745134	0.0	0.0
2.8305653706695666	0.0	0.0
2.8320662006646193	0.0	0.0
2.833567030659672	0.0	0.0
2.835067860654725	0.0	0.0
2.8365686906497776	0.0	0.0
2.8380695206448303	0.0	0.0
2.839570350639883	0.0	0.0
2.8410711806349362	0.0	0.0
2.842572010629989	0.0	0.0
2.8440728406250417	0.0	0.0
2.8455736706200945	0.0	0.0
2.847074500615147	0.0	0.0
2.8485753306102	0.0	0.0
2.8500761606052527	0.0	0.0
2.8515769906003055	0.0	0.0
2.853077820595358	0.0	0.0
2.854578650590411	0.0	0.0
2.856079480585464	0.0	0.0
2.857580310580517	0.0	0.0
2.8590811405755696	0.0	0.0
2.8605819705706224	0.0	0.0
2.862082800565675	0.0	0.0
2.863583630560728	0.0	0.0
2.8650844605557806	0.0	0.0
2.8665852905508338	0.0	0.0
2.8680861205458865	0.0	0.0
2.869586950540939	0.0	0.0
2.871087780535992	0.0	0.0
2.8725886105310448	0.0	0.0
2.8740894405260975	0.0	0.0
2.8755902705211502	0.0	0.0
2.877091100516203	0.0	0.0
2.8785919305112557	0.0	0.0
2.8800927605063085	0.0	0.0
2.8815935905013617	0.0	0.0
2.8830944204964144	0.0	0.0
2.8845952504914667	0.0	0.0
2.88609608048652	0.0	0.0
2.8875969104815726	0.0	0.0
2.8890977404766254	0.0	0.0
2.890598570471678	0.0	0.0
2.892099400466731	0.0	0.0
2.893600230461784	0.0	0.0
2.8951010604568364	0.0	0.0
2.8966018904518895	0.0	0.0
2.8981027204469423	0.0	0.0
2.899603550441995	0.0	0.0
2.9011043804370478	0.0	0.0
2.9026052104321005	0.0	0.0
2.9041060404271533	0.0	0.0
2.905606870422206	0.0	0.0
2.9071077004172587	0.0	0.0
2.908608530412312	0.0	0.0
2.9101093604073642	0.0	0.0
2.9116101904024174	0.0	0.0
2.91311102039747	0.0	0.0
2.914611850392523	0.0	0.0
2.9161126803875757	0.0	0.0
2.9176135103826284	0.0	0.0
2.919114340377681	0.0	0.0
2.920615170372734	0.0	0.0
2.922116000367787	0.0	0.0
2.92361683036284	0.0	0.0
2.925117660357892	0.0	0.0
2.9266184903529453	0.0	0.0
2.928119320347998	0.0	0.0
2.929620150343051	0.0	0.0
2.9311209803381035	0.0	0.0
2.9326218103331563	0.0	0.0
2.9341226403282095	0.0	0.0
2.9356234703232618	0.0	0.0
2.937124300318315	0.0	0.0
2.9386251303133677	0.0	0.0
2.94012596030842	0.0	0.0
2.941626790303473	0.0	0.0
2.943127620298526	0.0	0.0
2.9446284502935787	0.0	0.0
2.9461292802886314	0.0	0.0
2.947630110283684	0.0	0.0
2.9491309402787373	0.0	0.0
2.9506317702737896	0.0	0.0
2.952132600268843	0.0	0.0
2.9536334302638956	0.0	0.0
2.9551342602589483	0.0	0.0
2.956635090254001	0.0	0.0
2.958135920249054	0.0	0.0
2.9596367502441066	0.0	0.0
2.9611375802391593	0.0	0.0
2.962638410234212	0.0	0.0
2.9641392402292652	0.0	0.0
2.9656400702243175	0.0	0.0
2.9671409002193707	0.0	0.0
2.9686417302144235	0.0	0.0
2.970142560209476	0.0	0.0
2.971643390204529	0.0	0.0
2.9731442201995817	0.0	0.0
2.974645050194635	0.0	0.0
2.976145880189687	0.0	0.0
2.9776467101847404	0.0	0.0
2.979147540179793	0.0	0.0
2.9806483701748454	0.0	0.0
2.9821492001698986	0.0	0.0
2.9836500301649513	0.0	0.0
2.985150860160004	0.0	0.0
2.986651690155057	0.0	0.0
2.9881525201501096	0.0	0.0
2.9896533501451628	0.0	0.0
2.991154180140215	0.0	0.0
2.9926550101352682	0.0	0.0
2.994155840130321	0.0	0.0
2.9956566701253737	0.0	0.0
2.9971575001204265	0.0	0.0
2.998658330115479	0.0	0.0
3.000159160110532	0.0	0.0
