0.0	0.9999977475126464	0.0
0.0015008299950527925	0.9999909900914067	0.0
0.003001659990105585	0.9999797278587578	0.0
0.004502489985158378	0.9999639610191828	0.0
0.00600331998021117	0.9999436898594402	0.0
0.0075041499752639615	0.9999189147494572	0.0
0.009004979970316756	0.9998896361430684	0.0
0.010505809965369548	0.9998558545784263	0.0
0.01200663996042234	0.9998175706794136	0.0
0.01350746995547513	0.9997747851580109	0.0
0.015008299950527923	0.9997274988155201	0.0
0.016509129945580715	0.9996757125434981	0.0
0.01800995994063351	0.9996194273250207	0.0
0.019510789935686303	0.9995586442387762	0.0
0.021011619930739096	0.9994933644624688	0.0
0.022512449925791888	0.9994235892785595	0.0
0.02401327992084468	0.999349320071888	0.0
0.02551410991589747	0.9992705583189526	0.0
0.02701493991095026	0.9991873055856789	0.0
0.028515769906003054	0.9990995635276868	0.0
0.030016599901055846	0.9990073338899504	0.0
0.03151742989610864	0.9989106185067479	0.0
0.03301825989116143	0.9988094193019059	0.0
0.03451908988621422	0.9987037382886663	0.0
0.03601991988126702	0.9985935775695143	0.0
0.037520749876319814	0.9984789393359907	0.0
0.03902157987137261	0.9983598258691296	0.0
0.0405224098664254	0.9982362395390064	0.0
0.04202323986147819	0.9981081828047801	0.0
0.043524069856530984	0.9979756582146688	0.0
0.045024899851583776	0.997838668405874	0.0
0.04652572984663657	0.9976972161045002	0.0
0.04802655984168936	0.9975513041255754	0.0
0.04952738983674215	0.9974009353729281	0.0
0.05102821983179494	0.9972461128390756	0.0
0.05252904982684774	0.9970868396052395	0.0
0.05402987982190052	0.9969231188412516	0.0
0.05553070981695332	0.9967549538054874	0.0
0.05703153981200611	0.9965823478448107	0.0
0.05853236980705891	0.9964053043945097	0.0
0.06003319980211169	0.9962238269780597	0.0
0.06153402979716449	0.9960379192073057	0.0
0.06303485979221728	0.9958475847823348	0.0
0.06453568978727008	0.9956528274912838	0.0
0.06603651978232286	0.9954536512101999	0.0
0.06753734977737566	0.9952500599032588	0.0
0.06903817977242845	0.9950420576223762	0.0
0.07053900976748124	0.9948296485072526	0.0
0.07203983976253404	0.9946128367853222	0.0
0.07354066975758683	0.9943916267716671	0.0
0.07504149975263963	0.9941660228687486	0.0
0.07654232974769241	0.9939360295665527	0.0
0.07804315974274521	0.9937016514424114	0.0
0.079543989737798	0.9934628931608527	0.0
0.0810448197328508	0.9932197594736071	0.0
0.08254564972790358	0.9929722552193065	0.0
0.08404647972295638	0.9927203853236747	0.0
0.08554730971800917	0.9924641547992488	0.0
0.08704813971306197	0.9922035687451941	0.0
0.08854896970811475	0.991938632347355	0.0
0.09004979970316755	0.9916693508781179	0.0
0.09155062969822034	0.9913957296962559	0.0
0.09305145969327314	0.9911177742468896	0.0
0.09455228968832592	0.9908354900612759	0.0
0.09605311968337872	0.9905488827567632	0.0
0.0975539496784315	0.9902579580366181	0.0
0.0990547796734843	0.9899627216899617	0.0
0.10055560966853709	0.9896631795917128	0.0
0.10205643966358988	0.9893593377023688	0.0
0.10355726965864268	0.9890512020677557	0.0
0.10505809965369547	0.9887387788190652	0.0
0.10655892964874826	0.9884220741728246	0.0
0.10805975964380105	0.9881010944305423	0.0
0.10956058963885383	0.9877758459787718	0.0
0.11106141963390664	0.9874463352888915	0.0
0.11256224962895943	0.9871125689168211	0.0
0.11406307962401221	0.9867745535030987	0.0
0.115563909619065	0.9864322957727037	0.0
0.11706473961411781	0.9860858025348308	0.0
0.1185655696091706	0.9857350806828226	0.0
0.12006639960422338	0.9853801371940875	0.0
0.1215672295992762	0.9850209791297362	0.0
0.12306805959432898	0.984657613634581	0.0
0.12456888958938177	0.9842900479369859	0.0
0.12606971958443455	0.9839182893486907	0.0
0.12757054957948735	0.9835423452646535	0.0
0.12907137957454015	0.9831622231629573	0.0
0.13057220956959295	0.9827779306045279	0.0
0.13207303956464572	0.9823894752331288	0.0
0.13357386955969852	0.9819968647749907	0.0
0.13507469955475132	0.9816001070388172	0.0
0.1365755295498041	0.9811992099155515	0.0
0.1380763595448569	0.9807941813783276	0.0
0.1395771895399097	0.9803850294821004	0.0
0.1410780195349625	0.9799717623636239	0.0
0.14257884953001526	0.9795543882412756	0.0
0.1440796795250681	0.9791329154147987	0.0
0.14558050952012086	0.978707352265116	0.0
0.14708133951517366	0.9782777072542533	0.0
0.14858216951022643	0.9778439889250605	0.0
0.15008299950527926	0.9774062059011258	0.0
0.15158382950033203	0.9769643668864806	0.0
0.15308465949538483	0.9765184806655486	0.0
0.1545854894904376	0.9760685561028607	0.0
0.15608631948549043	0.9756146021428431	0.0
0.1575871494805432	0.9751566278097451	0.0
0.159087979475596	0.9746946422073519	0.0
0.16058880947064877	0.9742286545187405	0.0
0.1620896394657016	0.973758674006178	0.0
0.16359046946075437	0.9732847100109414	0.0
0.16509129945580717	0.9728067719530827	0.0
0.16659212945085994	0.9723248693311406	0.0
0.16809295944591277	0.9718390117220659	0.0
0.16959378944096554	0.9713492087809477	0.0
0.17109461943601834	0.9708554702408271	0.0
0.17259544943107114	0.9703578059124187	0.0
0.17409627942612393	0.969856225683977	0.0
0.1755971094211767	0.9693507395211384	0.0
0.1770979394162295	0.9688413574665347	0.0
0.1785987694112823	0.9683280896397239	0.0
0.1800995994063351	0.9678109462369779	0.0
0.18160042940138788	0.9672899375309467	0.0
0.18310125939644067	0.9667650738704449	0.0
0.18460208939149347	0.9662363656803866	0.0
0.18610291938654627	0.9657038234613285	0.0
0.18760374938159904	0.9651674577893622	0.0
0.18910457937665184	0.964627279315991	0.0
0.19060540937170464	0.9640832987676968	0.0
0.19210623936675744	0.9635355269458815	0.0
0.1936070693618102	0.962983974726491	0.0
0.195107899356863	0.9624286530598639	0.0
0.1966087293519158	0.9618695729705	0.0
0.1981095593469686	0.9613067455567114	0.0
0.19961038934202138	0.9607401819904998	0.0
0.20111121933707418	0.9601698935173226	0.0
0.20261204933212695	0.9595958914556987	0.0
0.20411287932717975	0.9590181871970733	0.0
0.20561370932223258	0.9584367922056288	0.0
0.20711453931728535	0.9578517180178535	0.0
0.20861536931233815	0.957262976242432	0.0
0.21011619930739095	0.956670578559958	0.0
0.21161702930244372	0.9560745367227331	0.0
0.21311785929749652	0.955474862554333	0.0
0.2146186892925493	0.9548715679495758	0.0
0.2161195192876021	0.9542646648740906	0.0
0.21762034928265492	0.9536541653641234	0.0
0.21912117927770766	0.9530400815262761	0.0
0.2206220092727605	0.9524224255372467	0.0
0.2221228392678133	0.9518012096434862	0.0
0.22362366926286606	0.9511764461610214	0.0
0.22512449925791886	0.9505481474751597	0.0
0.22662532925297169	0.9499163260401604	0.0
0.22812615924802443	0.9492809943790547	0.0
0.22962698924307726	0.9486421650833274	0.0
0.23112781923813	0.9479998508126063	0.0
0.23262864923318283	0.9473540642943914	0.0
0.23412947922823563	0.9467048183238262	0.0
0.2356303092232884	0.9460521257633268	0.0
0.2371311392183412	0.9453959995423566	0.0
0.238631969213394	0.944736452657192	0.0
0.24013279920844677	0.944073498170503	0.0
0.2416336292034996	0.9434071492111492	0.0
0.2431344591985524	0.9427374189739183	0.0
0.24463528919360517	0.942064320719207	0.0
0.24613611918865796	0.9413878677726017	0.0
0.24763694918371074	0.940708073524765	0.0
0.24913777917876354	0.9400249514310921	0.0
0.25063860917381636	0.9393385150113346	0.0
0.2521394391688691	0.938648777849431	0.0
0.2536402691639219	0.9379557535929824	0.0
0.2551410991589747	0.9372594559532386	0.0
0.2566419291540275	0.9365598987045789	0.0
0.2581427591490803	0.9358570956842883	0.0
0.25964358914413305	0.9351510607922432	0.0
0.2611444191391859	0.9344418079905318	0.0
0.2626452491342387	0.9337293513033171	0.0
0.26414607912929144	0.9330137048163802	0.0
0.26564690912434424	0.9322948826768286	0.0
0.26714773911939704	0.9315728990928577	0.0
0.26864856911444984	0.930847768333257	0.0
0.27014939910950264	0.9301195047273068	0.0
0.27165022910455544	0.9293881226643673	0.0
0.2731510590996082	0.9286536365935164	0.0
0.27465188909466104	0.9279160610232423	0.0
0.2761527190897138	0.9271754105211941	0.0
0.2776535490847666	0.9264316997137935	0.0
0.2791543790798194	0.9256849432858625	0.0
0.2806552090748722	0.9249351559804652	0.0
0.282156039069925	0.9241823525984216	0.0
0.2836568690649778	0.9234265479980888	0.0
0.2851576990600305	0.9226677570948637	0.0
0.2866585290550834	0.9219059948610427	0.0
0.2881593590501362	0.9211412763253857	0.0
0.2896601890451889	0.9203736165727909	0.0
0.2911610190402417	0.9196030307439402	0.0
0.2926618490352945	0.9188295340350942	0.0
0.2941626790303473	0.9180531416975358	0.0
0.2956635090254001	0.9172738690374127	0.0
0.29716433902045286	0.9164917314152496	0.0
0.2986651690155057	0.9157067442457751	0.0
0.3001659990105585	0.914918922997463	0.0
0.30166682900561126	0.9141282831922108	0.0
0.30316765900066406	0.913334840405047	0.0
0.30466848899571686	0.9125386102637298	0.0
0.30616931899076966	0.9117396084482933	0.0
0.30767014898582246	0.9109378506909629	0.0
0.3091709789808752	0.9101333527755703	0.0
0.31067180897592805	0.909326130537345	0.0
0.31217263897098085	0.908516199862462	0.0
0.3136734689660336	0.907703576687784	0.0
0.3151742989610864	0.9068882770004294	0.0
0.3166751289561392	0.9060703168374221	0.0
0.318175958951192	0.9052497122854029	0.0
0.3196767889462448	0.9044264794802176	0.0
0.32117761894129754	0.9036006346065704	0.0
0.3226784489363504	0.9027721938976997	0.0
0.3241792789314032	0.9019411736349242	0.0
0.32568010892645594	0.901107590147418	0.0
0.32718093892150873	0.9002714598117499	0.0
0.32868176891656153	0.8994327990515574	0.0
0.33018259891161433	0.898591624337149	0.0
0.33168342890666713	0.8977479521851811	0.0
0.3331842589017199	0.8969017991583079	0.0
0.3346850888967727	0.8960531818647722	0.0
0.33618591889182553	0.8952021169580426	0.0
0.3376867488868783	0.8943486211364616	0.0
0.3391875788819311	0.8934927111429105	0.0
0.3406884088769839	0.8926344037643066	0.0
0.34218923887203667	0.8917737158314653	0.0
0.34369006886708947	0.8909106642185034	0.0
0.34519089886214227	0.8900452658425483	0.0
0.346691728857195	0.889177537663415	0.0
0.34819255885224787	0.8883074966832607	0.0
0.3496933888473006	0.8874351599460981	0.0
0.3511942188423534	0.8865605445374348	0.0
0.3526950488374062	0.8856836675839959	0.0
0.354195878832459	0.8848045462532731	0.0
0.3556967088275118	0.88392319775317	0.0
0.3571975388225646	0.883039639331571	0.0
0.35869836881761735	0.8821538882760829	0.0
0.3601991988126702	0.8812659619136032	0.0
0.361700028807723	0.8803758776098792	0.0
0.36320085880277575	0.8794836527692348	0.0
0.36470168879782855	0.8785893048340857	0.0
0.36620251879288135	0.8776928512846287	0.0
0.36770334878793415	0.8767943096384562	0.0
0.36920417878298695	0.8758936974501574	0.0
0.3707050087780397	0.8749910323109447	0.0
0.37220583877309255	0.8740863318482244	0.0
0.37370666876814534	0.8731796137253749	0.0
0.3752074987631981	0.872270895641182	0.0
0.3767083287582509	0.8713601953295084	0.0
0.3782091587533037	0.8704475305589601	0.0
0.3797099887483565	0.8695329191324819	0.0
0.3812108187434093	0.8686163788869247	0.0
0.38271164873846203	0.8676979276927507	0.0
0.3842124787335149	0.8667775834535664	0.0
0.3857133087285677	0.8658553641057799	0.0
0.3872141387236204	0.8649312876182262	0.0
0.38871496871867317	0.8640053719916818	0.0
0.390215798713726	0.8630776352586947	0.0
0.3917166287087788	0.8621480954829079	0.0
0.3932174587038316	0.8612167707589795	0.0
0.3947182886988844	0.8602836792119402	0.0
0.3962191186939372	0.8593488389969269	0.0
0.39771994868898997	0.8584122682988125	0.0
0.39922077868404277	0.8574739853317583	0.0
0.40072160867909556	0.8565340083388523	0.0
0.40222243867414836	0.855592355591768	0.0
0.4037232686692012	0.8546490453902641	0.0
0.4052240986642539	0.8537040960619037	0.0
0.4067249286593067	0.8527575259616524	0.0
0.4082257586543595	0.8518093534714236	0.0
0.40972658864941236	0.850859596999753	0.0
0.41122741864446516	0.8499082749813902	0.0
0.41272824863951796	0.8489554058769161	0.0
0.4142290786345707	0.8480010081722943	0.0
0.4157299086296235	0.8470451003785872	0.0
0.4172307386246763	0.8460877010315642	0.0
0.4187315686197291	0.8451288286911784	0.0
0.4202323986147819	0.8441685019413214	0.0
0.42173322860983464	0.8432067393893209	0.0
0.42323405860488744	0.8422435596656683	0.0
0.42473488859994024	0.8412789814235487	0.0
0.42623571859499304	0.8403130233384402	0.0
0.42773654859004584	0.8393457041078451	0.0
0.4292373785850986	0.8383770424507255	0.0
0.4307382085801514	0.8374070571072638	0.0
0.4322390385752042	0.8364357668384336	0.0
0.43373986857025704	0.8354631904256047	0.0
0.43524069856530984	0.8344893466700173	0.0
0.43674152856036264	0.8335142543926704	0.0
0.4382423585554153	0.83253793243374	0.0
0.4397431885504682	0.831560399652168	0.0
0.441244018545521	0.830581674925466	0.0
0.4427448485405738	0.8296017771491091	0.0
0.4442456785356266	0.8286207252362912	0.0
0.4457465085306793	0.827638538117471	0.0
0.4472473385257321	0.8266552347400357	0.0
0.4487481685207849	0.8256708340678903	0.0
0.4502489985158377	0.8246853550809617	0.0
0.4517498285108905	0.8236988167750293	0.0
0.45325065850594337	0.8227112381611895	0.0
0.45475148850099606	0.8217226382655285	0.0
0.45625231849604886	0.8207330361287054	0.0
0.45775314849110166	0.8197424508055545	0.0
0.4592539784861545	0.8187509013647364	0.0
0.4607548084812073	0.8177584068883088	0.0
0.46225563847626	0.8167649864714126	0.0
0.46375646847131285	0.8157706592218389	0.0
0.46525729846636565	0.8147754442596544	0.0
0.46675812846141845	0.8137793607167909	0.0
0.46825895845647125	0.8127824277367375	0.0
0.46975978845152405	0.8117846644740221	0.0
0.4712606184465768	0.8107860900939966	0.0
0.4727614484416296	0.8097867237723653	0.0
0.4742622784366824	0.808786584694741	0.0
0.4757631084317352	0.8077856920564488	0.0
0.477263938426788	0.8067840650618959	0.0
0.47876476842184074	0.8057817229244224	0.0
0.48026559841689354	0.8047786848657441	0.0
0.48176642841194633	0.8037749701157495	0.0
0.4832672584069992	0.8027705979119262	0.0
0.484768088402052	0.8017655874990808	0.0
0.4862689183971048	0.8007599581289979	0.0
0.4877697483921575	0.7997537290600135	0.0
0.48927057838721033	0.7987469195565803	0.0
0.49077140838226313	0.7977395488890675	0.0
0.49227223837731593	0.7967316363331574	0.0
0.49377306837236873	0.7957232011695813	0.0
0.4952738983674215	0.7947142626838126	0.0
0.49677472836247427	0.7937048401655558	0.0
0.49827555835752707	0.7926949529084932	0.0
0.49977638835257987	0.7916846202097317	0.0
0.5012772183476327	0.7906738613696777	0.0
0.5027780483426855	0.7896626956914877	0.0
0.5042788783377382	0.7886511424806835	0.0
0.5057797083327911	0.78763922104486	0.0
0.5072805383278438	0.7866269506933665	0.0
0.5087813683228967	0.785614350736656	0.0
0.5102821983179494	0.7846014404863185	0.0
0.5117830283130022	0.7835882392544	0.0
0.513283858308055	0.7825747663531293	0.0
0.5147846883031078	0.7815610410945851	0.0
0.5162855182981606	0.7805470827902674	0.0
0.5177863482932135	0.779532910750719	0.0
0.5192871782882661	0.778518544285213	0.0
0.520788008283319	0.7775040027013996	0.0
0.5222888382783718	0.7764893053048445	0.0
0.5237896682734245	0.7754744713987696	0.0
0.5252904982684774	0.774459520283549	0.0
0.5267913282635301	0.773444471256522	0.0
0.5282921582585829	0.7724293436114477	0.0
0.5297929882536357	0.7714141566382264	0.0
0.5312938182486885	0.7703989296225541	0.0
0.5327946482437413	0.7693836818455271	0.0
0.5342954782387941	0.7683684325833237	0.0
0.5357963082338468	0.7673532011067411	0.0
0.5372971382288997	0.7663380066809043	0.0
0.5387979682239524	0.7653228685649122	0.0
0.5402987982190053	0.7643078060114427	0.0
0.5417996282140581	0.763292838266393	0.0
0.5433004582091109	0.7622779845685549	0.0
0.5448012882041636	0.7612632641491719	0.0
0.5463021181992164	0.7602486962317035	0.0
0.5478029481942692	0.7592343000313537	0.0
0.5493037781893221	0.7582200947547831	0.0
0.5508046081843748	0.7572060995996874	0.0
0.5523054381794276	0.7561923337545053	0.0
0.5538062681744804	0.7551788163980391	0.0
0.5553070981695332	0.7541655666990688	0.0
0.556807928164586	0.7531526038160435	0.0
0.5583087581596388	0.7521399468966543	0.0
0.5598095881546916	0.751127615077552	0.0
0.5613104181497444	0.7501156274839897	0.0
0.5628112481447971	0.7491040032293864	0.0
0.56431207813985	0.7480927614151136	0.0
0.5658129081349027	0.7470819211299439	0.0
0.5673137381299556	0.7460715014499525	0.0
0.5688145681250083	0.7450615214379224	0.0
0.570315398120061	0.7440520001431248	0.0
0.5718162281151139	0.74304295660094	0.0
0.5733170581101668	0.7420344098325546	0.0
0.5748178881052195	0.741026378844504	0.0
0.5763187181002724	0.7400188826284086	0.0
0.5778195480953251	0.7390119401606097	0.0
0.5793203780903778	0.7380055704017866	0.0
0.5808212080854307	0.7369997922966464	0.0
0.5823220380804834	0.7359946247735719	0.0
0.5838228680755363	0.7349900867442792	0.0
0.585323698070589	0.7339861971034486	0.0
0.5868245280656418	0.7329829747283597	0.0
0.5883253580606946	0.7319804384786117	0.0
0.5898261880557474	0.7309786071957256	0.0
0.5913270180508002	0.7299774997028228	0.0
0.592827848045853	0.7289771348042972	0.0
0.5943286780409057	0.7279775312853997	0.0
0.5958295080359586	0.7269787079120215	0.0
0.5973303380310114	0.7259806834302007	0.0
0.5988311680260642	0.7249834765659132	0.0
0.600331998021117	0.7239871060246549	0.0
0.6018328280161698	0.722991590491127	0.0
0.6033336580112225	0.7219969486288829	0.0
0.6048344880062754	0.7210031990800138	0.0
0.6063353180013281	0.7200103604647738	0.0
0.607836147996381	0.7190184513812441	0.0
0.6093369779914337	0.7180274904050934	0.0
0.6108378079864865	0.7170374960890625	0.0
0.6123386379815393	0.7160484869627524	0.0
0.6138394679765921	0.7150604815323025	0.0
0.6153402979716449	0.7140734982799402	0.0
0.6168411279666978	0.7130875556637595	0.0
0.6183419579617504	0.7121026721173476	0.0
0.6198427879568033	0.7111188660494476	0.0
0.6213436179518561	0.7101361558435348	0.0
0.6228444479469089	0.7091545598576875	0.0
0.6243452779419617	0.7081740964240562	0.0
0.6258461079370145	0.7071947838486622	0.0
0.6273469379320672	0.7062166404110166	0.0
0.62884776792712	0.7052396843637262	0.0
0.6303485979221728	0.704263933932251	0.0
0.6318494279172256	0.7032894073145844	0.0
0.6333502579122784	0.7023161226808414	0.0
0.6348510879073311	0.7013440981729471	0.0
0.636351917902384	0.7003733519044095	0.0
0.6378527478974367	0.6994039019598479	0.0
0.6393535778924896	0.6984357663947496	0.0
0.6408544078875424	0.6974689632351193	0.0
0.6423552378825951	0.6965035104771788	0.0
0.6438560678776479	0.695539426086975	0.0
0.6453568978727008	0.694576728000112	0.0
0.6468577278677535	0.6936154341214351	0.0
0.6483585578628064	0.6926555623246368	0.0
0.6498593878578591	0.6916971304519685	0.0
0.6513602178529119	0.6907401563139824	0.0
0.6528610478479647	0.6897846576891038	0.0
0.6543618778430175	0.688830652323319	0.0
0.6558627078380703	0.6878781579299336	0.0
0.6573635378331231	0.6869271921892226	0.0
0.6588643678281758	0.6859777727479838	0.0
0.6603651978232287	0.6850299172194111	0.0
0.6618660278182814	0.6840836431826791	0.0
0.6633668578133343	0.6831389681825882	0.0
0.6648676878083871	0.6821959097293261	0.0
0.6663685178034398	0.6812544852980226	0.0
0.6678693477984926	0.6803147123286238	0.0
0.6693701777935454	0.6793766082253521	0.0
0.6708710077885982	0.6784401903565619	0.0
0.6723718377836511	0.677505476054375	0.0
0.6738726677787038	0.6765724826142803	0.0
0.6753734977737565	0.6756412272949514	0.0
0.6768743277688094	0.6747117273178419	0.0
0.6783751577638621	0.673783999866869	0.0
0.679875987758915	0.6728580620881675	0.0
0.6813768177539677	0.67193393108971	0.0
0.6828776477490205	0.6710116239409939	0.0
0.6843784777440733	0.670091157672802	0.0
0.6858793077391261	0.6691725492767567	0.0
0.6873801377341789	0.6682558157051707	0.0
0.6888809677292317	0.6673409738705851	0.0
0.6903817977242845	0.6664280406455283	0.0
0.6918826277193373	0.6655170328623045	0.0
0.69338345771439	0.6646079673124254	0.0
0.6948842877094429	0.6637008607465863	0.0
0.6963851177044957	0.6627957298741706	0.0
0.6978859476995485	0.6618925913630138	0.0
0.6993867776946012	0.6609914618390569	0.0
0.7008876076896541	0.6600923578860985	0.0
0.7023884376847068	0.6591952960454335	0.0
0.7038892676797597	0.6583002928155829	0.0
0.7053900976748124	0.6574073646519573	0.0
0.7068909276698653	0.6565165279665758	0.0
0.708391757664918	0.6556277991277413	0.0
0.7098925876599708	0.6547411944597763	0.0
0.7113934176550236	0.6538567302426733	0.0
0.7128942476500764	0.6529744227118153	0.0
0.7143950776451292	0.652094288057667	0.0
0.715895907640182	0.6512163424255021	0.0
0.7173967376352347	0.6503406019150424	0.0
0.7188975676302876	0.6494670825802312	0.0
0.7203983976253404	0.6485958004288438	0.0
0.7218992276203932	0.6477267714222836	0.0
0.723400057615446	0.6468600114752625	0.0
0.7249008876104988	0.645995536455418	0.0
0.7264017176055515	0.6451333621831663	0.0
0.7279025476006044	0.6442735044312533	0.0
0.7294033775956571	0.6434159789245467	0.0
0.73090420759071	0.6425608013397484	0.0
0.7324050375857627	0.6417079873050305	0.0
0.7339058675808154	0.6408575523998449	0.0
0.7354066975758683	0.640009512154529	0.0
0.736907527570921	0.6391638820500679	0.0
0.7384083575659739	0.638320677517792	0.0
0.7399091875610266	0.637479913939123	0.0
0.7414100175560794	0.6366416066452296	0.0
0.7429108475511322	0.6358057709167207	0.0
0.7444116775461851	0.6349724219834497	0.0
0.7459125075412378	0.6341415750241411	0.0
0.7474133375362907	0.6333132451661563	0.0
0.7489141675313434	0.6324874474851749	0.0
0.7504149975263962	0.6316641970049497	0.0
0.751915827521449	0.6308435086969715	0.0
0.7534166575165018	0.6300253974802273	0.0
0.7549174875115546	0.6292098782208951	0.0
0.7564183175066074	0.6283969657320644	0.0
0.7579191475016601	0.6275866747734425	0.0
0.759419977496713	0.6267790200511323	0.0
0.7609208074917657	0.6259740162173073	0.0
0.7624216374868186	0.625171677869902	0.0
0.7639224674818714	0.6243720195524267	0.0
0.7654232974769241	0.6235750557535685	0.0
0.7669241274719769	0.6227808009070601	0.0
0.7684249574670298	0.621989269391272	0.0
0.7699257874620825	0.621200475529029	0.0
0.7714266174571354	0.6204144335873045	0.0
0.772927447452188	0.6196311577769082	0.0
0.7744282774472409	0.6188506622523082	0.0
0.7759291074422937	0.6180729611112794	0.0
0.7774299374373463	0.6172980683946793	0.0
0.7789307674323993	0.6165259980861799	0.0
0.780431597427452	0.6157567641119404	0.0
0.7819324274225049	0.6149903803404305	0.0
0.7834332574175576	0.614226860582086	0.0
0.7849340874126104	0.6134662185891373	0.0
0.7864349174076632	0.6127084680552579	0.0
0.787935747402716	0.6119536226153115	0.0
0.7894365773977688	0.6112016958451667	0.0
0.7909374073928216	0.610452701261332	0.0
0.7924382373878744	0.6097066523208104	0.0
0.7939390673829272	0.6089635624207637	0.0
0.7954398973779799	0.608223444898257	0.0
0.7969407273730328	0.6074863130300262	0.0
0.7984415573680855	0.6067521800322648	0.0
0.7999423873631384	0.6060210590603019	0.0
0.8014432173581911	0.6052929632083629	0.0
0.8029440473532439	0.604567905509316	0.0
0.8044448773482967	0.6038458989345235	0.0
0.8059457073433495	0.6031269563934301	0.0
0.8074465373384024	0.6024110907334317	0.0
0.8089473673334551	0.6016983147395794	0.0
0.8104481973285078	0.6009886411343703	0.0
0.8119490273235607	0.6002820825774944	0.0
0.8134498573186134	0.5995786516655155	0.0
0.8149506873136664	0.5988783609317747	0.0
0.816451517308719	0.5981812228460308	0.0
0.8179523473037718	0.5974872498143255	0.0
0.8194531772988247	0.5967964541786135	0.0
0.8209540072938774	0.5961088482166553	0.0
0.8224548372889303	0.5954244441417054	0.0
0.8239556672839831	0.5947432541023174	0.0
0.8254564972790359	0.594065290182071	0.0
0.8269573272740887	0.5933905643994146	0.0
0.8284581572691414	0.5927190887073678	0.0
0.8299589872641943	0.5920508749933139	0.0
0.831459817259247	0.5913859350788099	0.0
0.8329606472542999	0.5907242807192996	0.0
0.8344614772493526	0.5900659236039569	0.0
0.8359623072444053	0.5894108753553923	0.0
0.8374631372394582	0.5887591475295141	0.0
0.8389639672345109	0.5881107516152468	0.0
0.8404647972295638	0.5874656990343603	0.0
0.8419656272246165	0.5868240011411777	0.0
0.8434664572196693	0.5861856692224641	0.0
0.8449672872147221	0.5855507144971728	0.0
0.8464681172097749	0.584919148116128	0.0
0.8479689472048277	0.5842909811620414	0.0
0.8494697771998805	0.5836662246491134	0.0
0.8509706071949332	0.5830448895228961	0.0
0.8524714371899861	0.5824269866600806	0.0
0.8539722671850388	0.5818125268683195	0.0
0.8554730971800917	0.5812015208859721	0.0
0.8569739271751444	0.5805939793819507	0.0
0.8584747571701972	0.5799899129554936	0.0
0.85997558716525	0.5793893321360004	0.0
0.8614764171603028	0.5787922473828501	0.0
0.8629772471553557	0.5781986690851197	0.0
0.8644780771504084	0.5776086075614736	0.0
0.8659789071454613	0.5770220730599654	0.0
0.8674797371405141	0.576439075757804	0.0
0.8689805671355667	0.575859625761238	0.0
0.8704813971306197	0.5752837331052871	0.0
0.8719822271256723	0.574711407753652	0.0
0.8734830571207253	0.5741426595984472	0.0
0.874983887115778	0.5735774984600931	0.0
0.8764847171108306	0.5730159340870673	0.0
0.8779855471058836	0.5724579761558075	0.0
0.8794863771009364	0.5719036342705008	0.0
0.8809872070959892	0.5713529179628326	0.0
0.882488037091042	0.5708058366919698	0.0
0.8839888670860947	0.5702623998442906	0.0
0.8854896970811476	0.5697226167332301	0.0
0.8869905270762003	0.5691864965991549	0.0
0.8884913570712532	0.5686540486091191	0.0
0.8899921870663059	0.5681252818568078	0.0
0.8914930170613586	0.5676002053623034	0.0
0.8929938470564115	0.567078828071977	0.0
0.8944946770514642	0.5665611588582328	0.0
0.8959955070465171	0.5660472065195256	0.0
0.8974963370415698	0.5655369797800469	0.0
0.8989971670366227	0.5650304872896664	0.0
0.9004979970316754	0.5645277376237282	0.0
0.9019988270267282	0.5640287392829618	0.0
0.903499657021781	0.5635335006932899	0.0
0.9050004870168338	0.5630420302057579	0.0
0.9065013170118867	0.5625543360962475	0.0
0.9080021470069394	0.562070426565516	0.0
0.9095029770019921	0.5615903097389835	0.0
0.911003806997045	0.5611139936664766	0.0
0.9125046369920977	0.560641486322338	0.0
0.9140054669871507	0.5601727956051246	0.0
0.9155062969822033	0.5597079293375292	0.0
0.9170071269772561	0.5592468952662437	0.0
0.918507956972309	0.5587897010618326	0.0
0.9200087869673617	0.5583363543185818	0.0
0.9215096169624146	0.5578868625545188	0.0
0.9230104469574674	0.5574412332111027	0.0
0.92451127695252	0.5569994736532163	0.0
0.926012106947573	0.5565615911690482	0.0
0.9275129369426257	0.5561275929699658	0.0
0.9290137669376786	0.555697486190354	0.0
0.9305145969327313	0.5552712778876187	0.0
0.932015426927784	0.5548489750419805	0.0
0.9335162569228369	0.554430584556406	0.0
0.9350170869178897	0.5540161132565253	0.0
0.9365179169129425	0.5536055678905009	0.0
0.9380187469079952	0.5531989551289198	0.0
0.9395195769030481	0.5527962815647905	0.0
0.9410204068981008	0.5523975537133412	0.0
0.9425212368931536	0.552002778011912	0.0
0.9440220668882064	0.5516119608199961	0.0
0.9455228968832592	0.5512251084190337	0.0
0.947023726878312	0.5508422270124119	0.0
0.9485245568733648	0.550463322725305	0.0
0.9500253868684175	0.5500884016045999	0.0
0.9515262168634704	0.549717469618875	0.0
0.9530270468585231	0.5493505326583139	0.0
0.954527876853576	0.548987596534589	0.0
0.9560287068486287	0.548628666980785	0.0
0.9575295368436815	0.5482737496513679	0.0
0.9590303668387343	0.5479228501221103	0.0
0.9605311968337871	0.5475759738899942	0.0
0.96203202682884	0.547233126373174	0.0
0.9635328568238927	0.5468943129108906	0.0
0.9650336868189454	0.546559538763439	0.0
0.9665345168139984	0.5462288091120997	0.0
0.968035346809051	0.5459021290590572	0.0
0.969536176804104	0.5455795036273964	0.0
0.9710370067991567	0.5452609377609858	0.0
0.9725378367942096	0.5449464363244847	0.0
0.9740386667892623	0.5446360041033085	0.0
0.975539496784315	0.5443296458034937	0.0
0.9770403267793679	0.5440273660517208	0.0
0.9785411567744207	0.5437291693952682	0.0
0.9800419867694735	0.5434350603019771	0.0
0.9815428167645263	0.543145043160161	0.0
0.983043646759579	0.5428591222786578	0.0
0.9845444767546319	0.5425773018867246	0.0
0.9860453067496846	0.5422995861340286	0.0
0.9875461367447375	0.542025979090634	0.0
0.9890469667397902	0.5417564847469566	0.0
0.990547796734843	0.5414911070137293	0.0
0.9920486267298958	0.5412298497219794	0.0
0.9935494567249485	0.5409727166230668	0.0
0.9950502867200014	0.5407197113886038	0.0
0.9965511167150541	0.5404708376104078	0.0
0.9980519467101069	0.5402260988005756	0.0
0.9995527767051597	0.5399854983913992	0.0
1.0010536067002125	0.539749039735426	0.0
1.0025544366952654	0.5395167261053547	0.0
1.0040552666903182	0.5392885606940839	0.0
1.005556096685371	0.5390645466147268	0.0
1.0070569266804237	0.538844686900566	0.0
1.0085577566754764	0.5386289845050738	0.0
1.0100585866705294	0.5384174423018935	0.0
1.0115594166655821	0.5382100630848918	0.0
1.0130602466606349	0.5380068495680894	0.0
1.0145610766556876	0.5378078043857443	0.0
1.0160619066507404	0.5376129300922775	0.0
1.0175627366457933	0.5374222291623804	0.0
1.019063566640846	0.537235703990918	0.0
1.0205643966358988	0.5370533568930579	0.0
1.0220652266309516	0.5368751901041564	0.0
1.0235660566260043	0.5367012057799466	0.0
1.0250668866210573	0.5365314059963642	0.0
1.02656771661611	0.5363657927497478	0.0
1.0280685466111628	0.5362043679567643	0.0
1.0295693766062155	0.5360471334544281	0.0
1.0310702066012682	0.5358940910001286	0.0
1.0325710365963212	0.5357452422717757	0.0
1.034071866591374	0.5356005888676776	0.0
1.035572696586427	0.5354601323066074	0.0
1.0370735265814794	0.5353238740279376	0.0
1.0385743565765322	0.5351918153915589	0.0
1.0400751865715852	0.5350639576779523	0.0
1.041576016566638	0.5349403020882899	0.0
1.0430768465616909	0.5348208497444327	0.0
1.0445776765567436	0.5347056016889179	0.0
1.0460785065517963	0.5345945588851	0.0
1.047579336546849	0.5344877222171525	0.0
1.0490801665419018	0.5343850924900886	0.0
1.0505809965369548	0.5342866704298901	0.0
1.0520818265320075	0.5341924566835037	0.0
1.0535826565270603	0.5341024518189061	0.0
1.055083486522113	0.5340166563251307	0.0
1.0565843165171658	0.533935070612377	0.0
1.0580851465122187	0.5338576950120477	0.0
1.0595859765072715	0.5337845297768038	0.0
1.0610868065023242	0.5337155750806379	0.0
1.062587636497377	0.5336508310189003	0.0
1.0640884664924297	0.5335902976084509	0.0
1.0655892964874827	0.5335339747876591	0.0
1.0670901264825354	0.5334818624164694	0.0
1.0685909564775882	0.5334339602764964	0.0
1.070091786472641	0.5333902680710734	0.0
1.0715926164676937	0.533350785425388	0.0
1.0730934464627466	0.5333155118864606	0.0
1.0745942764577994	0.5332844469232982	0.0
1.0760951064528521	0.5332575899269218	0.0
1.0775959364479049	0.5332349402105195	0.0
1.0790967664429576	0.5332164970094508	0.0
1.0805975964380106	0.53320225948135	0.0
1.0820984264330633	0.5331922267062097	0.0
1.0835992564281163	0.533186397686517	0.0
1.0851000864231688	0.5331847713472564	0.0
1.0866009164182218	0.5331873465360577	0.0
1.0881017464132745	0.5331941220232481	0.0
1.0896025764083273	0.5332050965019823	0.0
1.0911034064033802	0.53322026858835	0.0
1.0926042363984327	0.5332396368213657	0.0
1.0941050663934857	0.5332631996631876	0.0
1.0956058963885384	0.5332909554991396	0.0
1.0971067263835912	0.5333229026378521	0.0
1.0986075563786442	0.5333590393112914	0.0
1.100108386373697	0.5333993636749426	0.0
1.1016092163687496	0.5334438738079412	0.0
1.1031100463638024	0.5334925677129703	0.0
1.1046108763588551	0.533545443316627	0.0
1.106111706353908	0.5336024984693704	0.0
1.1076125363489608	0.5336637309456781	0.0
1.1091133663440136	0.5337291384441178	0.0
1.1106141963390663	0.533798718587494	0.0
1.112115026334119	0.5338724689229674	0.0
1.113615856329172	0.5339503869221304	0.0
1.1151166863242248	0.5340324699811236	0.0
1.1166175163192775	0.534118715420812	0.0
1.1181183463143303	0.5342091204867891	0.0
1.1196191763093832	0.5343036823496056	0.0
1.121120006304436	0.5344023981047739	0.0
1.1226208362994887	0.5345052647730248	0.0
1.1241216662945415	0.5346122793002712	0.0
1.1256224962895942	0.5347234385579206	0.0
1.1271233262846472	0.5348387393427556	0.0
1.1286241562797	0.5349581783772547	0.0
1.1301249862747527	0.5350817523096701	0.0
1.1316258162698054	0.5352094577140694	0.0
1.1331266462648582	0.5353412910906	0.0
1.1346274762599111	0.5354772488654318	0.0
1.1361283062549639	0.5356173273910992	0.0
1.1376291362500166	0.5357615229464682	0.0
1.1391299662450696	0.5359098317369324	0.0
1.140630796240122	0.5360622498945268	0.0
1.142131626235175	0.5362187734780608	0.0
1.1436324562302278	0.5363793984732741	0.0
1.1451332862252805	0.5365441207929607	0.0
1.1466341162203335	0.5367129362770415	0.0
1.1481349462153863	0.5368858406927999	0.0
1.149635776210439	0.5370628297349339	0.0
1.1511366062054917	0.5372438990258006	0.0
1.1526374362005447	0.5374290441153978	0.0
1.1541382661955975	0.5376182604816357	0.0
1.1556390961906502	0.537811543530387	0.0
1.157139926185703	0.5380088885957411	0.0
1.1586407561807557	0.5382102909400264	0.0
1.1601415861758086	0.5384157457539928	0.0
1.1616424161708614	0.5386252481569717	0.0
1.1631432461659141	0.538838793197013	0.0
1.1646440761609669	0.5390563758510232	0.0
1.1661449061560196	0.539277991024913	0.0
1.1676457361510726	0.539503633553745	0.0
1.1691465661461253	0.5397332982019185	0.0
1.170647396141178	0.5399669796631644	0.0
1.1721482261362308	0.540204672560965	0.0
1.1736490561312836	0.540446371448402	0.0
1.1751498861263365	0.5406920708085201	0.0
1.1766507161213893	0.5409417650544093	0.0
1.178151546116442	0.5411954485292703	0.0
1.1796523761114948	0.5414531155067683	0.0
1.1811532061065475	0.5417147601909831	0.0
1.1826540361016005	0.5419803767166691	0.0
1.1841548660966532	0.542249959149351	0.0
1.185655696091706	0.5425235014855684	0.0
1.187156526086759	0.5428009976529493	0.0
1.1886573560818114	0.5430824415103528	0.0
1.1901581860768644	0.543367826848073	0.0
1.1916590160719172	0.5436571473880093	0.0
1.1931598460669701	0.5439503967837865	0.0
1.1946606760620229	0.544247568620915	0.0
1.1961615060570754	0.5445486564169608	0.0
1.1976623360521284	0.5448536536216858	0.0
1.199163166047181	0.5451625536172561	0.0
1.200663996042234	0.5454753497183098	0.0
1.2021648260372868	0.545792035172246	0.0
1.2036656560323395	0.5461126031592851	0.0
1.2051664860273923	0.5464370467926442	0.0
1.206667316022445	0.5467653591187567	0.0
1.208168146017498	0.5470975331173439	0.0
1.2096689760125507	0.5474335617016841	0.0
1.2111698060076035	0.5477734377186555	0.0
1.2126706360026562	0.5481171539490206	0.0
1.214171465997709	0.5484647031075275	0.0
1.215672295992762	0.5488160778430651	0.0
1.2171731259878147	0.5491712707388521	0.0
1.2186739559828674	0.5495302743126007	0.0
1.2201747859779202	0.5498930810166968	0.0
1.221675615972973	0.5502596832383345	0.0
1.2231764459680259	0.5506300732997201	0.0
1.2246772759630786	0.5510042434582034	0.0
1.2261781059581316	0.5513821859064838	0.0
1.2276789359531841	0.5517638927727538	0.0
1.2291797659482369	0.5521493561208485	0.0
1.2306805959432898	0.5525385679504571	0.0
1.2321814259383426	0.5529315201973121	0.0
1.2336822559333955	0.5533282047333109	0.0
1.235183085928448	0.5537286133666688	0.0
1.2366839159235008	0.5541327378421643	0.0
1.2381847459185538	0.5545405698412598	0.0
1.2396855759136065	0.5549521009822918	0.0
1.2411864059086595	0.5553673228206418	0.0
1.2426872359037122	0.5557862268488788	0.0
1.2441880658987647	0.556208804497	0.0
1.2456888958938177	0.5566350471325623	0.0
1.2471897258888704	0.5570649460608665	0.0
1.2486905558839234	0.5574984925250814	0.0
1.2501913858789762	0.55793567770652	0.0
1.251692215874029	0.5583764927247441	0.0
1.2531930458690816	0.5588209286377805	0.0
1.2546938758641344	0.5592689764422489	0.0
1.2561947058591874	0.5597206270735818	0.0
1.25769553585424	0.5601758714062088	0.0
1.2591963658492928	0.5606347002536652	0.0
1.2606971958443456	0.5610971043688955	0.0
1.2621980258393983	0.5615630744442828	0.0
1.2636988558344513	0.5620326011119697	0.0
1.265199685829504	0.5625056749439189	0.0
1.2667005158245568	0.562982286452176	0.0
1.2682013458196095	0.5634624260890428	0.0
1.2697021758146623	0.5639460842471968	0.0
1.2712030058097152	0.5644332512599504	0.0
1.272703835804768	0.5649239174013646	0.0
1.2742046657998207	0.5654180728865255	0.0
1.2757054957948735	0.565915707871598	0.0
1.2772063257899262	0.5664168124541586	0.0
1.2787071557849792	0.5669213766732359	0.0
1.280207985780032	0.5674293905096313	0.0
1.2817088157750849	0.5679408438859442	0.0
1.2832096457701374	0.5684557266668904	0.0
1.2847104757651902	0.568974028659459	0.0
1.2862113057602431	0.5694957396130848	0.0
1.2877121357552959	0.5700208492198259	0.0
1.2892129657503488	0.5705493471145479	0.0
1.2907137957454016	0.5710812228751713	0.0
1.292214625740454	0.5716164660227967	0.0
1.293715455735507	0.5721550660218708	0.0
1.2952162857305598	0.5726970122804749	0.0
1.2967171157256128	0.5732422941503882	0.0
1.2982179457206655	0.5737909009274507	0.0
1.2997187757157183	0.5743428218515622	0.0
1.301219605710771	0.574898046107017	0.0
1.3027204357058237	0.5754565628226267	0.0
1.3042212657008767	0.5760183610719172	0.0
1.3057220956959295	0.5765834298733288	0.0
1.3072229256909822	0.5771517581904297	0.0
1.308723755686035	0.5777233349321004	0.0
1.3102245856810877	0.578298148952725	0.0
1.3117254156761406	0.5788761890523482	0.0
1.3132262456711934	0.5794574439769492	0.0
1.3147270756662461	0.5800419024185978	0.0
1.3162279056612989	0.5806295530156219	0.0
1.3177287356563516	0.5812203843528665	0.0
1.3192295656514046	0.5818143849618168	0.0
1.3207303956464573	0.5824115433208591	0.0
1.32223122564151	0.5830118478555054	0.0
1.3237320556365628	0.5836152869384765	0.0
1.3252328856316156	0.5842218488900299	0.0
1.3267337156266685	0.5848315219780763	0.0
1.3282345456217213	0.5854442944184193	0.0
1.3297353756167742	0.5860601543749423	0.0
1.3312362056118268	0.5866790899598118	0.0
1.3327370356068795	0.587301089233725	0.0
1.3342378656019325	0.5879261402060181	0.0
1.3357386955969852	0.588554230834977	0.0
1.3372395255920382	0.5891853490280206	0.0
1.3387403555870907	0.5898194826418126	0.0
1.3402411855821437	0.5904566194825556	0.0
1.3417420155771964	0.5910967473061938	0.0
1.3432428455722492	0.5917398538186266	0.0
1.3447436755673021	0.5923859266758789	0.0
1.3462445055623549	0.5930349534843122	0.0
1.3477453355574076	0.5936869218009067	0.0
1.3492461655524604	0.5943418191333826	0.0
1.350746995547513	0.594999632940415	0.0
1.352247825542566	0.5956603506319609	0.0
1.3537486555376188	0.5963239595693295	0.0
1.3552494855326715	0.5969904470654439	0.0
1.3567503155277243	0.5976598003851523	0.0
1.358251145522777	0.5983320067453085	0.0
1.35975197551783	0.5990070533150239	0.0
1.3612528055128827	0.599684927215921	0.0
1.3627536355079355	0.6003656155223113	0.0
1.3642544655029882	0.6010491052614442	0.0
1.365755295498041	0.6017353834137322	0.0
1.367256125493094	0.6024244369129403	0.0
1.3687569554881467	0.6031162526464023	0.0
1.3702577854831994	0.6038108174552659	0.0
1.3717586154782522	0.6045081181347416	0.0
1.3732594454733051	0.6052081414342692	0.0
1.3747602754683579	0.6059108740577198	0.0
1.3762611054634106	0.606616302663737	0.0
1.3777619354584634	0.6073244138658394	0.0
1.3792627654535161	0.6080351942327304	0.0
1.380763595448569	0.6087486302885112	0.0
1.3822644254436218	0.6094647085128166	0.0
1.3837652554386746	0.6101834153411595	0.0
1.3852660854337275	0.6109047371651335	0.0
1.38676691542878	0.6116286603326235	0.0
1.388267745423833	0.6123551711480208	0.0
1.3897685754188858	0.6130842558724996	0.0
1.3912694054139385	0.6138159007242112	0.0
1.3927702354089915	0.6145500918785678	0.0
1.3942710654040442	0.6152868154683999	0.0
1.395771895399097	0.6160260575842621	0.0
1.3972727253941497	0.6167678042745869	0.0
1.3987735553892024	0.6175120415460781	0.0
1.4002743853842554	0.6182587553637853	0.0
1.4017752153793082	0.6190079316514165	0.0
1.403276045374361	0.6197595562916061	0.0
1.4047768753694136	0.620513615126064	0.0
1.4062777053644664	0.6212700939558977	0.0
1.4077785353595194	0.6220289785418283	0.0
1.409279365354572	0.6227902546044507	0.0
1.4107801953496248	0.6235539078244662	0.0
1.4122810253446776	0.6243199238429036	0.0
1.4137818553397306	0.6250882882614204	0.0
1.4152826853347833	0.6258589866424777	0.0
1.416783515329836	0.6266320045096778	0.0
1.4182843453248888	0.6274073273479565	0.0
1.4197851753199415	0.6281849406038199	0.0
1.4212860053149945	0.6289648296856418	0.0
1.4227868353100472	0.6297469799639085	0.0
1.4242876653051	0.630531376771411	0.0
1.4257884953001527	0.6313180054035845	0.0
1.4272893252952055	0.6321068511187606	0.0
1.4287901552902584	0.6328978991383285	0.0
1.4302909852853112	0.6336911346470887	0.0
1.431791815280364	0.6344865427934339	0.0
1.4332926452754169	0.6352841086896781	0.0
1.4347934752704694	0.6360838174123319	0.0
1.4362943052655224	0.6368856540022648	0.0
1.4377951352605751	0.6376896034650489	0.0
1.4392959652556279	0.6384956507711845	0.0
1.4407967952506808	0.6393037808564274	0.0
1.4422976252457334	0.6401139786219192	0.0
1.4437984552407863	0.6409262289346203	0.0
1.445299285235839	0.6417405166274686	0.0
1.446800115230892	0.6425568264996423	0.0
1.4483009452259448	0.643375143316936	0.0
1.4498017752209975	0.6441954518118789	0.0
1.4513026052160503	0.6450177366841332	0.0
1.452803435211103	0.6458419826007058	0.0
1.454304265206156	0.6466681741962295	0.0
1.4558050952012087	0.6474962960732613	0.0
1.4573059251962615	0.648326332802525	0.0
1.4588067551913142	0.6491582689231788	0.0
1.460307585186367	0.6499920889431511	0.0
1.46180841518142	0.6508277773393791	0.0
1.4633092451764727	0.6516653185580824	0.0
1.4648100751715254	0.6525046970150512	0.0
1.4663109051665781	0.6533458970959236	0.0
1.4678117351616309	0.6541889031564827	0.0
1.4693125651566838	0.6550336995229187	0.0
1.4708133951517366	0.6558802704921827	0.0
1.4723142251467893	0.6567286003321013	0.0
1.473815055141842	0.6575786732818911	0.0
1.4753158851368948	0.6584304735522433	0.0
1.4768167151319478	0.6592839853257728	0.0
1.4783175451270005	0.6601391927571731	0.0
1.4798183751220533	0.6609960799735923	0.0
1.481319205117106	0.6618546310749192	0.0
1.4828200351121588	0.6627148301340551	0.0
1.4843208651072117	0.6635766611971619	0.0
1.4858216951022645	0.6644401082840187	0.0
1.4873225250973174	0.6653051553882952	0.0
1.4888233550923702	0.6661717864779061	0.0
1.4903241850874227	0.6670399854951892	0.0
1.4918250150824757	0.667909736357277	0.0
1.4933258450775284	0.6687810229564257	0.0
1.4948266750725814	0.6696538291602172	0.0
1.4963275050676341	0.6705281388119729	0.0
1.4978283350626869	0.6714039357309873	0.0
1.4993291650577396	0.6722812037128032	0.0
1.5008299950527924	0.6731599265295948	0.0
1.5023308250478453	0.6740400879303905	0.0
1.503831655042898	0.6749216716414728	0.0
1.5053324850379508	0.6758046613666131	0.0
1.5068333150330036	0.6766890407873384	0.0
1.5083341450280563	0.6775747935633789	0.0
1.5098349750231093	0.6784619033328405	0.0
1.511335805018162	0.6793503537126007	0.0
1.5128366350132147	0.6802401282985808	0.0
1.5143374650082675	0.6811312106660325	0.0
1.5158382950033202	0.682023584369936	0.0
1.5173391249983732	0.6829172329451674	0.0
1.518839954993426	0.6838121399069853	0.0
1.5203407849884787	0.6847082887512017	0.0
1.5218416149835314	0.6856056629546041	0.0
1.5233424449785842	0.6865042459751736	0.0
1.5248432749736371	0.6874040212525165	0.0
1.5263441049686899	0.6883049722080399	0.0
1.5278449349637429	0.6892070822454444	0.0
1.5293457649587954	0.6901103347508404	0.0
1.5308465949538481	0.6910147130932276	0.0
1.532347424948901	0.6919202006247647	0.0
1.5338482549439538	0.6928267806810829	0.0
1.5353490849390068	0.6937344365815987	0.0
1.5368499149340595	0.6946431516298888	0.0
1.538350744929112	0.6955529091138899	0.0
1.539851574924165	0.6964636923063796	0.0
1.5413524049192178	0.6973754844652158	0.0
1.5428532349142707	0.6982882688336778	0.0
1.5443540649093235	0.699202028640797	0.0
1.545854894904376	0.7001167471016303	0.0
1.547355724899429	0.7010324074177046	0.0
1.5488565548944817	0.7019489927772264	0.0
1.5503573848895347	0.7028664863554427	0.0
1.5518582148845874	0.703784871315029	0.0
1.5533590448796402	0.704704130806372	0.0
1.5548598748746927	0.7056242479678568	0.0
1.5563607048697456	0.706545205926322	0.0
1.5578615348647986	0.7074669877972353	0.0
1.5593623648598514	0.7083895766851268	0.0
1.560863194854904	0.7093129556839577	0.0
1.5623640248499568	0.710237107877296	0.0
1.5638648548450098	0.7111620163388324	0.0
1.5653656848400623	0.7120876641325851	0.0
1.5668665148351153	0.7130140343132976	0.0
1.568367344830168	0.7139411099267725	0.0
1.5698681748252208	0.7148688740101325	0.0
1.5713690048202735	0.7157973095922707	0.0
1.5728698348153265	0.7167263996941016	0.0
1.5743706648103795	0.717656127328933	0.0
1.575871494805432	0.7185864755028257	0.0
1.5773723248004847	0.7195174272148604	0.0
1.5788731547955377	0.720448965457523	0.0
1.5803739847905902	0.7213810732170465	0.0
1.5818748147856432	0.7223137334737305	0.0
1.5833756447806961	0.7232469292023052	0.0
1.584876474775749	0.7241806433723177	0.0
1.5863773047708014	0.7251148589482517	0.0
1.5878781347658544	0.7260495588901537	0.0
1.5893789647609073	0.7269847261537883	0.0
1.5908797947559599	0.727920343691072	0.0
1.5923806247510128	0.7288563944503257	0.0
1.5938814547460656	0.7297928613767024	0.0
1.595382284741118	0.7307297274124858	0.0
1.596883114736171	0.7316669754974381	0.0
1.598383944731224	0.7326045885691402	0.0
1.5998847747262768	0.7335425495633716	0.0
1.6013856047213293	0.7344808414143229	0.0
1.6028864347163823	0.7354194470550797	0.0
1.6043872647114352	0.736358349417956	0.0
1.6058880947064877	0.7372975314347556	0.0
1.6073889247015407	0.7382369760371512	0.0
1.6088897546965935	0.7391766661569885	0.0
1.6103905846916464	0.7401165847267834	0.0
1.611891414686699	0.741056714679839	0.0
1.613392244681752	0.7419970389507677	0.0
1.6148930746768049	0.7429375404757457	0.0
1.6163939046718574	0.7438782021928407	0.0
1.6178947346669101	0.7448190070424617	0.0
1.619395564661963	0.7457599379675633	0.0
1.6208963946570156	0.7467009779140896	0.0
1.6223972246520686	0.7476421098312384	0.0
1.6238980546471213	0.7485833166719287	0.0
1.6253988846421743	0.7495245813930094	0.0
1.6268997146372268	0.7504658869556773	0.0
1.6284005446322798	0.7514072163257479	0.0
1.6299013746273328	0.7523485524740936	0.0
1.6314022046223853	0.7532898783769044	0.0
1.632903034617438	0.7542311770160686	0.0
1.634403864612491	0.755172431379529	0.0
1.6359046946075435	0.7561136244615687	0.0
1.6374055246025965	0.757054739263211	0.0
1.6389063545976494	0.757995758792559	0.0
1.6404071845927022	0.7589366660650656	0.0
1.6419080145877547	0.7598774441040005	0.0
1.6434088445828077	0.7608180759406289	0.0
1.6449096745778606	0.7617585446146509	0.0
1.6464105045729132	0.7626988331745821	0.0
1.6479113345679661	0.7636389246779457	0.0
1.6494121645630189	0.7645788021917883	0.0
1.6509129945580718	0.7655184487929061	0.0
1.6524138245531244	0.7664578475681779	0.0
1.6539146545481773	0.7673969816149885	0.0
1.65541548454323	0.7683358340414701	0.0
1.6569163145382828	0.7692743879669051	0.0
1.6584171445333356	0.7702126265220419	0.0
1.6599179745283885	0.7711505328494168	0.0
1.661418804523441	0.7720880901037621	0.0
1.662919634518494	0.7730252814521752	0.0
1.6644204645135467	0.7739620900746461	0.0
1.6659212945085997	0.7748984991642989	0.0
1.6674221245036522	0.7758344919277358	0.0
1.6689229544987052	0.7767700515853867	0.0
1.6704237844937582	0.7777051613717625	0.0
1.6719246144888107	0.7786398045359331	0.0
1.6734254444838634	0.7795739643417186	0.0
1.6749262744789164	0.7805076240681448	0.0
1.676427104473969	0.7814407670096626	0.0
1.6779279344690219	0.7823733764765208	0.0
1.6794287644640746	0.783305435795185	0.0
1.6809295944591276	0.7842369283084731	0.0
1.6824304244541801	0.7851678373760382	0.0
1.683931254449233	0.7860981463747154	0.0
1.685432084444286	0.7870278386987277	0.0
1.6869329144393386	0.7879568977600749	0.0
1.6884337444343913	0.7888853069889135	0.0
1.6899345744294443	0.7898130498337432	0.0
1.6914354044244972	0.7907401097619042	0.0
1.6929362344195498	0.7916664702597723	0.0
1.6944370644146027	0.79259211483313	0.0
1.6959378944096555	0.7935170270075018	0.0
1.697438724404708	0.7944411903284014	0.0
1.698939554399761	0.7953645883617697	0.0
1.700440384394814	0.7962872046942703	0.0
1.7019412143898665	0.7972090229335038	0.0
1.7034420443849194	0.7981300267083764	0.0
1.7049428743799722	0.7990501996695158	0.0
1.7064437043750251	0.7999695254894855	0.0
1.7079445343700776	0.8008879878630857	0.0
1.7094453643651306	0.8018055705078201	0.0
1.7109461943601834	0.8027222571639903	0.0
1.712447024355236	0.8036380315952075	0.0
1.7139478543502888	0.8045528775885524	0.0
1.7154486843453418	0.8054667789550346	0.0
1.7169495143403943	0.8063797195297535	0.0
1.7184503443354473	0.8072916831723567	0.0
1.7199511743305	0.8082026537671987	0.0
1.721452004325553	0.8091126152237633	0.0
1.7229528343206055	0.810021551476978	0.0
1.7244536643156585	0.8109294464874062	0.0
1.7259544943107115	0.8118362842416588	0.0
1.727455324305764	0.8127420487526713	0.0
1.7289561543008167	0.8136467240600196	0.0
1.7304569842958697	0.8145502942301657	0.0
1.7319578142909227	0.8154527433568293	0.0
1.7334586442859752	0.8163540555612615	0.0
1.7349594742810281	0.8172542149925428	0.0
1.736460304276081	0.8181532058278846	0.0
1.7379611342711334	0.8190510122729462	0.0
1.7394619642661864	0.8199476185620828	0.0
1.7409627942612393	0.8208430089587029	0.0
1.7424636242562919	0.8217371677555352	0.0
1.7439644542513446	0.8226300792748547	0.0
1.7454652842463976	0.8235217278689377	0.0
1.7469661142414505	0.8244120979202605	0.0
1.748466944236503	0.8253011738417195	0.0
1.749967774231556	0.8261889400770244	0.0
1.7514686042266088	0.8270753811009582	0.0
1.7529694342216613	0.8279604814196793	0.0
1.7544702642167143	0.8288442255709869	0.0
1.7559710942117672	0.8297265981246293	0.0
1.75747192420682	0.8306075836825171	0.0
1.7589727542018727	0.8314871668790811	0.0
1.7604735841969255	0.8323653323816264	0.0
1.7619744141919784	0.8332420648903984	0.0
1.763475244187031	0.8341173491390335	0.0
1.764976074182084	0.8349911698948289	0.0
1.7664769041771367	0.8358635119589338	0.0
1.7679777341721894	0.8367343601667343	0.0
1.7694785641672421	0.8376036993880362	0.0
1.770979394162295	0.8384715145273733	0.0
1.772480224157348	0.8393377905243316	0.0
1.7739810541524006	0.8402025123537031	0.0
1.7754818841474533	0.8410656650258999	0.0
1.7769827141425063	0.8419272335871403	0.0
1.7784835441375588	0.8427872031196968	0.0
1.7799843741326118	0.8436455587422028	0.0
1.7814852041276648	0.8445022856099644	0.0
1.7829860341227173	0.8453573689151156	0.0
1.78448686411777	0.8462107938870383	0.0
1.785987694112823	0.8470625457924184	0.0
1.787488524107876	0.8479126099356674	0.0
1.7889893541029285	0.8487609716591811	0.0
1.7904901840979814	0.8496076163435026	0.0
1.7919910140930342	0.8504525294076734	0.0
1.7934918440880867	0.851295696309406	0.0
1.7949926740831397	0.852137102545405	0.0
1.7964935040781926	0.8529767336516494	0.0
1.7979943340732454	0.8538145752034991	0.0
1.7994951640682981	0.8546506128161417	0.0
1.8009959940633509	0.8554848321446983	0.0
1.8024968240584038	0.8563172188845848	0.0
1.8039976540534564	0.8571477587716132	0.0
1.8054984840485093	0.8579764375824337	0.0
1.806999314043562	0.858803241134533	0.0
1.8085001440386146	0.8596281552867571	0.0
1.8100009740336676	0.8604511659393772	0.0
1.8115018040287205	0.8612722590343387	0.0
1.8130026340237735	0.8620914205555645	0.0
1.814503464018826	0.8629086365291494	0.0
1.8160042940138788	0.8637238930236761	0.0
1.8175051240089317	0.8645371761503835	0.0
1.8190059540039842	0.8653484720632876	0.0
1.8205067839990372	0.8661577669597345	0.0
1.82200761399409	0.8669650470803525	0.0
1.8235084439891427	0.8677702987093693	0.0
1.8250092739841954	0.8685735081748933	0.0
1.8265101039792484	0.8693746618490847	0.0
1.8280109339743014	0.8701737461484025	0.0
1.8295117639693539	0.8709707475338084	0.0
1.8310125939644066	0.8717656525110253	0.0
1.8325134239594596	0.8725584476308319	0.0
1.8340142539545121	0.8733491194890972	0.0
1.835515083949565	0.8741376547271705	0.0
1.837015913944618	0.8749240400321326	0.0
1.8385167439396708	0.8757082621367849	0.0
1.8400175739347233	0.8764903078201249	0.0
1.8415184039297763	0.8772701639073821	0.0
1.8430192339248292	0.8780478172703684	0.0
1.8445200639198818	0.8788232548276498	0.0
1.8460208939149347	0.879596463544645	0.0
1.8475217239099875	0.8803674304340545	0.0
1.84902255390504	0.8811361425559183	0.0
1.850523383900093	0.881902587017827	0.0
1.852024213895146	0.8826667509752291	0.0
1.8535250438901987	0.8834286216315849	0.0
1.8550258738852514	0.8841881862384604	0.0
1.8565267038803042	0.8849454320960028	0.0
1.8580275338753571	0.8857003465528803	0.0
1.8595283638704097	0.8864529170066152	0.0
1.8610291938654626	0.88720313090373	0.0
1.8625300238605154	0.8879509757400211	0.0
1.864030853855568	0.8886964390607195	0.0
1.8655316838506208	0.8894395084606552	0.0
1.8670325138456738	0.8901801715844899	0.0
1.8685333438407268	0.8909184161269175	0.0
1.8700341738357793	0.8916542298328767	0.0
1.871535003830832	0.8923876004976767	0.0
1.873035833825885	0.8931185159672392	0.0
1.8745366638209375	0.8938469641382866	0.0
1.8760374938159905	0.8945729329585492	0.0
1.8775383238110435	0.8952964104268842	0.0
1.8790391538060962	0.8960173845935067	0.0
1.8805399838011487	0.8967358435602116	0.0
1.8820408137962017	0.8974517754805607	0.0
1.8835416437912547	0.8981651685599163	0.0
1.8850424737863072	0.8988760110558215	0.0
1.88654330378136	0.8995842912781109	0.0
1.888044133776413	0.900289997589023	0.0
1.8895449637714654	0.9009931184034995	0.0
1.8910457937665184	0.9016936421892294	0.0
1.8925466237615713	0.9023915574669568	0.0
1.894047453756624	0.9030868528105328	0.0
1.8955482837516766	0.9037795168472349	0.0
1.8970491137467296	0.9044695382577851	0.0
1.8985499437417825	0.9051569057766096	0.0
1.900050773736835	0.9058416081919667	0.0
1.901551603731888	0.9065236343462086	0.0
1.9030524337269408	0.9072029731358884	0.0
1.9045532637219937	0.9078796135118055	0.0
1.9060540937170463	0.9085535444794497	0.0
1.9075549237120992	0.9092247550988631	0.0
1.909055753707152	0.9098932344850004	0.0
1.9105565837022047	0.910558971807893	0.0
1.9120574136972575	0.911221956292638	0.0
1.9135582436923104	0.9118821772198	0.0
1.915059073687363	0.9125396239253555	0.0
1.916559903682416	0.913194285800969	0.0
1.9180607336774687	0.9138461522941093	0.0
1.9195615636725216	0.9144952129082203	0.0
1.9210623936675741	0.9151414572028673	0.0
1.922563223662627	0.9157848747939605	0.0
1.92406405365768	0.9164254553537345	0.0
1.9255648836527326	0.9170631886109559	0.0
1.9270657136477853	0.9176980643513164	0.0
1.9285665436428383	0.9183300724172552	0.0
1.9300673736378908	0.9189592027082951	0.0
1.9315682036329438	0.9195854451810554	0.0
1.9330690336279968	0.920208789849543	0.0
1.9345698636230495	0.9208292267851588	0.0
1.936070693618102	0.9214467461170031	0.0
1.937571523613155	0.9220613380318383	0.0
1.939072353608208	0.9226729927743411	0.0
1.9405731836032605	0.9232817006472006	0.0
1.9420740135983134	0.9238874520112992	0.0
1.9435748435933662	0.9244902372857576	0.0
1.9450756735884192	0.9250900469482526	0.0
1.9465765035834717	0.9256868715348938	0.0
1.9480773335785246	0.9262807016406067	0.0
1.9495781635735774	0.9268715279190489	0.0
1.95107899356863	0.9274593410829846	0.0
1.9525798235636829	0.9280441319041349	0.0
1.9540806535587358	0.928625891213525	0.0
1.9555814835537884	0.9292046099015419	0.0
1.9570823135488413	0.9297802789180095	0.0
1.958583143543894	0.9303528892724209	0.0
1.960083973538947	0.9309224320339522	0.0
1.9615848035339996	0.9314888983316668	0.0
1.9630856335290525	0.9320522793545539	0.0
1.9645864635241053	0.9326125663518208	0.0
1.966087293519158	0.9331697506327952	0.0
1.9675881235142108	0.9337238235671421	0.0
1.9690889535092637	0.9342747765850812	0.0
1.9705897835043162	0.9348226011773189	0.0
1.9720906134993692	0.935367288895277	0.0
1.973591443494422	0.9359088313511832	0.0
1.975092273489475	0.9364472202182099	0.0
1.9765931034845274	0.9369824472305457	0.0
1.9780939334795804	0.9375145041835022	0.0
1.9795947634746334	0.9380433829336904	0.0
1.981095593469686	0.938569075399027	0.0
1.9825964234647386	0.9390915735589584	0.0
1.9840972534597916	0.9396108694544536	0.0
1.9855980834548446	0.940126955188259	0.0
1.987098913449897	0.9406398229248312	0.0
1.98859974344495	0.9411494648905223	0.0
1.9901005734400028	0.9416558733737168	0.0
1.9916014034350553	0.9421590407249167	0.0
1.9931022334301083	0.942658959356707	0.0
1.9946030634251612	0.9431556217441002	0.0
1.9961038934202138	0.9436490204244019	0.0
1.9976047234152667	0.944139147997526	0.0
1.9991055534103195	0.9446259971259364	0.0
2.0006063834053722	0.945109560534752	0.0
2.002107213400425	0.945589831011822	0.0
2.0036080433954777	0.9460668014079321	0.0
2.005108873390531	0.9465404646368731	0.0
2.006609703385583	0.9470108136754372	0.0
2.0081105333806364	0.9474778415635174	0.0
2.009611363375689	0.9479415414043211	0.0
2.011112193370742	0.9484019063643464	0.0
2.0126130233657946	0.9488589296734224	0.0
2.0141138533608474	0.9493126046250067	0.0
2.0156146833559005	0.9497629245760234	0.0
2.017115513350953	0.9502098829471031	0.0
2.0186163433460056	0.9506534732226299	0.0
2.020117173341059	0.9510936889507492	0.0
2.021618003336111	0.9515305237435494	0.0
2.0231188333311643	0.9519639712771195	0.0
2.024619663326217	0.9523940252915296	0.0
2.0261204933212698	0.9528206795910994	0.0
2.0276213233163225	0.9532439280442621	0.0
2.0291221533113752	0.9536637645837702	0.0
2.0306229833064284	0.9540801832066932	0.0
2.0321238133014807	0.9544931779745821	0.0
2.0336246432965335	0.9549027430135033	0.0
2.0351254732915867	0.955308872514036	0.0
2.036626303286639	0.9557115607313893	0.0
2.038127133281692	0.9561108019855791	0.0
2.039627963276745	0.9565065906612636	0.0
2.0411287932717976	0.9568989212079859	0.0
2.0426296232668504	0.9572877881402841	0.0
2.044130453261903	0.9576731860375307	0.0
2.0456312832569563	0.9580551095442027	0.0
2.0471321132520086	0.9584335533698622	0.0
2.048632943247062	0.958808512289232	0.0
2.0501337732421145	0.9591799811421797	0.0
2.0516346032371673	0.9595479548339223	0.0
2.05313543323222	0.9599124283349586	0.0
2.0546362632272728	0.9602733966811905	0.0
2.0561370932223255	0.9606308549739275	0.0
2.0576379232173783	0.9609847983799567	0.0
2.059138753212431	0.9613352221317177	0.0
2.060639583207484	0.9616821215270746	0.0
2.0621404132025365	0.9620254919296418	0.0
2.0636412431975897	0.9623653287687002	0.0
2.0651420731926424	0.962701627539304	0.0
2.066642903187695	0.9630343838022348	0.0
2.068143733182748	0.9633635931842215	0.0
2.0696445631778007	0.9636892513777163	0.0
2.071145393172854	0.9640113541412108	0.0
2.072646223167906	0.964329897299102	0.0
2.074147053162959	0.964644876741805	0.0
2.075647883158012	0.9649562884258216	0.0
2.0771487131530644	0.9652641283736805	0.0
2.0786495431481176	0.9655683926741149	0.0
2.0801503731431703	0.9658690774819643	0.0
2.081651203138223	0.9661661790182945	0.0
2.083152033133276	0.9664596935703682	0.0
2.0846528631283285	0.9667496174916894	0.0
2.0861536931233817	0.9670359472021697	0.0
2.087654523118434	0.9673186791879511	0.0
2.089155353113487	0.9675978100016017	0.0
2.09065618310854	0.9678733362620332	0.0
2.0921570131035927	0.9681452546546282	0.0
2.0936578430986454	0.9684135619312072	0.0
2.095158673093698	0.9686782549100482	0.0
2.096659503088751	0.9689393304758813	0.0
2.0981603330838037	0.9691967855800411	0.0
2.0996611630788564	0.9694506172403736	0.0
2.1011619930739096	0.9697008225413019	0.0
2.102662823068962	0.9699473986338306	0.0
2.104163653064015	0.9701903427355713	0.0
2.105664483059068	0.9704296521307363	0.0
2.1071653130541206	0.9706653241701975	0.0
2.1086661430491733	0.9708973562715214	0.0
2.110166973044226	0.9711257459189145	0.0
2.111667803039279	0.9713504906632845	0.0
2.1131686330343316	0.9715715881222318	0.0
2.1146694630293843	0.9717890359800576	0.0
2.1161702930244375	0.9720028319878173	0.0
2.11767112301949	0.9722129739632881	0.0
2.119171953014543	0.9724194597910291	0.0
2.1206727830095957	0.9726222874222499	0.0
2.1221736130046485	0.972821454874951	0.0
2.123674442999701	0.9730169602339835	0.0
2.125175272994754	0.9732088016508412	0.0
2.126676102989807	0.9733969773438201	0.0
2.1281769329848594	0.9735814855980575	0.0
2.129677762979912	0.9737623247653361	0.0
2.1311785929749654	0.9739394932643043	0.0
2.132679422970018	0.9741129895803995	0.0
2.134180252965071	0.9742828122656824	0.0
2.1356810829601236	0.9744489599391561	0.0
2.1371819129551763	0.9746114312864274	0.0
2.138682742950229	0.9747702250599137	0.0
2.140183572945282	0.9749253400787863	0.0
2.141684402940335	0.9750767752289692	0.0
2.1431852329353873	0.9752245294630569	0.0
2.1446860629304405	0.975368601800412	0.0
2.1461868929254933	0.9755089913270485	0.0
2.147687722920546	0.9756456971957056	0.0
2.1491885529155987	0.9757787186257888	0.0
2.1506893829106515	0.9759080549033592	0.0
2.1521902129057042	0.9760337053811452	0.0
2.153691042900757	0.9761556694784983	0.0
2.1551918728958097	0.9762739466813504	0.0
2.156692702890863	0.9763885365422976	0.0
2.158193532885915	0.9764994386804167	0.0
2.1596943628809684	0.9766066527813831	0.0
2.161195192876021	0.9767101785974094	0.0
2.162696022871074	0.976810015947152	0.0
2.1641968528661266	0.9769061647158422	0.0
2.1656976828611794	0.9769986248550773	0.0
2.1671985128562326	0.9770873963829079	0.0
2.168699342851285	0.9771724793838172	0.0
2.1702001728463376	0.9772538740086448	0.0
2.171701002841391	0.9773315804745246	0.0
2.1732018328364435	0.9774055990649424	0.0
2.1747026628314963	0.9774759301296403	0.0
2.176203492826549	0.9775425740846179	0.0
2.1777043228216018	0.9776055314120643	0.0
2.1792051528166545	0.9776648026603418	0.0
2.1807059828117072	0.9777203884438754	0.0
2.1822068128067604	0.9777722894433775	0.0
2.1837076428018127	0.9778205064054543	0.0
2.1852084727968655	0.9778650401428097	0.0
2.1867093027919187	0.9779058915340522	0.0
2.1882101327869714	0.9779430615237938	0.0
2.189710962782024	0.9779765511224866	0.0
2.191211792777077	0.9780063614064838	0.0
2.1927126227721296	0.9780324935178911	0.0
2.1942134527671824	0.9780549486645935	0.0
2.195714282762235	0.9780737281201599	0.0
2.1972151127572883	0.9780888332238938	0.0
2.198715942752341	0.9781002653806224	0.0
2.200216772747394	0.9781080260607483	0.0
2.2017176027424465	0.9781121168002745	0.0
2.2032184327374993	0.9781125392005084	0.0
2.204719262732552	0.9781092949282186	0.0
2.2062200927276048	0.9781023857155933	0.0
2.2077209227226575	0.9780918133600015	0.0
2.2092217527177103	0.9780775797241346	0.0
2.210722582712763	0.9780596867358213	0.0
2.212223412707816	0.9780381363879846	0.0
2.213724242702869	0.9780129307386528	0.0
2.2152250726979217	0.9779840719108261	0.0
2.2167259026929744	0.9779515620924109	0.0
2.218226732688027	0.9779154035362141	0.0
2.21972756268308	0.9778755985599088	0.0
2.2212283926781327	0.9778321495457902	0.0
2.222729222673186	0.9777850589408716	0.0
2.224230052668238	0.9777343292568055	0.0
2.225730882663291	0.9776799630697683	0.0
2.227231712658344	0.9776219630203994	0.0
2.228732542653397	0.9775603318137545	0.0
2.2302333726484496	0.9774950722191869	0.0
2.2317342026435023	0.97742618707034	0.0
2.233235032638555	0.9773536792650316	0.0
2.234735862633608	0.977277551765158	0.0
2.2362366926286605	0.9771978075966714	0.0
2.2377375226237137	0.9771144498495119	0.0
2.2392383526187665	0.9770274816774116	0.0
2.2407391826138188	0.9769369062980637	0.0
2.242240012608872	0.9768427269927524	0.0
2.2437408426039247	0.9767449471064262	0.0
2.2452416725989774	0.9766435700475901	0.0
2.24674250259403	0.976538599288287	0.0
2.248243332589083	0.9764300383638882	0.0
2.2497441625841357	0.9763178908731314	0.0
2.2512449925791884	0.976202160477928	0.0
2.2527458225742416	0.9760828509033799	0.0
2.2542466525692944	0.9759599659375854	0.0
2.255747482564347	0.9758335094317071	0.0
2.2572483125594	0.9757034852996721	0.0
2.2587491425544526	0.9755698975183007	0.0
2.2602499725495053	0.9754327501270378	0.0
2.261750802544558	0.9752920472279293	0.0
2.263251632539611	0.9751477929855192	0.0
2.2647524625346636	0.9749999916268619	0.0
2.2662532925297163	0.9748486474412975	0.0
2.2677541225247695	0.9746937647803827	0.0
2.2692549525198222	0.9745353480577991	0.0
2.270755782514875	0.9743734017492776	0.0
2.2722566125099277	0.9742079303924422	0.0
2.2737574425049805	0.974038938586862	0.0
2.275258272500033	0.9738664309937226	0.0
2.276759102495086	0.9736904123359307	0.0
2.278259932490139	0.9735108873979333	0.0
2.279760762485192	0.9733278610255502	0.0
2.281261592480244	0.9731413381259619	0.0
2.2827624224752974	0.9729513236675789	0.0
2.28426325247035	0.9727578226798803	0.0
2.285764082465403	0.972560840253471	0.0
2.2872649124604556	0.972360381539767	0.0
2.2887657424555083	0.9721564517510194	0.0
2.290266572450561	0.9719490561601668	0.0
2.291767402445614	0.9717382001007321	0.0
2.293268232440667	0.9715238889666816	0.0
2.2947690624357198	0.971306128212348	0.0
2.2962698924307725	0.9710849233522756	0.0
2.2977707224258253	0.9708602799613237	0.0
2.299271552420878	0.9706322036741026	0.0
2.3007723824159307	0.9704007001852747	0.0
2.3022732124109835	0.9701657752493006	0.0
2.3037740424060362	0.9699274346802618	0.0
2.3052748724010894	0.9696856843518065	0.0
2.3067757023961417	0.9694405301970282	0.0
2.308276532391195	0.9691919782082863	0.0
2.3097773623862476	0.9689400344371643	0.0
2.3112781923813004	0.9686847049943662	0.0
2.312779022376353	0.9684259960495305	0.0
2.314279852371406	0.9681639138310567	0.0
2.3157806823664586	0.9678984646261573	0.0
2.3172815123615114	0.9676296547805302	0.0
2.318782342356564	0.9673574906983793	0.0
2.3202831723516173	0.9670819788422791	0.0
2.3217840023466696	0.9668031257328933	0.0
2.323284832341723	0.9665209379490507	0.0
2.3247856623367755	0.9662354221275533	0.0
2.3262864923318283	0.965946584962948	0.0
2.327787322326881	0.9656544332075108	0.0
2.3292881523219338	0.9653589736710517	0.0
2.3307889823169865	0.9650602132208155	0.0
2.3322898123120392	0.9647581587813571	0.0
2.3337906423070924	0.9644528173343859	0.0
2.335291472302145	0.9641441959186898	0.0
2.3367923022971975	0.9638323016298742	0.0
2.3382931322922507	0.9635171416203223	0.0
2.3397939622873034	0.9631987230990317	0.0
2.341294792282356	0.9628770533315237	0.0
2.342795622277409	0.9625521396396782	0.0
2.3442964522724616	0.9622239894015059	0.0
2.345797282267515	0.9618926100510741	0.0
2.347298112262567	0.9615580090785151	0.0
2.3487989422576203	0.9612201940296614	0.0
2.350299772252673	0.9608791725059878	0.0
2.351800602247726	0.9605349521644473	0.0
2.3533014322427785	0.9601875407174161	0.0
2.3548022622378313	0.9598369459324341	0.0
2.356303092232884	0.9594831756320819	0.0
2.3578039222279368	0.9591262376939904	0.0
2.3593047522229895	0.9587661400504526	0.0
2.3608055822180427	0.95840289068846	0.0
2.362306412213095	0.9580364976494402	0.0
2.363807242208148	0.9576669690291715	0.0
2.365308072203201	0.9572943129776268	0.0
2.3668089021982537	0.9569185376988005	0.0
2.3683097321933064	0.9565396514505897	0.0
2.369810562188359	0.9561576625445987	0.0
2.371311392183412	0.9557725793460077	0.0
2.3728122221784647	0.9553844102734688	0.0
2.374313052173518	0.9549931637988428	0.0
2.3758138821685706	0.954598848447152	0.0
2.377314712163623	0.9542014727963664	0.0
2.378815542158676	0.953801045477262	0.0
2.380316372153729	0.9533975751732758	0.0
2.3818172021487816	0.9529910706203035	0.0
2.3833180321438343	0.9525815406065775	0.0
2.384818862138887	0.952168993972529	0.0
2.3863196921339402	0.9517534396106005	0.0
2.3878205221289925	0.9513348864650429	0.0
2.3893213521240457	0.9509133435318389	0.0
2.3908221821190985	0.9504888198584422	0.0
2.3923230121141508	0.9500613245437568	0.0
2.393823842109204	0.9496308667378552	0.0
2.3953246721042567	0.9491974556417984	0.0
2.3968255020993094	0.9487611005075681	0.0
2.398326332094362	0.9483218106378294	0.0
2.399827162089415	0.9478795953857789	0.0
2.401327992084468	0.9474344641549531	0.0
2.4028288220795204	0.9469864263991692	0.0
2.4043296520745736	0.9465354916221866	0.0
2.4058304820696264	0.9460816693776892	0.0
2.407331312064679	0.9456249692690283	0.0
2.408832142059732	0.9451654009490851	0.0
2.4103329720547846	0.9447029741200534	0.0
2.4118338020498373	0.9442376985332771	0.0
2.41333463204489	0.9437695839892405	0.0
2.414835462039943	0.943298640337132	0.0
2.416336292034996	0.9428248774747942	0.0
2.4178371220300483	0.9423483053485856	0.0
2.4193379520251015	0.9418689339531305	0.0
2.4208387820201542	0.9413867733311798	0.0
2.422339612015207	0.9409018335734143	0.0
2.4238404420102597	0.9404141248182756	0.0
2.4253412720053125	0.9399236572517938	0.0
2.4268421020003657	0.9394304411074295	0.0
2.428342931995418	0.9389344866658209	0.0
2.429843761990471	0.9384358042546486	0.0
2.431344591985524	0.9379344042484631	0.0
2.432845421980576	0.9374302970684836	0.0
2.4343462519756294	0.9369234931824164	0.0
2.435847081970682	0.9364140031042372	0.0
2.437347911965735	0.9359018373940912	0.0
2.4388487419607876	0.9353870066579789	0.0
2.4403495719558403	0.9348695215476936	0.0
2.4418504019508935	0.9343493927605249	0.0
2.443351231945946	0.9338266310392085	0.0
2.444852061940999	0.9333012471715292	0.0
2.4463528919360518	0.9327732519904053	0.0
2.447853721931104	0.9322426563733766	0.0
2.4493545519261573	0.9317094712427	0.0
2.45085538192121	0.9311737075650103	0.0
2.452356211916263	0.930635376351103	0.0
2.4538570419113155	0.9300944886558057	0.0
2.4553578719063682	0.9295510555778251	0.0
2.4568587019014214	0.9290050882593984	0.0
2.4583595318964737	0.928456597886226	0.0
2.459860361891527	0.9279055956872473	0.0
2.4613611918865796	0.9273520929343607	0.0
2.4628620218816324	0.9267961009423747	0.0
2.464362851876685	0.9262376310687082	0.0
2.465863681871738	0.9256766947131466	0.0
2.467364511866791	0.9251133033177685	0.0
2.4688653418618434	0.924547468366604	0.0
2.470366171856896	0.9239792013855243	0.0
2.4718670018519493	0.9234085139420131	0.0
2.4733678318470016	0.9228354176449383	0.0
2.474868661842055	0.9222599241444223	0.0
2.4763694918371075	0.9216820451315566	0.0
2.4778703218321603	0.9211017923381112	0.0
2.479371151827213	0.9205191775365524	0.0
2.4808719818222658	0.9199342125396626	0.0
2.482372811817319	0.9193469092003946	0.0
2.4838736418123712	0.9187572794116375	0.0
2.4853744718074244	0.9181653351059899	0.0
2.486875301802477	0.9175710882555681	0.0
2.4883761317975295	0.9169745508718291	0.0
2.4898769617925827	0.9163757350052171	0.0
2.4913777917876354	0.9157746527451815	0.0
2.492878621782688	0.9151713162197161	0.0
2.494379451777741	0.9145657375952989	0.0
2.4958802817727936	0.9139579290766187	0.0
2.497381111767847	0.9133479029063629	0.0
2.498881941762899	0.9127356713649576	0.0
2.5003827717579523	0.9121212467704932	0.0
2.501883601753005	0.9115046414782624	0.0
2.503384431748058	0.9108858678807654	0.0
2.5048852617431105	0.9102649384073312	0.0
2.5063860917381633	0.90964186552399	0.0
2.5078869217332165	0.9090166617331806	0.0
2.509387751728269	0.908389339573635	0.0
2.5108885817233215	0.9077599116199536	0.0
2.5123894117183747	0.9071283904825915	0.0
2.513890241713427	0.9064947888074636	0.0
2.51539107170848	0.9058591192757924	0.0
2.516891901703533	0.9052213946039378	0.0
2.5183927316985857	0.904581627543016	0.0
2.5198935616936384	0.9039398308787917	0.0
2.521394391688691	0.9032960174313264	0.0
2.5228952216837444	0.9026502000549125	0.0
2.5243960516787967	0.9020023916377489	0.0
2.5258968816738494	0.9013526051015844	0.0
2.5273977116689026	0.9007008534017151	0.0
2.528898541663955	0.9000471495266104	0.0
2.530399371659008	0.899391506497599	0.0
2.531900201654061	0.8987339373688188	0.0
2.5334010316491136	0.898074455226867	0.0
2.5349018616441663	0.8974130731905156	0.0
2.536402691639219	0.896749804410564	0.0
2.5379035216342722	0.8960846620695304	0.0
2.5394043516293245	0.8954176593814991	0.0
2.5409051816243777	0.89474880959177	0.0
2.5424060116194305	0.894078125976599	0.0
2.5439068416144828	0.8934056218430473	0.0
2.545407671609536	0.8927313105287612	0.0
2.5469085016045887	0.8920552054015896	0.0
2.5484093315996414	0.8913773198593404	0.0
2.549910161594694	0.8906976673297052	0.0
2.551410991589747	0.8900162612698148	0.0
2.5529118215848	0.8893331151660893	0.0
2.5544126515798524	0.8886482425339269	0.0
2.5559134815749056	0.8879616569175014	0.0
2.5574143115699584	0.8872733718894992	0.0
2.558915141565011	0.8865834010508746	0.0
2.560415971560064	0.8858917580305183	0.0
2.5619168015551166	0.8851984564850719	0.0
2.5634176315501698	0.8845035100986555	0.0
2.564918461545222	0.8838069325826178	0.0
2.566419291540275	0.8831087376751803	0.0
2.567920121535328	0.8824089391414027	0.0
2.5694209515303803	0.8817075507726383	0.0
2.5709217815254335	0.881004586386485	0.0
2.5724226115204862	0.8803000598264086	0.0
2.573923441515539	0.8795939849615342	0.0
2.5754242715105917	0.8788863756863143	0.0
2.5769251015056445	0.8781772459203747	0.0
2.5784259315006977	0.8774666096081309	0.0
2.57992676149575	0.8767544807185879	0.0
2.581427591490803	0.8760408732450709	0.0
2.582928421485856	0.8753258012049223	0.0
2.584429251480908	0.8746092786392132	0.0
2.5859300814759614	0.8738913196125256	0.0
2.587430911471014	0.8731719382126866	0.0
2.588931741466067	0.8724511485504519	0.0
2.5904325714611196	0.8717289647592286	0.0
2.5919334014561723	0.8710054009948293	0.0
2.5934342314512255	0.8702804714352272	0.0
2.594935061446278	0.8695541902801829	0.0
2.596435891441331	0.8688265717510816	0.0
2.5979367214363838	0.8680976300904945	0.0
2.5994375514314365	0.867367379562062	0.0
2.6009383814264893	0.8666358344501949	0.0
2.602439211421542	0.8659030090596914	0.0
2.6039400414165947	0.8651689177155254	0.0
2.6054408714116475	0.86443357476255	0.0
2.6069417014067002	0.863696994565277	0.0
2.6084425314017534	0.8629591915074539	0.0
2.6099433613968057	0.8622201799919156	0.0
2.611444191391859	0.8614799744402009	0.0
2.6129450213869116	0.8607385892923438	0.0
2.6144458513819644	0.8599960390065294	0.0
2.615946681377017	0.8592523380588529	0.0
2.61744751137207	0.8585075009429916	0.0
2.618948341367123	0.8577615421699146	0.0
2.6204491713621754	0.8570144762676472	0.0
2.621950001357228	0.8562663177809061	0.0
2.6234508313522813	0.8555170812708376	0.0
2.6249516613473336	0.8547667813147624	0.0
2.626452491342387	0.8540154325058644	0.0
2.6279533213374395	0.8532630494528366	0.0
2.6294541513324923	0.8525096467796132	0.0
2.630954981327545	0.8517552391251851	0.0
2.6324558113225978	0.8509998411431665	0.0
2.633956641317651	0.8502434675015562	0.0
2.6354574713127032	0.849486132882451	0.0
2.6369583013077564	0.848727851981657	0.0
2.638459131302809	0.8479686395085444	0.0
2.639959961297862	0.847208510185586	0.0
2.6414607912929147	0.8464474787482101	0.0
2.6429616212879674	0.8456855599444643	0.0
2.64446245128302	0.8449227685345639	0.0
2.645963281278073	0.8441591192907479	0.0
2.6474641112731256	0.8433946269969809	0.0
2.648964941268179	0.8426293064485613	0.0
2.650465771263231	0.8418631724519191	0.0
2.6519666012582843	0.8410962398241831	0.0
2.653467431253337	0.8403285233930068	0.0
2.65496826124839	0.8395600379961415	0.0
2.6564690912434425	0.8387907984812488	0.0
2.6579699212384953	0.8380208197055236	0.0
2.6594707512335485	0.8372501165354101	0.0
2.660971581228601	0.8364787038462852	0.0
2.6624724112236535	0.8357065965221825	0.0
2.6639732412187067	0.8349338094554005	0.0
2.665474071213759	0.8341603575463297	0.0
2.666974901208812	0.8333862557030296	0.0
2.668475731203865	0.8326115188409103	0.0
2.6699765611989177	0.8318361618825661	0.0
2.6714773911939704	0.8310601997572977	0.0
2.672978221189023	0.8302836474008857	0.0
2.6744790511840764	0.8295065197552873	0.0
2.6759798811791287	0.8287288317682845	0.0
2.6774807111741814	0.8279505983932127	0.0
2.6789815411692346	0.8271718345886235	0.0
2.6804823711642873	0.8263925553179688	0.0
2.68198320115934	0.8256127755493243	0.0
2.683484031154393	0.8248325102549982	0.0
2.6849848611494456	0.8240517744113438	0.0
2.6864856911444983	0.8232705829983221	0.0
2.687986521139551	0.8224889509992541	0.0
2.6894873511346042	0.8217068934004746	0.0
2.6909881811296565	0.8209244251910874	0.0
2.6924890111247097	0.8201415613625566	0.0
2.6939898411197625	0.8193583169084534	0.0
2.695490671114815	0.8185747068241223	0.0
2.696991501109868	0.8177907461063241	0.0
2.6984923311049207	0.8170064497529901	0.0
2.6999931610999734	0.8162218327629278	0.0
2.701493991095026	0.8154369101353922	0.0
2.702994821090079	0.8146516968698929	0.0
2.704495651085132	0.8138662079657688	0.0
2.7059964810801844	0.8130804584219326	0.0
2.7074973110752376	0.8122944632365732	0.0
2.7089981410702904	0.8115082374068001	0.0
2.710498971065343	0.8107217959283297	0.0
2.711999801060396	0.8099351537952362	0.0
2.7135006310554486	0.8091483259995084	0.0
2.7150014610505018	0.8083613275308215	0.0
2.716502291045554	0.8075741733762376	0.0
2.718003121040607	0.8067868785198254	0.0
2.71950395103566	0.8059994579424011	0.0
2.7210047810307127	0.8052119266211547	0.0
2.7225056110257655	0.8044242995294124	0.0
2.7240064410208182	0.8036365916362089	0.0
2.725507271015871	0.8028488179061446	0.0
2.7270081010109237	0.8020609932988078	0.0
2.7285089310059765	0.8012731327687264	0.0
2.7300097610010297	0.8004852512649588	0.0
2.731510590996082	0.7996973637306544	0.0
2.7330114209911347	0.7989094851029304	0.0
2.734512250986188	0.7981216303124979	0.0
2.7360130809812406	0.7973338142832107	0.0
2.7375139109762934	0.7965460519319957	0.0
2.739014740971346	0.7957583581682965	0.0
2.740515570966399	0.7949707478938663	0.0
2.7420164009614516	0.7941832360025352	0.0
2.7435172309565043	0.7933958373797505	0.0
2.7450180609515575	0.7926085669023916	0.0
2.7465188909466103	0.7918214394383482	0.0
2.748019720941663	0.7910344698462733	0.0
2.7495205509367158	0.7902476729752692	0.0
2.7510213809317685	0.7894610636644867	0.0
2.7525222109268213	0.7886746567430037	0.0
2.754023040921874	0.7878884670293416	0.0
2.7555238709169267	0.7871025093311943	0.0
2.7570247009119795	0.7863167984451518	0.0
2.7585255309070322	0.7855313491563919	0.0
2.7600263609020854	0.7847461762383378	0.0
2.761527190897138	0.7839612944523842	0.0
2.763028020892191	0.7831767185475641	0.0
2.7645288508872436	0.7823924632602282	0.0
2.7660296808822964	0.7816085433138048	0.0
2.767530510877349	0.7808249734184209	0.0
2.769031340872402	0.7800417682706294	0.0
2.770532170867455	0.7792589425531058	0.0
2.7720330008625074	0.7784765109342952	0.0
2.77353383085756	0.777694488068224	0.0
2.7750346608526133	0.7769128885940902	0.0
2.776535490847666	0.7761317271359296	0.0
2.778036320842719	0.7753510183024962	0.0
2.7795371508377715	0.774570776686743	0.0
2.7810379808328243	0.773791016865685	0.0
2.782538810827877	0.7730117533999658	0.0
2.7840396408229298	0.7722330008337303	0.0
2.785540470817983	0.7714547736941179	0.0
2.7870413008130357	0.7706770864911627	0.0
2.7885421308080884	0.7698999537173292	0.0
2.790042960803141	0.7691233898473397	0.0
2.791543790798194	0.7683474093378472	0.0
2.7930446207932467	0.7675720266270666	0.0
2.7945454507882994	0.7667972561345817	0.0
2.796046280783352	0.7660231122609733	0.0
2.797547110778405	0.7652496093876472	0.0
2.7990479407734576	0.7644767618764114	0.0
2.800548770768511	0.763704584069222	0.0
2.8020496007635636	0.7629330902879422	0.0
2.8035504307586163	0.7621622948339803	0.0
2.805051260753669	0.7613922119880533	0.0
2.806552090748722	0.7606228560099553	0.0
2.8080529207437745	0.7598542411381375	0.0
2.8095537507388273	0.7590863815895221	0.0
2.81105458073388	0.7583192915591684	0.0
2.812555410728933	0.7575529852200406	0.0
2.8140562407239855	0.7567874767227153	0.0
2.8155570707190387	0.7560227801950398	0.0
2.8170579007140915	0.7552589097419226	0.0
2.818558730709144	0.7544958794450315	0.0
2.820059560704197	0.7537337033625403	0.0
2.8215603906992497	0.7529723955288135	0.0
2.8230612206943024	0.7522119699541172	0.0
2.824562050689355	0.7514524406244325	0.0
2.8260628806844084	0.7506938215011175	0.0
2.827563710679461	0.749936126520589	0.0
2.8290645406745134	0.7491793695941915	0.0
2.8305653706695666	0.7484235646078202	0.0
2.8320662006646193	0.74766872542161	0.0
2.833567030659672	0.7469148658698546	0.0
2.835067860654725	0.746161999760562	0.0
2.8365686906497776	0.7454101408752407	0.0
2.8380695206448303	0.744659302968688	0.0
2.839570350639883	0.743909499768663	0.0
2.8410711806349362	0.7431607449756901	0.0
2.842572010629989	0.7424130522627316	0.0
2.8440728406250417	0.7416664352749819	0.0
2.8455736706200945	0.7409209076296059	0.0
2.847074500615147	0.7401764829153924	0.0
2.8485753306102	0.7394331746926732	0.0
2.8500761606052527	0.7386909964929081	0.0
2.8515769906003055	0.7379499618185754	0.0
2.853077820595358	0.7372100841427783	0.0
2.854578650590411	0.7364713769091024	0.0
2.856079480585464	0.7357338535313155	0.0
2.857580310580517	0.7349975273931157	0.0
2.8590811405755696	0.7342624118479467	0.0
2.8605819705706224	0.7335285202187157	0.0
2.862082800565675	0.7327958657975213	0.0
2.863583630560728	0.7320644618454939	0.0
2.8650844605557806	0.7313343215924933	0.0
2.8665852905508338	0.7306054582368596	0.0
2.8680861205458865	0.7298778849452233	0.0
2.869586950540939	0.7291516148522827	0.0
2.871087780535992	0.7284266610604617	0.0
2.8725886105310448	0.7277030366398538	0.0
2.8740894405260975	0.7269807546277991	0.0
2.8755902705211502	0.7262598280288145	0.0
2.877091100516203	0.7255402698142994	0.0
2.8785919305112557	0.7248220929222549	0.0
2.8800927605063085	0.7241053102571855	0.0
2.8815935905013617	0.7233899346897802	0.0
2.8830944204964144	0.7226759790567525	0.0
2.8845952504914667	0.7219634561604812	0.0
2.88609608048652	0.721252378769013	0.0
2.8875969104815726	0.720542759615691	0.0
2.8890977404766254	0.7198346113990091	0.0
2.890598570471678	0.7191279467823102	0.0
2.892099400466731	0.7184227783936464	0.0
2.893600230461784	0.7177191188255637	0.0
2.8951010604568364	0.7170169806348684	0.0
2.8966018904518895	0.7163163763424624	0.0
2.8981027204469423	0.7156173184330872	0.0
2.899603550441995	0.71491981935511	0.0
2.9011043804370478	0.714223891520411	0.0
2.9026052104321005	0.7135295473040547	0.0
2.9041060404271533	0.7128367990442124	0.0
2.905606870422206	0.7121456590418366	0.0
2.9071077004172587	0.711456139560651	0.0
2.908608530412312	0.7107682528266644	0.0
2.9101093604073642	0.7100820110282898	0.0
2.9116101904024174	0.7093974263159125	0.0
2.91311102039747	0.7087145108018804	0.0
2.914611850392523	0.7080332765601693	0.0
2.9161126803875757	0.7073537356263024	0.0
2.9176135103826284	0.7066758999970368	0.0
2.919114340377681	0.7059997816303798	0.0
2.920615170372734	0.705325392445158	0.0
2.922116000367787	0.7046527443210516	0.0
2.92361683036284	0.7039818490982701	0.0
2.925117660357892	0.7033127185774364	0.0
2.9266184903529453	0.7026453645194126	0.0
2.928119320347998	0.7019797986451236	0.0
2.929620150343051	0.7013160326353205	0.0
2.9311209803381035	0.7006540781304849	0.0
2.9326218103331563	0.6999939467306406	0.0
2.9341226403282095	0.6993356499951551	0.0
2.9356234703232618	0.6986791994426176	0.0
2.937124300318315	0.6980246065505914	0.0
2.9386251303133677	0.6973718827555373	0.0
2.94012596030842	0.6967210394525986	0.0
2.941626790303473	0.6960720879954672	0.0
2.943127620298526	0.6954250396962003	0.0
2.9446284502935787	0.6947799058250489	0.0
2.9461292802886314	0.6941366976103276	0.0
2.947630110283684	0.6934954262382507	0.0
2.9491309402787373	0.6928561028528043	0.0
2.9506317702737896	0.6922187385555156	0.0
2.952132600268843	0.6915833444053668	0.0
2.9536334302638956	0.6909499314186631	0.0
2.9551342602589483	0.6903185105687999	0.0
2.956635090254001	0.6896890927861565	0.0
2.958135920249054	0.6890616889579858	0.0
2.9596367502441066	0.6884363099282114	0.0
2.9611375802391593	0.6878129664973329	0.0
2.962638410234212	0.687191669422259	0.0
2.9641392402292652	0.6865724294161745	0.0
2.9656400702243175	0.6859552571483674	0.0
2.9671409002193707	0.6853401632441385	0.0
2.9686417302144235	0.6847271582846873	0.0
2.970142560209476	0.6841162528068154	0.0
2.971643390204529	0.6835074573030234	0.0
2.9731442201995817	0.6829007822212142	0.0
2.974645050194635	0.6822962379646167	0.0
2.976145880189687	0.6816938348916883	0.0
2.9776467101847404	0.6810935833159554	0.0
2.979147540179793	0.6804954935057924	0.0
2.9806483701748454	0.6798995756844757	0.0
2.9821492001698986	0.679305840029938	0.0
2.9836500301649513	0.6787142966746567	0.0
2.985150860160004	0.6781249557056145	0.0
2.986651690155057	0.6775378271640118	0.0
2.9881525201501096	0.6769529210453562	0.0
2.9896533501451628	0.6763702472991375	0.0
2.991154180140215	0.6757898158288841	0.0
2.9926550101352682	0.6752116364919507	0.0
2.994155840130321	0.6746357190994297	0.0
2.9956566701253737	0.6740620734160507	0.0
2.9971575001204265	0.6734907091600112	0.0
2.998658330115479	0.6729216360029288	0.0
3.000159160110532	0.6723548635696857	0.0
