0.0	2.252487307905962e-06	0.0
0.0015008299950527925	9.009908575745349e-06	0.0
0.003001659990105585	2.0272141722574318e-05	0.0
0.004502489985158378	3.603898306185515e-05	0.0
0.00600331998021117	5.6310147229408096e-05	0.0
0.0075041499752639615	8.108526691783785e-05	0.0
0.009004979970316756	0.00011036389308701619	0.0
0.010505809965369548	0.00014414549308531675	0.0
0.01200663996042234	0.00018242945048851017	0.0
0.01350746995547513	0.000225215065927918	0.0
0.015008299950527923	0.00027250155494143544	0.0
0.016509129945580715	0.0003242880469531135	0.0
0.01800995994063351	0.0003805735834690917	0.0
0.019510789935686303	0.0004413571171217478	0.0
0.021011619930739096	0.0005066375120775029	0.0
0.022512449925791888	0.0005764135413886476	0.0
0.02401327992084468	0.0006506838824378778	0.0
0.02551410991589747	0.000729447112631069	0.0
0.02701493991095026	0.000812701699180104	0.0
0.028515769906003054	0.0009004459991006214	0.0
0.030016599901055846	0.000992678271481335	0.0
0.03151742989610864	0.0010893966854570775	0.0
0.03301825989116143	0.0011905993210462363	0.0
0.03451908988621422	0.0012962841692441822	0.0
0.03601991988126702	0.0014064491321002781	0.0
0.037520749876319814	0.0015210920228240252	0.0
0.03902157987137261	0.0016402105658848323	0.0
0.0405224098664254	0.0017638023970915357	0.0
0.04202323986147819	0.0018918650637049365	0.0
0.043524069856530984	0.0020243960245389147	0.0
0.045024899851583776	0.0021613926500544675	0.0
0.04652572984663657	0.0023028522224592682	0.0
0.04802655984168936	0.002448771935800472	0.0
0.04952738983674215	0.0025991488960679923	0.0
0.05102821983179494	0.002753980121310231	0.0
0.05252904982684774	0.002913262541747478	0.0
0.05402987982190052	0.0030769929998883546	0.0
0.05553070981695332	0.0032451682506513344	0.0
0.05703153981200611	0.0034177849614814354	0.0
0.05853236980705891	0.0035948397124701643	0.0
0.06003319980211169	0.0037763289964775947	0.0
0.06153402979716449	0.00396224921925868	0.0
0.06303485979221728	0.0041525966995940005	0.0
0.06453568978727008	0.004347367669423077	0.0
0.06603651978232286	0.004546558273980092	0.0
0.06753734977737566	0.004750164571931683	0.0
0.06903817977242845	0.00495818253551929	0.0
0.07053900976748124	0.00517060805070236	0.0
0.07203983976253404	0.0053874369173042315	0.0
0.07354066975758683	0.005608664849158911	0.0
0.07504149975263963	0.005834287474262835	0.0
0.07654232974769241	0.006064300334927406	0.0
0.07804315974274521	0.006298698887933796	0.0
0.079543989737798	0.006537478504693405	0.0
0.0810448197328508	0.006780634471408625	0.0
0.08254564972790358	0.00702816198923675	0.0
0.08404647972295638	0.007280056174457564	0.0
0.08554730971800917	0.007536312058642235	0.0
0.08704813971306197	0.007796924588826207	0.0
0.08854896970811475	0.008061888627683823	0.0
0.09004979970316755	0.008331198953706943	0.0
0.09155062969822034	0.008604850261382751	0.0
0.09305145969327314	0.008882837161377466	0.0
0.09455228968832592	0.009165154180721278	0.0
0.09605311968337872	0.009451795762996524	0.0
0.0975539496784315	0.009742756268526553	0.0
0.0990547796734843	0.010038029974567195	0.0
0.10055560966853709	0.010337611075503713	0.0
0.10205643966358988	0.010641493683046439	0.0
0.10355726965864268	0.010949671826429922	0.0
0.10505809965369547	0.01126213945261625	0.0
0.10655892964874826	0.011578890426497105	0.0
0.10805975964380105	0.011899918531103166	0.0
0.10956058963885383	0.012225217467812296	0.0
0.11106141963390664	0.012554780856559235	0.0
0.11256224962895943	0.012888602236050171	0.0
0.11406307962401221	0.013226675063977565	0.0
0.115563909619065	0.013568992717237553	0.0
0.11706473961411781	0.013915548492152393	0.0
0.1185655696091706	0.014266335604690436	0.0
0.12006639960422338	0.014621347190692722	0.0
0.1215672295992762	0.01498057630609635	0.0
0.12306805959432898	0.015344015927166504	0.0
0.12456888958938177	0.015711658950723857	0.0
0.12606971958443455	0.016083498194381676	0.0
0.12757054957948735	0.01645952639677327	0.0
0.12907137957454015	0.016839736217795474	0.0
0.13057220956959295	0.017224120238844648	0.0
0.13207303956464572	0.01761267096305677	0.0
0.13357386955969852	0.018005380815549803	0.0
0.13507469955475132	0.01840224214367077	0.0
0.1365755295498041	0.018803247217238528	0.0
0.1380763595448569	0.01920838822879512	0.0
0.1395771895399097	0.019617657293850843	0.0
0.1410780195349625	0.020031046451139567	0.0
0.14257884953001526	0.02044854766287179	0.0
0.1440796795250681	0.020870152814989364	0.0
0.14558050952012086	0.021295853717423638	0.0
0.14708133951517366	0.021725642104352173	0.0
0.14858216951022643	0.02215950963445918	0.0
0.15008299950527926	0.022597447891197393	0.0
0.15158382950033203	0.02303944838305251	0.0
0.15308465949538483	0.023485502543808136	0.0
0.1545854894904376	0.02393560173281118	0.0
0.15608631948549043	0.024389737235241803	0.0
0.1575871494805432	0.024847900262381255	0.0
0.159087979475596	0.0253100819518864	0.0
0.16058880947064877	0.0257762733680577	0.0
0.1620896394657016	0.02624646550211531	0.0
0.16359046946075437	0.02672064927247658	0.0
0.16509129945580717	0.02719881552502798	0.0
0.16659212945085994	0.02768095503340889	0.0
0.16809295944591277	0.02816705849928879	0.0
0.16959378944096554	0.02865711655264877	0.0
0.17109461943601834	0.02915111975206172	0.0
0.17259544943107114	0.02964905858497664	0.0
0.17409627942612393	0.03015092346800591	0.0
0.1755971094211767	0.030656704747205544	0.0
0.1770979394162295	0.031166392698368055	0.0
0.1785987694112823	0.031679977527306905	0.0
0.1800995994063351	0.032197449370152904	0.0
0.18160042940138788	0.032718798293631966	0.0
0.18310125939644067	0.03324401429536856	0.0
0.18460208939149347	0.03377308730417512	0.0
0.18610291938654627	0.0343060071803384	0.0
0.18760374938159904	0.034842763715923104	0.0
0.18910457937665184	0.035383346635067696	0.0
0.19060540937170464	0.035927745594274044	0.0
0.19210623936675744	0.036475950182712276	0.0
0.1936070693618102	0.03702794992251677	0.0
0.195107899356863	0.037583734269082174	0.0
0.1966087293519158	0.03814329261136959	0.0
0.1981095593469686	0.0387066142722051	0.0
0.19961038934202138	0.03927368850858379	0.0
0.20111121933707418	0.03984450451197129	0.0
0.20261204933212695	0.04041905140860318	0.0
0.20411287932717975	0.040997318259794475	0.0
0.20561370932223258	0.041579294062245635	0.0
0.20711453931728535	0.042164967748345016	0.0
0.20861536931233815	0.042754328186480166	0.0
0.21011619930739095	0.04334736418134102	0.0
0.21161702930244372	0.043944064474227586	0.0
0.21311785929749652	0.04454441774336514	0.0
0.2146186892925493	0.0451484126042006	0.0
0.2161195192876021	0.045756037609728024	0.0
0.21762034928265492	0.046367281250789885	0.0
0.21912117927770766	0.04698213195638778	0.0
0.2206220092727605	0.04760057809399777	0.0
0.2221228392678133	0.04822260796988025	0.0
0.22362366926286606	0.048848209829391184	0.0
0.22512449925791886	0.04947737185730344	0.0
0.22662532925297169	0.05011008217810886	0.0
0.22812615924802443	0.050746328856341984	0.0
0.22962698924307726	0.05138609989689001	0.0
0.23112781923813	0.052029383245308806	0.0
0.23262864923318283	0.05267616678813634	0.0
0.23412947922823563	0.053326438353213136	0.0
0.2356303092232884	0.05398018570999085	0.0
0.2371311392183412	0.054637396569852864	0.0
0.238631969213394	0.0552980585864302	0.0
0.24013279920844677	0.055962159355913255	0.0
0.2416336292034996	0.05662968641737543	0.0
0.2431344591985524	0.05730062725309185	0.0
0.24463528919360517	0.05797496928885474	0.0
0.24613611918865796	0.05865269989429104	0.0
0.24763694918371074	0.05933380638318852	0.0
0.24913777917876354	0.0600182760138074	0.0
0.25063860917381636	0.060706095989206676	0.0
0.2521394391688691	0.06139725345756017	0.0
0.2536402691639219	0.06209173551247935	0.0
0.2551410991589747	0.06278952919333404	0.0
0.2566419291540275	0.06349062148556874	0.0
0.2581427591490803	0.06419499932103892	0.0
0.25964358914413305	0.064902649578308	0.0
0.2611444191391859	0.06561355908298766	0.0
0.2626452491342387	0.06632771460804457	0.0
0.26414607912929144	0.06704510287413885	0.0
0.26564690912434424	0.06776571054992693	0.0
0.26714773911939704	0.06848952425240123	0.0
0.26864856911444984	0.06921653054719656	0.0
0.27014939910950264	0.06994671594891184	0.0
0.27165022910455544	0.07068006692145135	0.0
0.2731510590996082	0.07141656987832498	0.0
0.27465188909466104	0.07215621118297692	0.0
0.2761527190897138	0.07289897714911288	0.0
0.2776535490847666	0.07364485404101469	0.0
0.2791543790798194	0.07439382807387125	0.0
0.2806552090748722	0.07514588541408908	0.0
0.282156039069925	0.07590101217962214	0.0
0.2836568690649778	0.07665919444029225	0.0
0.2851576990600305	0.07742041821811638	0.0
0.2866585290550834	0.07818466948761973	0.0
0.2881593590501362	0.0789519341761626	0.0
0.2896601890451889	0.07972219816426164	0.0
0.2911610190402417	0.08049544728590967	0.0
0.2926618490352945	0.08127166732890774	0.0
0.2941626790303473	0.08205084403517164	0.0
0.2956635090254001	0.0828329631010652	0.0
0.29716433902045286	0.08361801017772535	0.0
0.2986651690155057	0.08440597087136938	0.0
0.3001659990105585	0.08519683074362651	0.0
0.30166682900561126	0.08599057531186347	0.0
0.30316765900066406	0.08678719004949306	0.0
0.30466848899571686	0.08758666038631058	0.0
0.30616931899076966	0.08838897170881072	0.0
0.30767014898582246	0.08919410936049789	0.0
0.3091709789808752	0.09000205864222512	0.0
0.31067180897592805	0.0908128048125035	0.0
0.31217263897098085	0.0916263330878298	0.0
0.3136734689660336	0.0924426286430106	0.0
0.3151742989610864	0.09326167661146523	0.0
0.3166751289561392	0.0940834620855699	0.0
0.318175958951192	0.09490797011696701	0.0
0.3196767889462448	0.09573518571688142	0.0
0.32117761894129754	0.09656509385645454	0.0
0.3226784489363504	0.0973976794670516	0.0
0.3241792789314032	0.09823292744059456	0.0
0.32568010892645594	0.09907082262986977	0.0
0.32718093892150873	0.09991134984886677	0.0
0.32868176891656153	0.10075449387306984	0.0
0.33018259891161433	0.10160023943980266	0.0
0.33168342890666713	0.10244857124854344	0.0
0.3331842589017199	0.10329947396124045	0.0
0.3346850888967727	0.10415293220262427	0.0
0.33618591889182553	0.10500893056054915	0.0
0.3376867488868783	0.10586745358629213	0.0
0.3391875788819311	0.10672848579487655	0.0
0.3406884088769839	0.10759201166540232	0.0
0.34218923887203667	0.10845801564136047	0.0
0.34369006886708947	0.1093264821309408	0.0
0.34519089886214227	0.1101973955073652	0.0
0.346691728857195	0.11107074010920116	0.0
0.34819255885224787	0.1119465002406729	0.0
0.3496933888473006	0.11282466017199705	0.0
0.3511942188423534	0.11370520413969164	0.0
0.3526950488374062	0.11458811634688869	0.0
0.354195878832459	0.11547338096366085	0.0
0.3556967088275118	0.11636098212733874	0.0
0.3571975388225646	0.11725090394283046	0.0
0.35869836881761735	0.11814313048293205	0.0
0.3601991988126702	0.11903764578865113	0.0
0.361700028807723	0.11993443386952195	0.0
0.36320085880277575	0.12083347870393435	0.0
0.36470168879782855	0.12173476423943462	0.0
0.36620251879288135	0.12263827439305541	0.0
0.36770334878793415	0.12354399305163322	0.0
0.36920417878298695	0.12445190407211017	0.0
0.3707050087780397	0.1253619912818685	0.0
0.37220583877309255	0.126274238479044	0.0
0.37370666876814534	0.12718862943283618	0.0
0.3752074987631981	0.12810514788383542	0.0
0.3767083287582509	0.1290237775443373	0.0
0.3782091587533037	0.12994450209864858	0.0
0.3797099887483565	0.13086730520341888	0.0
0.3812108187434093	0.13179217048795427	0.0
0.38271164873846203	0.1327190815545258	0.0
0.3842124787335149	0.13364802197869483	0.0
0.3857133087285677	0.1345789753096266	0.0
0.3872141387236204	0.13551192507041218	0.0
0.38871496871867317	0.13644685475836918	0.0
0.390215798713726	0.13738374784538293	0.0
0.3917166287087788	0.13832258777819678	0.0
0.3932174587038316	0.13926335797875802	0.0
0.3947182886988844	0.14020604184450386	0.0
0.3962191186939372	0.14115062274867923	0.0
0.39771994868898997	0.14209708404068772	0.0
0.39922077868404277	0.14304540904637306	0.0
0.40072160867909556	0.14399558106834295	0.0
0.40222243867414836	0.14494758338630812	0.0
0.4037232686692012	0.14590139925734769	0.0
0.4052240986642539	0.1468570119162791	0.0
0.4067249286593067	0.14781440457594483	0.0
0.4082257586543595	0.14877356042753395	0.0
0.40972658864941236	0.1497344626408938	0.0
0.41122741864446516	0.15069709436486736	0.0
0.41272824863951796	0.15166143872758475	0.0
0.4142290786345707	0.15262747883678135	0.0
0.4157299086296235	0.15359519778012837	0.0
0.4172307386246763	0.1545645786255374	0.0
0.4187315686197291	0.15553560442147937	0.0
0.4202323986147819	0.15650825819730294	0.0
0.42173322860983464	0.157482522963549	0.0
0.42323405860488744	0.15845838171225615	0.0
0.42473488859994024	0.15943581741730034	0.0
0.42623571859499304	0.16041481303469585	0.0
0.42773654859004584	0.16139535150289547	0.0
0.4292373785850986	0.1623774157431467	0.0
0.4307382085801514	0.16336098865977286	0.0
0.4322390385752042	0.16434605314050152	0.0
0.43373986857025704	0.16533259205678666	0.0
0.43524069856530984	0.1663205882641119	0.0
0.43674152856036264	0.1673100246023128	0.0
0.4382423585554153	0.16830088389589767	0.0
0.4397431885504682	0.16929314895436642	0.0
0.441244018545521	0.17028680257250442	0.0
0.4427448485405738	0.17128182753072382	0.0
0.4442456785356266	0.17227820659538004	0.0
0.4457465085306793	0.17327592251905416	0.0
0.4472473385257321	0.17427495804092516	0.0
0.4487481685207849	0.1752752958870216	0.0
0.4502489985158377	0.1762769187705925	0.0
0.4517498285108905	0.17727980939239982	0.0
0.45325065850594337	0.17828395044104065	0.0
0.45475148850099606	0.17928932459325286	0.0
0.45625231849604886	0.18029591451424593	0.0
0.45775314849110166	0.18130370285801176	0.0
0.4592539784861545	0.18231267226763592	0.0
0.4607548084812073	0.18332280537562162	0.0
0.46225563847626	0.1843340848042127	0.0
0.46375646847131285	0.1853464931656878	0.0
0.46525729846636565	0.18636001306269293	0.0
0.46675812846141845	0.18737462708857217	0.0
0.46825895845647125	0.1883903178276609	0.0
0.46975978845152405	0.1894070678556016	0.0
0.4712606184465768	0.19042485973968917	0.0
0.4727614484416296	0.1914436760391502	0.0
0.4742622784366824	0.19246349930549564	0.0
0.4757631084317352	0.1934843120828047	0.0
0.477263938426788	0.1945060969080651	0.0
0.47876476842184074	0.19552883631148865	0.0
0.48026559841689354	0.19655251281682207	0.0
0.48176642841194633	0.19757710894164848	0.0
0.4832672584069992	0.19860260719774925	0.0
0.484768088402052	0.19962899009136198	0.0
0.4862689183971048	0.20065624012355932	0.0
0.4877697483921575	0.2016843397905115	0.0
0.48927057838721033	0.20271327158383876	0.0
0.49077140838226313	0.20374301799091035	0.0
0.49227223837731593	0.20477356149517012	0.0
0.49377306837236873	0.20580488457646162	0.0
0.4952738983674215	0.2068369697113248	0.0
0.49677472836247427	0.20786979937332326	0.0
0.49827555835752707	0.20890335603337565	0.0
0.49977638835257987	0.20993762216004574	0.0
0.5012772183476327	0.2109725802198801	0.0
0.5027780483426855	0.21200821267771927	0.0
0.5042788783377382	0.21304450199700595	0.0
0.5057797083327911	0.21408143064011226	0.0
0.5072805383278438	0.21511898106866512	0.0
0.5087813683228967	0.21615713574383888	0.0
0.5102821983179494	0.21719587712669175	0.0
0.5117830283130022	0.21823518767846628	0.0
0.513283858308055	0.21927504986093269	0.0
0.5147846883031078	0.22031544613668913	0.0
0.5162855182981606	0.22135635896946665	0.0
0.5177863482932135	0.22239777082447404	0.0
0.5192871782882661	0.22343966416867045	0.0
0.520788008283319	0.22448202147114255	0.0
0.5222888382783718	0.22552482520336092	0.0
0.5237896682734245	0.22656805783954106	0.0
0.5252904982684774	0.22761170185693355	0.0
0.5267913282635301	0.2286557397361489	0.0
0.5282921582585829	0.22970015396148097	0.0
0.5297929882536357	0.23074492702119748	0.0
0.5312938182486885	0.23179004140788895	0.0
0.5327946482437413	0.23283547961876036	0.0
0.5342954782387941	0.2338812241559621	0.0
0.5357963082338468	0.23492725752687943	0.0
0.5372971382288997	0.23597356224447436	0.0
0.5387979682239524	0.2370201208275934	0.0
0.5402987982190053	0.23806691580128367	0.0
0.5417996282140581	0.23911392969709663	0.0
0.5433004582091109	0.2401611450534148	0.0
0.5448012882041636	0.2412085444157747	0.0
0.5463021181992164	0.2422561103371356	0.0
0.5478029481942692	0.24330382537823425	0.0
0.5493037781893221	0.24435167210791608	0.0
0.5508046081843748	0.2453996331033897	0.0
0.5523054381794276	0.24644769095059196	0.0
0.5538062681744804	0.24749582824447425	0.0
0.5553070981695332	0.24854402758932048	0.0
0.556807928164586	0.24959227159905673	0.0
0.5583087581596388	0.25064054289756227	0.0
0.5598095881546916	0.2516888241190056	0.0
0.5613104181497444	0.2527370979081163	0.0
0.5628112481447971	0.2537853469205413	0.0
0.56431207813985	0.2548335538230846	0.0
0.5658129081349027	0.2558817012941128	0.0
0.5673137381299556	0.25692977202377887	0.0
0.5688145681250083	0.25797774871440066	0.0
0.570315398120061	0.25902561408071934	0.0
0.5718162281151139	0.26007335085023675	0.0
0.5733170581101668	0.26112094176350625	0.0
0.5748178881052195	0.26216836957445844	0.0
0.5763187181002724	0.26321561705068725	0.0
0.5778195480953251	0.26426266697380596	0.0
0.5793203780903778	0.2653095021396891	0.0
0.5808212080854307	0.26635610535882115	0.0
0.5823220380804834	0.2674024594565839	0.0
0.5838228680755363	0.2684485472735812	0.0
0.585323698070589	0.26949435166592517	0.0
0.5868245280656418	0.2705398555055675	0.0
0.5883253580606946	0.2715850416805643	0.0
0.5898261880557474	0.27262989309541147	0.0
0.5913270180508002	0.27367439267134885	0.0
0.592827848045853	0.27471852334665353	0.0
0.5943286780409057	0.27576226807690624	0.0
0.5958295080359586	0.27680560983538205	0.0
0.5973303380310114	0.2778485316132877	0.0
0.5988311680260642	0.27889101642004593	0.0
0.600331998021117	0.2799330472836399	0.0
0.6018328280161698	0.2809746072509254	0.0
0.6033336580112225	0.2820156793878635	0.0
0.6048344880062754	0.2830562467798875	0.0
0.6063353180013281	0.284096292532152	0.0
0.607836147996381	0.2851357997698719	0.0
0.6093369779914337	0.28617475163857775	0.0
0.6108378079864865	0.2872131313044534	0.0
0.6123386379815393	0.28825092195460306	0.0
0.6138394679765921	0.2892881067973504	0.0
0.6153402979716449	0.2903246690625403	0.0
0.6168411279666978	0.2913605920018344	0.0
0.6183419579617504	0.2923958588889876	0.0
0.6198427879568033	0.29343045302016246	0.0
0.6213436179518561	0.29446435771422336	0.0
0.6228444479469089	0.2954975563129948	0.0
0.6243452779419617	0.2965300321815806	0.0
0.6258461079370145	0.297561768708636	0.0
0.6273469379320672	0.29859274930670443	0.0
0.62884776792712	0.2996229574124046	0.0
0.6303485979221728	0.30065237648682414	0.0
0.6318494279172256	0.3016809900157529	0.0
0.6333502579122784	0.30270878150997726	0.0
0.6348510879073311	0.30373573450555935	0.0
0.636351917902384	0.3047618325641381	0.0
0.6378527478974367	0.3057870592731825	0.0
0.6393535778924896	0.30681139824632736	0.0
0.6408544078875424	0.3078348331236042	0.0
0.6423552378825951	0.3088573475717309	0.0
0.6438560678776479	0.3098789252844231	0.0
0.6453568978727008	0.31089954998263375	0.0
0.6468577278677535	0.3119192054148612	0.0
0.6483585578628064	0.31293787535740114	0.0
0.6498593878578591	0.31395554361464795	0.0
0.6513602178529119	0.31497219401933985	0.0
0.6528610478479647	0.31598781043287927	0.0
0.6543618778430175	0.3170023767455725	0.0
0.6558627078380703	0.3180158768769129	0.0
0.6573635378331231	0.31902829477584443	0.0
0.6588643678281758	0.3200396144210378	0.0
0.6603651978232287	0.3210498198211649	0.0
0.6618660278182814	0.32205889501516516	0.0
0.6633668578133343	0.3230668240725317	0.0
0.6648676878083871	0.3240735910935321	0.0
0.6663685178034398	0.3250791802095199	0.0
0.6678693477984926	0.32608357558317597	0.0
0.6693701777935454	0.3270867614087895	0.0
0.6708710077885982	0.3280887219125184	0.0
0.6723718377836511	0.3290894413526341	0.0
0.6738726677787038	0.3300889040197972	0.0
0.6753734977737565	0.3310870942373243	0.0
0.6768743277688094	0.33208399636141966	0.0
0.6783751577638621	0.33307959478146976	0.0
0.679875987758915	0.3340738739202828	0.0
0.6813768177539677	0.33506681823433737	0.0
0.6828776477490205	0.336058412214047	0.0
0.6843784777440733	0.3370486403840221	0.0
0.6858793077391261	0.33803748730330346	0.0
0.6873801377341789	0.3390249375656348	0.0
0.6888809677292317	0.34001097579970263	0.0
0.6903817977242845	0.34099558666937474	0.0
0.6918826277193373	0.34197875487396084	0.0
0.69338345771439	0.34296046514848166	0.0
0.6948842877094429	0.34394070226387363	0.0
0.6963851177044957	0.3449194510272496	0.0
0.6978859476995485	0.3458966962821768	0.0
0.6993867776946012	0.3468724229088743	0.0
0.7008876076896541	0.34784661582446336	0.0
0.7023884376847068	0.34881925998323504	0.0
0.7038892676797597	0.3497903403768621	0.0
0.7053900976748124	0.3507598420346436	0.0
0.7068909276698653	0.3517277500237627	0.0
0.708391757664918	0.352694049449476	0.0
0.7098925876599708	0.35365872545541455	0.0
0.7113934176550236	0.3546217632237634	0.0
0.7128942476500764	0.3555831479754963	0.0
0.7143950776451292	0.35654286497065657	0.0
0.715895907640182	0.3575008995085494	0.0
0.7173967376352347	0.3584572369279701	0.0
0.7188975676302876	0.35941186260743885	0.0
0.7203983976253404	0.360364761965424	0.0
0.7218992276203932	0.3613159204605732	0.0
0.723400057615446	0.362265323591976	0.0
0.7249008876104988	0.36321295689926647	0.0
0.7264017176055515	0.3641588059630124	0.0
0.7279025476006044	0.365102856404805	0.0
0.7294033775956571	0.36604509388752743	0.0
0.73090420759071	0.36698550411557573	0.0
0.7324050375857627	0.36792407283506956	0.0
0.7339058675808154	0.3688607858340832	0.0
0.7354066975758683	0.36979562894284324	0.0
0.736907527570921	0.3707285880339437	0.0
0.7384083575659739	0.37165964902254806	0.0
0.7399091875610266	0.37258879786663035	0.0
0.7414100175560794	0.3735160205671879	0.0
0.7429108475511322	0.3744413031684053	0.0
0.7444116775461851	0.37536463175790286	0.0
0.7459125075412378	0.3762859924669122	0.0
0.7474133375362907	0.3772053714705124	0.0
0.7489141675313434	0.3781227549878419	0.0
0.7504149975263962	0.379038129282271	0.0
0.751915827521449	0.37995148066157736	0.0
0.7534166575165018	0.38086279547824714	0.0
0.7549174875115546	0.3817720601295469	0.0
0.7564183175066074	0.38267926105783134	0.0
0.7579191475016601	0.3835843847506739	0.0
0.759419977496713	0.38448741774112044	0.0
0.7609208074917657	0.38538834660779325	0.0
0.7624216374868186	0.3862871579751537	0.0
0.7639224674818714	0.3871838385137095	0.0
0.7654232974769241	0.3880783749401723	0.0
0.7669241274719769	0.3889707540176335	0.0
0.7684249574670298	0.3898609625557552	0.0
0.7699257874620825	0.39074898741102393	0.0
0.7714266174571354	0.39163481548684864	0.0
0.772927447452188	0.39251843373379586	0.0
0.7744282774472409	0.39339982914977556	0.0
0.7759291074422937	0.39427898878019646	0.0
0.7774299374373463	0.39515589971817044	0.0
0.7789307674323993	0.3960305491046982	0.0
0.780431597427452	0.39690292412881073	0.0
0.7819324274225049	0.3977730120277796	0.0
0.7834332574175576	0.39864080008730846	0.0
0.7849340874126104	0.39950627564167607	0.0
0.7864349174076632	0.40036942607392345	0.0
0.787935747402716	0.4012302388160397	0.0
0.7894365773977688	0.402088701349096	0.0
0.7909374073928216	0.4029448012034769	0.0
0.7924382373878744	0.40379852595899907	0.0
0.7939390673829272	0.4046498632451221	0.0
0.7954398973779799	0.40549880074107475	0.0
0.7969407273730328	0.4063453261760538	0.0
0.7984415573680855	0.40718942732936525	0.0
0.7999423873631384	0.4080310920306361	0.0
0.8014432173581911	0.4088703081598937	0.0
0.8029440473532439	0.40970706364782755	0.0
0.8044448773482967	0.4105413464758852	0.0
0.8059457073433495	0.411373144676435	0.0
0.8074465373384024	0.41220244633296277	0.0
0.8089473673334551	0.41302923958021504	0.0
0.8104481973285078	0.4138535126043388	0.0
0.8119490273235607	0.4146752536430445	0.0
0.8134498573186134	0.41549445098577054	0.0
0.8149506873136664	0.4163110929738367	0.0
0.816451517308719	0.4171251680005997	0.0
0.8179523473037718	0.4179366645115994	0.0
0.8194531772988247	0.4187455710046938	0.0
0.8209540072938774	0.41955187603024485	0.0
0.8224548372889303	0.4203555681912281	0.0
0.8239556672839831	0.4211566361434385	0.0
0.8254564972790359	0.4219550685955867	0.0
0.8269573272740887	0.422750854309423	0.0
0.8284581572691414	0.4235439820999841	0.0
0.8299589872641943	0.42433444083560123	0.0
0.831459817259247	0.42512221943814477	0.0
0.8329606472542999	0.4259073068831679	0.0
0.8344614772493526	0.42668969219999153	0.0
0.8359623072444053	0.427469364471847	0.0
0.8374631372394582	0.42824631283607584	0.0
0.8389639672345109	0.4290205264841892	0.0
0.8404647972295638	0.4297919946620946	0.0
0.8419656272246165	0.43056070667013135	0.0
0.8434664572196693	0.43132665186329533	0.0
0.8449672872147221	0.4320898196513472	0.0
0.8464681172097749	0.4328501994988898	0.0
0.8479689472048277	0.43360778092560337	0.0
0.8494697771998805	0.43436255350628894	0.0
0.8509706071949332	0.4351145068710416	0.0
0.8524714371899861	0.4358636307053494	0.0
0.8539722671850388	0.4366099147502749	0.0
0.8554730971800917	0.4373533488025562	0.0
0.8569739271751444	0.43809392271472547	0.0
0.8584747571701972	0.43883162639523	0.0
0.85997558716525	0.4395664498085863	0.0
0.8614764171603028	0.4402983829754733	0.0
0.8629772471553557	0.44102741597289835	0.0
0.8644780771504084	0.4417535389342889	0.0
0.8659789071454613	0.44247674204959847	0.0
0.8674797371405141	0.44319701556548946	0.0
0.8689805671355667	0.4439143497854133	0.0
0.8704813971306197	0.4446287350696951	0.0
0.8719822271256723	0.44534016183571545	0.0
0.8734830571207253	0.4460486205580061	0.0
0.874983887115778	0.4467541017683814	0.0
0.8764847171108306	0.44745659605603755	0.0
0.8779855471058836	0.4481560940676679	0.0
0.8794863771009364	0.4488525865075845	0.0
0.8809872070959892	0.4495460641378351	0.0
0.882488037091042	0.45023651777830587	0.0
0.8839888670860947	0.4509239383068504	0.0
0.8854896970811476	0.451608316659407	0.0
0.8869905270762003	0.45228964383008596	0.0
0.8884913570712532	0.4529679108712992	0.0
0.8899921870663059	0.45364310889384274	0.0
0.8914930170613586	0.45431522906706684	0.0
0.8929938470564115	0.45498426261893876	0.0
0.8944946770514642	0.4556502008361279	0.0
0.8959955070465171	0.4563130350641797	0.0
0.8974963370415698	0.45697275670757853	0.0
0.8989971670366227	0.45762935722985654	0.0
0.9004979970316754	0.4582828281537271	0.0
0.9019988270267282	0.45893316106113136	0.0
0.903499657021781	0.4595803475933889	0.0
0.9050004870168338	0.4602243794513281	0.0
0.9065013170118867	0.46086524839531284	0.0
0.9080021470069394	0.46150294624539895	0.0
0.9095029770019921	0.46213746488141755	0.0
0.911003806997045	0.46276879624309397	0.0
0.9125046369920977	0.46339693233010926	0.0
0.9140054669871507	0.46402186520223127	0.0
0.9155062969822033	0.4646435869794114	0.0
0.9170071269772561	0.4652620898418752	0.0
0.918507956972309	0.46587736603025204	0.0
0.9200087869673617	0.46648940784557896	0.0
0.9215096169624146	0.4670982076494962	0.0
0.9230104469574674	0.4677037578643185	0.0
0.92451127695252	0.4683060509730931	0.0
0.926012106947573	0.46890507951974286	0.0
0.9275129369426257	0.4695008361091141	0.0
0.9290137669376786	0.47009331340711846	0.0
0.9305145969327313	0.47068250414077556	0.0
0.932015426927784	0.4712684010983288	0.0
0.9335162569228369	0.47185099712935313	0.0
0.9350170869178897	0.4724302851448312	0.0
0.9365179169129425	0.47300625811723007	0.0
0.9380187469079952	0.47357890908061967	0.0
0.9395195769030481	0.47414823113070304	0.0
0.9410204068981008	0.47471421742499587	0.0
0.9425212368931536	0.47527686118283363	0.0
0.9440220668882064	0.47583615568549487	0.0
0.9455228968832592	0.47639209427627693	0.0
0.947023726878312	0.4769446703606096	0.0
0.9485245568733648	0.4774938774061137	0.0
0.9500253868684175	0.4780397089426598	0.0
0.9515262168634704	0.47858215856249875	0.0
0.9530270468585231	0.4791212199203514	0.0
0.954527876853576	0.47965688673345	0.0
0.9560287068486287	0.48018915278165875	0.0
0.9575295368436815	0.48071801190749647	0.0
0.9590303668387343	0.48124345801629115	0.0
0.9605311968337871	0.48176548507620354	0.0
0.96203202682884	0.4822840871183669	0.0
0.9635328568238927	0.4827992582369033	0.0
0.9650336868189454	0.48331099258900057	0.0
0.9665345168139984	0.48381928439508703	0.0
0.968035346809051	0.4843241279388022	0.0
0.969536176804104	0.48482551756711495	0.0
0.9710370067991567	0.48532344769040436	0.0
0.9725378367942096	0.4858179127825189	0.0
0.9740386667892623	0.48630890738085447	0.0
0.975539496784315	0.486796426086441	0.0
0.9770403267793679	0.4872804635640304	0.0
0.9785411567744207	0.48776101454210885	0.0
0.9800419867694735	0.48823807381304823	0.0
0.9815428167645263	0.48871163623313735	0.0
0.983043646759579	0.48918169672262946	0.0
0.9845444767546319	0.4896482502658528	0.0
0.9860453067496846	0.49011129191127084	0.0
0.9875461367447375	0.4905708167715256	0.0
0.9890469667397902	0.4910268200235826	0.0
0.990547796734843	0.4914792969086723	0.0
0.9920486267298958	0.4919282427324828	0.0
0.9935494567249485	0.4923736528651351	0.0
0.9950502867200014	0.49281552274134177	0.0
0.9965511167150541	0.4932538478603972	0.0
0.9980519467101069	0.4936886237862195	0.0
0.9995527767051597	0.49411984614749915	0.0
1.0010536067002125	0.49454751063771374	0.0
1.0025544366952654	0.4949716130151908	0.0
1.0040552666903182	0.49539214910317536	0.0
1.005556096685371	0.4958091147899232	0.0
1.0070569266804237	0.49622250602868356	0.0
1.0085577566754764	0.4966323188378344	0.0
1.0100585866705294	0.49703854930092	0.0
1.0115594166655821	0.4974411935666958	0.0
1.0130602466606349	0.49784024784915715	0.0
1.0145610766556876	0.4982357084276991	0.0
1.0160619066507404	0.49862757164706	0.0
1.0175627366457933	0.49901583391745186	0.0
1.019063566640846	0.4994004917145465	0.0
1.0205643966358988	0.49978154157960236	0.0
1.0220652266309516	0.5001589801194416	0.0
1.0235660566260043	0.5005328040065956	0.0
1.0250668866210573	0.5009030099792835	0.0
1.02656771661611	0.5012695948414925	0.0
1.0280685466111628	0.5016325554629724	0.0
1.0295693766062155	0.5019918887793986	0.0
1.0310702066012682	0.5023475917923247	0.0
1.0325710365963212	0.5026996615692414	0.0
1.034071866591374	0.5030480952436907	0.0
1.035572696586427	0.5033928900152013	0.0
1.0370735265814794	0.5037340431494123	0.0
1.0385743565765322	0.5040715519781183	0.0
1.0400751865715852	0.5044054138993006	0.0
1.041576016566638	0.5047356263770922	0.0
1.0430768465616909	0.5050621869419915	0.0
1.0445776765567436	0.5053850931907173	0.0
1.0460785065517963	0.5057043427863706	0.0
1.047579336546849	0.5060199334584241	0.0
1.0490801665419018	0.5063318630027606	0.0
1.0505809965369548	0.5066401292817319	0.0
1.0520818265320075	0.5069447302241875	0.0
1.0535826565270603	0.5072456638254966	0.0
1.055083486522113	0.5075429281475468	0.0
1.0565843165171658	0.5078365213188889	0.0
1.0580851465122187	0.5081264415346589	0.0
1.0595859765072715	0.508412687056643	0.0
1.0610868065023242	0.5086952562133432	0.0
1.062587636497377	0.5089741473999624	0.0
1.0640884664924297	0.509249359078439	0.0
1.0655892964874827	0.5095208897774807	0.0
1.0670901264825354	0.5097887380926207	0.0
1.0685909564775882	0.5100529026861699	0.0
1.070091786472641	0.5103133822873179	0.0
1.0715926164676937	0.5105701756920883	0.0
1.0730934464627466	0.5108232817634261	0.0
1.0745942764577994	0.5110726994311712	0.0
1.0760951064528521	0.5113184276921199	0.0
1.0775959364479049	0.5115604656099481	0.0
1.0790967664429576	0.5117988123153681	0.0
1.0805975964380106	0.5120334670060237	0.0
1.0820984264330633	0.5122644289465799	0.0
1.0835992564281163	0.5124916974687292	0.0
1.0851000864231688	0.5127152719711247	0.0
1.0866009164182218	0.5129351519195061	0.0
1.0881017464132745	0.5131513368466478	0.0
1.0896025764083273	0.5133638263523698	0.0
1.0911034064033802	0.5135726201035606	0.0
1.0926042363984327	0.5137777178341632	0.0
1.0941050663934857	0.5139791193451962	0.0
1.0956058963885384	0.514176824504763	0.0
1.0971067263835912	0.5143708332480507	0.0
1.0986075563786442	0.5145611455773108	0.0
1.100108386373697	0.5147477615618912	0.0
1.1016092163687496	0.5149306813382502	0.0
1.1031100463638024	0.5151099051098896	0.0
1.1046108763588551	0.5152854331473576	0.0
1.106111706353908	0.5154572657883691	0.0
1.1076125363489608	0.5156254034376062	0.0
1.1091133663440136	0.515789846566846	0.0
1.1106141963390663	0.5159505957149542	0.0
1.112115026334119	0.5161076514878089	0.0
1.113615856329172	0.5162610145582971	0.0
1.1151166863242248	0.5164106856663435	0.0
1.1166175163192775	0.5165566656188826	0.0
1.1181183463143303	0.5166989552898151	0.0
1.1196191763093832	0.516837555619998	0.0
1.121120006304436	0.51697246761733	0.0
1.1226208362994887	0.5171036923565329	0.0
1.1241216662945415	0.5172312309793217	0.0
1.1256224962895942	0.517355084694262	0.0
1.1271233262846472	0.5174752547767847	0.0
1.1286241562797	0.5175917425691597	0.0
1.1301249862747527	0.5177045494805166	0.0
1.1316258162698054	0.5178136769867381	0.0
1.1331266462648582	0.5179191266304566	0.0
1.1346274762599111	0.518020900021047	0.0
1.1361283062549639	0.5181189988345745	0.0
1.1376291362500166	0.518213424813756	0.0
1.1391299662450696	0.5183041797679501	0.0
1.140630796240122	0.5183912655730696	0.0
1.142131626235175	0.5184746841716199	0.0
1.1436324562302278	0.5185544375726013	0.0
1.1451332862252805	0.5186305278514658	0.0
1.1466341162203335	0.51870295715013	0.0
1.1481349462153863	0.5187717276768664	0.0
1.149635776210439	0.5188368417062805	0.0
1.1511366062054917	0.5188983015792406	0.0
1.1526374362005447	0.5189561097029091	0.0
1.1541382661955975	0.5190102685505841	0.0
1.1556390961906502	0.5190607806617566	0.0
1.157139926185703	0.5191076486419595	0.0
1.1586407561807557	0.5191508751627463	0.0
1.1601415861758086	0.5191904629616689	0.0
1.1616424161708614	0.5192264148421817	0.0
1.1631432461659141	0.5192587336735742	0.0
1.1646440761609669	0.5192874223909456	0.0
1.1661449061560196	0.5193124839950949	0.0
1.1676457361510726	0.5193339215525321	0.0
1.1691465661461253	0.5193517381953241	0.0
1.170647396141178	0.5193659371210526	0.0
1.1721482261362308	0.5193765215927975	0.0
1.1736490561312836	0.5193834949390073	0.0
1.1751498861263365	0.5193868605534374	0.0
1.1766507161213893	0.5193866218950721	0.0
1.178151546116442	0.5193827824880822	0.0
1.1796523761114948	0.5193753459217025	0.0
1.1811532061065475	0.5193643158501825	0.0
1.1826540361016005	0.5193496959927015	0.0
1.1841548660966532	0.5193314901332817	0.0
1.185655696091706	0.5193097021206711	0.0
1.187156526086759	0.5192843358683613	0.0
1.1886573560818114	0.5192553953543545	0.0
1.1901581860768644	0.5192228846211661	0.0
1.1916590160719172	0.5191868077756959	0.0
1.1931598460669701	0.519147168989207	0.0
1.1946606760620229	0.5191039724971462	0.0
1.1961615060570754	0.5190572225990808	0.0
1.1976623360521284	0.5190069236586	0.0
1.199163166047181	0.5189530801032093	0.0
1.200663996042234	0.518895696424254	0.0
1.2021648260372868	0.5188347771767828	0.0
1.2036656560323395	0.518770326979492	0.0
1.2051664860273923	0.5187023505145414	0.0
1.206667316022445	0.5186308525275395	0.0
1.208168146017498	0.5185558378273447	0.0
1.2096689760125507	0.5184773112860072	0.0
1.2111698060076035	0.5183952778386811	0.0
1.2126706360026562	0.518309742483436	0.0
1.214171465997709	0.5182207102812058	0.0
1.215672295992762	0.5181281863556161	0.0
1.2171731259878147	0.5180321758929388	0.0
1.2186739559828674	0.5179326841418994	0.0
1.2201747859779202	0.5178297164136165	0.0
1.221675615972973	0.5177232780813674	0.0
1.2231764459680259	0.5176133745806201	0.0
1.2246772759630786	0.5175000114087951	0.0
1.2261781059581316	0.5173831941251792	0.0
1.2276789359531841	0.517262928350759	0.0
1.2291797659482369	0.5171392197681492	0.0
1.2306805959432898	0.5170120741213515	0.0
1.2321814259383426	0.5168814972157878	0.0
1.2336822559333955	0.516747494918011	0.0
1.235183085928448	0.5166100731555913	0.0
1.2366839159235008	0.5164692379170706	0.0
1.2381847459185538	0.5163249952517266	0.0
1.2396855759136065	0.5161773512694721	0.0
1.2411864059086595	0.5160263121406672	0.0
1.2426872359037122	0.5158718840960252	0.0
1.2441880658987647	0.5157140734264236	0.0
1.2456888958938177	0.5155528864828144	0.0
1.2471897258888704	0.5153883296759959	0.0
1.2486905558839234	0.5152204094764972	0.0
1.2501913858789762	0.5150491324144115	0.0
1.251692215874029	0.5148745050792862	0.0
1.2531930458690816	0.5146965341199334	0.0
1.2546938758641344	0.5145152262442025	0.0
1.2561947058591874	0.5143305882189272	0.0
1.25769553585424	0.5141426268697258	0.0
1.2591963658492928	0.5139513490808492	0.0
1.2606971958443456	0.5137567617949603	0.0
1.2621980258393983	0.5135588720130682	0.0
1.2636988558344513	0.5133576867942304	0.0
1.265199685829504	0.5131532132554975	0.0
1.2667005158245568	0.5129454585716795	0.0
1.2682013458196095	0.5127344299752126	0.0
1.2697021758146623	0.512520134755922	0.0
1.2712030058097152	0.5123025802609611	0.0
1.272703835804768	0.5120817738944764	0.0
1.2742046657998207	0.5118577231175784	0.0
1.2757054957948735	0.5116304354480967	0.0
1.2772063257899262	0.5113999184604012	0.0
1.2787071557849792	0.5111661797852101	0.0
1.280207985780032	0.5109292271094076	0.0
1.2817088157750849	0.5106890681758861	0.0
1.2832096457701374	0.5104457107833654	0.0
1.2847104757651902	0.5101991627861703	0.0
1.2862113057602431	0.5099494320940309	0.0
1.2877121357552959	0.5096965266719513	0.0
1.2892129657503488	0.5094404545399868	0.0
1.2907137957454016	0.509181223773016	0.0
1.292214625740454	0.508918842500613	0.0
1.293715455735507	0.5086533189068161	0.0
1.2952162857305598	0.5083846612298959	0.0
1.2967171157256128	0.5081128777622369	0.0
1.2982179457206655	0.5078379768500852	0.0
1.2997187757157183	0.507559966893376	0.0
1.301219605710771	0.507278856345478	0.0
1.3027204357058237	0.5069946537130725	0.0
1.3042212657008767	0.5067073675558837	0.0
1.3057220956959295	0.5064170064865405	0.0
1.3072229256909822	0.5061235791702575	0.0
1.308723755686035	0.5058270943247603	0.0
1.3102245856810877	0.5055275607199834	0.0
1.3117254156761406	0.5052249871778849	0.0
1.3132262456711934	0.5049193825722801	0.0
1.3147270756662461	0.5046107558285646	0.0
1.3162279056612989	0.5042991159235088	0.0
1.3177287356563516	0.5039844718851134	0.0
1.3192295656514046	0.50366683279233	0.0
1.3207303956464573	0.5033462077748654	0.0
1.32223122564151	0.5030226060129515	0.0
1.3237320556365628	0.5026960367371389	0.0
1.3252328856316156	0.5023665092280938	0.0
1.3267337156266685	0.5020340328163484	0.0
1.3282345456217213	0.5016986168820923	0.0
1.3297353756167742	0.5013602708549254	0.0
1.3312362056118268	0.5010190042137228	0.0
1.3327370356068795	0.5006748264863055	0.0
1.3342378656019325	0.5003277472492764	0.0
1.3357386955969852	0.49997777612778493	0.0
1.3372395255920382	0.499624922795248	0.0
1.3387403555870907	0.4992691969732309	0.0
1.3402411855821437	0.49891060843114854	0.0
1.3417420155771964	0.4985491669859965	0.0
1.3432428455722492	0.4981848825022499	0.0
1.3447436755673021	0.4978177648914852	0.0
1.3462445055623549	0.4974478241122564	0.0
1.3477453355574076	0.4970750701697944	0.0
1.3492461655524604	0.49669951311585686	0.0
1.350746995547513	0.4963211630483998	0.0
1.352247825542566	0.4959400301113869	0.0
1.3537486555376188	0.49555612449457	0.0
1.3552494855326715	0.4951694564332409	0.0
1.3567503155277243	0.49478003620798416	0.0
1.358251145522777	0.49438787414445495	0.0
1.35975197551783	0.49399298061312225	0.0
1.3612528055128827	0.4935953660290575	0.0
1.3627536355079355	0.49319504085167554	0.0
1.3642544655029882	0.4927920155844915	0.0
1.365755295498041	0.49238630077488604	0.0
1.367256125493094	0.4919779070139119	0.0
1.3687569554881467	0.49156684493594405	0.0
1.3702577854831994	0.49115312521853904	0.0
1.3717586154782522	0.49073675858217997	0.0
1.3732594454733051	0.4903177557899653	0.0
1.3747602754683579	0.48989612764742635	0.0
1.3762611054634106	0.4894718850022729	0.0
1.3777619354584634	0.48904503874414407	0.0
1.3792627654535161	0.4886155998043563	0.0
1.380763595448569	0.48818357915566807	0.0
1.3822644254436218	0.48774898781202897	0.0
1.3837652554386746	0.48731183682835005	0.0
1.3852660854337275	0.4868721373002153	0.0
1.38676691542878	0.4864299003636593	0.0
1.388267745423833	0.4859851371949423	0.0
1.3897685754188858	0.4855378590102735	0.0
1.3912694054139385	0.4850880770655924	0.0
1.3927702354089915	0.4846358026562684	0.0
1.3942710654040442	0.48418104711688836	0.0
1.395771895399097	0.48372382182100815	0.0
1.3972727253941497	0.4832641381809123	0.0
1.3987735553892024	0.4828020076473193	0.0
1.4002743853842554	0.482337441709181	0.0
1.4017752153793082	0.48187045189341293	0.0
1.403276045374361	0.48140104976461173	0.0
1.4047768753694136	0.48092924692486666	0.0
1.4062777053644664	0.48045505501347	0.0
1.4077785353595194	0.47997848570666596	0.0
1.409279365354572	0.4794995507174307	0.0
1.4107801953496248	0.47901826179516926	0.0
1.4122810253446776	0.4785346307255094	0.0
1.4137818553397306	0.4780486693300102	0.0
1.4152826853347833	0.47756038946591417	0.0
1.416783515329836	0.47706980302595803	0.0
1.4182843453248888	0.4765769219380407	0.0
1.4197851753199415	0.4760817581650364	0.0
1.4212860053149945	0.4755843237044537	0.0
1.4227868353100472	0.4750846305882558	0.0
1.4242876653051	0.4745826908826115	0.0
1.4257884953001527	0.47407851668760076	0.0
1.4272893252952055	0.4735721201369788	0.0
1.4287901552902584	0.4730635133979313	0.0
1.4302909852853112	0.4725527086708047	0.0
1.431791815280364	0.4720397181888677	0.0
1.4332926452754169	0.4715245542180533	0.0
1.4347934752704694	0.47100722905667547	0.0
1.4362943052655224	0.47048775503523854	0.0
1.4377951352605751	0.46996614451612206	0.0
1.4392959652556279	0.46944240989339936	0.0
1.4407967952506808	0.468916563592475	0.0
1.4422976252457334	0.4683886180699277	0.0
1.4437984552407863	0.4678585858132364	0.0
1.445299285235839	0.46732647934045624	0.0
1.446800115230892	0.4667923112000928	0.0
1.4483009452259448	0.4662560939707443	0.0
1.4498017752209975	0.4657178402608866	0.0
1.4513026052160503	0.4651775627085858	0.0
1.452803435211103	0.46463527398132565	0.0
1.454304265206156	0.46409098677568705	0.0
1.4558050952012087	0.46354471381708673	0.0
1.4573059251962615	0.4629964678595745	0.0
1.4588067551913142	0.462446261685555	0.0
1.460307585186367	0.46189410810551434	0.0
1.46180841518142	0.4613400199578017	0.0
1.4633092451764727	0.4607840101083778	0.0
1.4648100751715254	0.46022609145049487	0.0
1.4663109051665781	0.4596662769045539	0.0
1.4678117351616309	0.4591045794177723	0.0
1.4693125651566838	0.4585410119639327	0.0
1.4708133951517366	0.45797558754320716	0.0
1.4723142251467893	0.45740831918180525	0.0
1.473815055141842	0.4568392199317712	0.0
1.4753158851368948	0.45626830287073317	0.0
1.4768167151319478	0.4556955811016934	0.0
1.4783175451270005	0.4551210677526649	0.0
1.4798183751220533	0.45454477597654175	0.0
1.481319205117106	0.45396671895076574	0.0
1.4828200351121588	0.45338690987708097	0.0
1.4843208651072117	0.4528053619813348	0.0
1.4858216951022645	0.4522220885131973	0.0
1.4873225250973174	0.4516371027459168	0.0
1.4888233550923702	0.4510504179760709	0.0
1.4903241850874227	0.4504620475233052	0.0
1.4918250150824757	0.44987200473010824	0.0
1.4933258450775284	0.44928030296149146	0.0
1.4948266750725814	0.4486869556048604	0.0
1.4963275050676341	0.4480919760696477	0.0
1.4978283350626869	0.44749537778712134	0.0
1.4993291650577396	0.4468971742101665	0.0
1.5008299950527924	0.44629737881297327	0.0
1.5023308250478453	0.4456960050908223	0.0
1.503831655042898	0.4450930665598377	0.0
1.5053324850379508	0.44448857675672093	0.0
1.5068333150330036	0.4438825492385086	0.0
1.5083341450280563	0.44327499758236366	0.0
1.5098349750231093	0.44266593538526566	0.0
1.511335805018162	0.4420553762638162	0.0
1.5128366350132147	0.44144333385395695	0.0
1.5143374650082675	0.4408298218107589	0.0
1.5158382950033202	0.44021485380811215	0.0
1.5173391249983732	0.43959844353858246	0.0
1.518839954993426	0.4389806047130648	0.0
1.5203407849884787	0.43836135106057306	0.0
1.5218416149835314	0.4377406963280266	0.0
1.5233424449785842	0.43711865427998475	0.0
1.5248432749736371	0.43649523869837314	0.0
1.5263441049686899	0.4358704633822591	0.0
1.5278449349637429	0.43524434214763075	0.0
1.5293457649587954	0.43461688882712657	0.0
1.5308465949538481	0.43398811726980857	0.0
1.532347424948901	0.4333580413408667	0.0
1.5338482549439538	0.4327266749214728	0.0
1.5353490849390068	0.4320940319084575	0.0
1.5368499149340595	0.4314601262140698	0.0
1.538350744929112	0.4308249717657858	0.0
1.539851574924165	0.43018858250601544	0.0
1.5413524049192178	0.42955097239189466	0.0
1.5428532349142707	0.428912155395031	0.0
1.5443540649093235	0.42827214550122866	0.0
1.545854894904376	0.42763095671030527	0.0
1.547355724899429	0.42698860303580644	0.0
1.5488565548944817	0.42634509850477553	0.0
1.5503573848895347	0.4257004571575239	0.0
1.5518582148845874	0.42505469304740273	0.0
1.5533590448796402	0.4244078202405267	0.0
1.5548598748746927	0.4237598528155177	0.0
1.5563607048697456	0.4231108048633259	0.0
1.5578615348647986	0.4224606904869531	0.0
1.5593623648598514	0.42180952380119957	0.0
1.560863194854904	0.4211573189324447	0.0
1.5623640248499568	0.42050409001842837	0.0
1.5638648548450098	0.41984985120796714	0.0
1.5653656848400623	0.41919461666072444	0.0
1.5668665148351153	0.4185384005469753	0.0
1.568367344830168	0.41788121704737713	0.0
1.5698681748252208	0.41722308035275407	0.0
1.5713690048202735	0.4165640046637893	0.0
1.5728698348153265	0.4159040041908524	0.0
1.5743706648103795	0.41524309315368374	0.0
1.575871494805432	0.4145812857812579	0.0
1.5773723248004847	0.4139185963114531	0.0
1.5788731547955377	0.41325503899089355	0.0
1.5803739847905902	0.41259062807463043	0.0
1.5818748147856432	0.4119253778259407	0.0
1.5833756447806961	0.4112593025161214	0.0
1.584876474775749	0.4105924164241779	0.0
1.5863773047708014	0.40992473383665684	0.0
1.5878781347658544	0.4092562690473764	0.0
1.5893789647609073	0.4085870363571322	0.0
1.5908797947559599	0.4079170500736181	0.0
1.5923806247510128	0.4072463245110089	0.0
1.5938814547460656	0.40657487398982184	0.0
1.595382284741118	0.40590271283667395	0.0
1.596883114736171	0.4052298553840299	0.0
1.598383944731224	0.4045563159699192	0.0
1.5998847747262768	0.4038821089377965	0.0
1.6013856047213293	0.40320724863623114	0.0
1.6028864347163823	0.4025317494186593	0.0
1.6043872647114352	0.4018556256431838	0.0
1.6058880947064877	0.4011788916723755	0.0
1.6073889247015407	0.4005015618729463	0.0
1.6088897546965935	0.3998236506155395	0.0
1.6103905846916464	0.39914517227457513	0.0
1.611891414686699	0.3984661412278681	0.0
1.613392244681752	0.39778657185651745	0.0
1.6148930746768049	0.3971064785445859	0.0
1.6163939046718574	0.39642587567890436	0.0
1.6178947346669101	0.39574477764882543	0.0
1.619395564661963	0.39506319884600405	0.0
1.6208963946570156	0.3943811536641103	0.0
1.6223972246520686	0.3936986564986493	0.0
1.6238980546471213	0.3930157217466861	0.0
1.6253988846421743	0.392332363806607	0.0
1.6268997146372268	0.39164859707791805	0.0
1.6284005446322798	0.3909644359609829	0.0
1.6299013746273328	0.3902798948567694	0.0
1.6314022046223853	0.3895949881666124	0.0
1.632903034617438	0.38890973029204795	0.0
1.634403864612491	0.3882241356344617	0.0
1.6359046946075435	0.3875382185949524	0.0
1.6374055246025965	0.38685199357402145	0.0
1.6389063545976494	0.3861654749713898	0.0
1.6404071845927022	0.38547867718572126	0.0
1.6419080145877547	0.3847916146143867	0.0
1.6434088445828077	0.38410430165322956	0.0
1.6449096745778606	0.38341675269637343	0.0
1.6464105045729132	0.38272898213591666	0.0
1.6479113345679661	0.3820410043617179	0.0
1.6494121645630189	0.381352833761173	0.0
1.6509129945580718	0.38066448471894265	0.0
1.6524138245531244	0.37997597161678714	0.0
1.6539146545481773	0.3792873088332219	0.0
1.65541548454323	0.3785985107433484	0.0
1.6569163145382828	0.3779095917186194	0.0
1.6584171445333356	0.3772205661265489	0.0
1.6599179745283885	0.3765314483305181	0.0
1.661418804523441	0.37584225268952176	0.0
1.662919634518494	0.3751529935579331	0.0
1.6644204645135467	0.3744636852852445	0.0
1.6659212945085997	0.3737743422158729	0.0
1.6674221245036522	0.3730849786888595	0.0
1.6689229544987052	0.3723956090376739	0.0
1.6704237844937582	0.3717062475899422	0.0
1.6719246144888107	0.3710169086672447	0.0
1.6734254444838634	0.3703276065848482	0.0
1.6749262744789164	0.3696383556514852	0.0
1.676427104473969	0.36894917016906403	0.0
1.6779279344690219	0.36826006443252357	0.0
1.6794287644640746	0.3675710527294918	0.0
1.6809295944591276	0.3668821493400929	0.0
1.6824304244541801	0.3661933685366922	0.0
1.683931254449233	0.36550472458369176	0.0
1.685432084444286	0.3648162317372424	0.0
1.6869329144393386	0.36412790424500524	0.0
1.6884337444343913	0.3634397563459597	0.0
1.6899345744294443	0.3627518022700875	0.0
1.6914354044244972	0.3620640562382163	0.0
1.6929362344195498	0.36137653246167634	0.0
1.6944370644146027	0.3606892451421735	0.0
1.6959378944096555	0.36000220847144493	0.0
1.697438724404708	0.3593154366310723	0.0
1.698939554399761	0.35862894379223964	0.0
1.700440384394814	0.35794274411546345	0.0
1.7019412143898665	0.35725685175033883	0.0
1.7034420443849194	0.3565712808353739	0.0
1.7049428743799722	0.35588604549767067	0.0
1.7064437043750251	0.35520115985269024	0.0
1.7079445343700776	0.35451663800404565	0.0
1.7094453643651306	0.35383249404324	0.0
1.7109461943601834	0.35314874204940877	0.0
1.712447024355236	0.3524653960891075	0.0
1.7139478543502888	0.35178247021604614	0.0
1.7154486843453418	0.3510999784708223	0.0
1.7169495143403943	0.35041793488071526	0.0
1.7184503443354473	0.3497363534594585	0.0
1.7199511743305	0.3490552482069581	0.0
1.721452004325553	0.3483746331090428	0.0
1.7229528343206055	0.3476945221372615	0.0
1.7244536643156585	0.3470149292486036	0.0
1.7259544943107115	0.3463358683852411	0.0
1.727455324305764	0.3456573534743467	0.0
1.7289561543008167	0.34497939842778375	0.0
1.7304569842958697	0.3443020171418974	0.0
1.7319578142909227	0.34362522349729596	0.0
1.7334586442859752	0.3429490313585355	0.0
1.7349594742810281	0.34227345457392827	0.0
1.736460304276081	0.34159850697526917	0.0
1.7379611342711334	0.34092420237761584	0.0
1.7394619642661864	0.3402505545790502	0.0
1.7409627942612393	0.3395775773603766	0.0
1.7424636242562919	0.33890528448495494	0.0
1.7439644542513446	0.3382336896983905	0.0
1.7454652842463976	0.3375628067283577	0.0
1.7469661142414505	0.33689264928427787	0.0
1.748466944236503	0.3362232310571358	0.0
1.749967774231556	0.3355545657191927	0.0
1.7514686042266088	0.33488666692377383	0.0
1.7529694342216613	0.33421954830501266	0.0
1.7544702642167143	0.3335532234775975	0.0
1.7559710942117672	0.33288770603654283	0.0
1.75747192420682	0.3322230095569349	0.0
1.7589727542018727	0.3315591475936861	0.0
1.7604735841969255	0.3308961336812911	0.0
1.7619744141919784	0.33023398133360615	0.0
1.763475244187031	0.32957270404357514	0.0
1.764976074182084	0.32891231528297654	0.0
1.7664769041771367	0.32825282850222337	0.0
1.7679777341721894	0.3275942571300847	0.0
1.7694785641672421	0.3269366145734445	0.0
1.770979394162295	0.3262799142170984	0.0
1.772480224157348	0.3256241694234412	0.0
1.7739810541524006	0.32496939353229626	0.0
1.7754818841474533	0.32431559986058667	0.0
1.7769827141425063	0.32366280170219786	0.0
1.7784835441375588	0.32301101232764673	0.0
1.7799843741326118	0.32236024498387583	0.0
1.7814852041276648	0.3217105128940392	0.0
1.7829860341227173	0.32106182925717763	0.0
1.78448686411777	0.3204142072480702	0.0
1.785987694112823	0.3197676600169256	0.0
1.787488524107876	0.319122200689201	0.0
1.7889893541029285	0.31847784236527	0.0
1.7904901840979814	0.3178345981203153	0.0
1.7919910140930342	0.3171924810039487	0.0
1.7934918440880867	0.3165515040400422	0.0
1.7949926740831397	0.3159116802264989	0.0
1.7964935040781926	0.31527302253498557	0.0
1.7979943340732454	0.31463554391071025	0.0
1.7994951640682981	0.31399925727215017	0.0
1.8009959940633509	0.3133641755108654	0.0
1.8024968240584038	0.31273031149120467	0.0
1.8039976540534564	0.3120976780501259	0.0
1.8054984840485093	0.31146628799690296	0.0
1.806999314043562	0.31083615411292764	0.0
1.8085001440386146	0.3102072891514506	0.0
1.8100009740336676	0.3095797058373657	0.0
1.8115018040287205	0.30895341686694905	0.0
1.8130026340237735	0.3083284349076211	0.0
1.814503464018826	0.3077047725977493	0.0
1.8160042940138788	0.30708244254639105	0.0
1.8175051240089317	0.3064614573330437	0.0
1.8190059540039842	0.3058418295074301	0.0
1.8205067839990372	0.30522357158926794	0.0
1.82200761399409	0.30460669606801893	0.0
1.8235084439891427	0.303991215402669	0.0
1.8250092739841954	0.30337714202150323	0.0
1.8265101039792484	0.30276448832183683	0.0
1.8280109339743014	0.3021532666698605	0.0
1.8295117639693539	0.3015434894003145	0.0
1.8310125939644066	0.3009351688163432	0.0
1.8325134239594596	0.30032831718919584	0.0
1.8340142539545121	0.29972294675806227	0.0
1.835515083949565	0.29911906972981467	0.0
1.837015913944618	0.2985166982787433	0.0
1.8385167439396708	0.2979158445463887	0.0
1.8400175739347233	0.2973165206413192	0.0
1.8415184039297763	0.29671873863884457	0.0
1.8430192339248292	0.29612251058083544	0.0
1.8445200639198818	0.29552784847550434	0.0
1.8460208939149347	0.29493476429714527	0.0
1.8475217239099875	0.2943432699859371	0.0
1.84902255390504	0.29375337744773744	0.0
1.850523383900093	0.2931650985538237	0.0
1.852024213895146	0.292578445140689	0.0
1.8535250438901987	0.2919934290098228	0.0
1.8550258738852514	0.2914100619275076	0.0
1.8565267038803042	0.29082835562458254	0.0
1.8580275338753571	0.29024832179621723	0.0
1.8595283638704097	0.28966997210172396	0.0
1.8610291938654626	0.28909331816429507	0.0
1.8625300238605154	0.2885183715708312	0.0
1.864030853855568	0.28794514387171294	0.0
1.8655316838506208	0.28737364658058684	0.0
1.8670325138456738	0.28680389117413996	0.0
1.8685333438407268	0.2862358890919216	0.0
1.8700341738357793	0.285669651736098	0.0
1.871535003830832	0.28510519047126576	0.0
1.873035833825885	0.28454251662419755	0.0
1.8745366638209375	0.2839816414836973	0.0
1.8760374938159905	0.2834225763003553	0.0
1.8775383238110435	0.28286533228633526	0.0
1.8790391538060962	0.28230992061519367	0.0
1.8805399838011487	0.28175635242166486	0.0
1.8820408137962017	0.2812046388014646	0.0
1.8835416437912547	0.28065479081105027	0.0
1.8850424737863072	0.28010681946747196	0.0
1.88654330378136	0.27956073574811996	0.0
1.888044133776413	0.27901655059057096	0.0
1.8895449637714654	0.2784742748923554	0.0
1.8910457937665184	0.27793391951078467	0.0
1.8925466237615713	0.27739549526272705	0.0
1.894047453756624	0.2768590129244453	0.0
1.8955482837516766	0.2763244832313638	0.0
1.8970491137467296	0.2757919168778938	0.0
1.8985499437417825	0.2752613245172578	0.0
1.900050773736835	0.2747327167612674	0.0
1.901551603731888	0.27420610418013724	0.0
1.9030524337269408	0.2736814973023134	0.0
1.9045532637219937	0.27315890661427195	0.0
1.9060540937170463	0.2726383425603383	0.0
1.9075549237120992	0.2721198155424799	0.0
1.909055753707152	0.27160333592014985	0.0
1.9105565837022047	0.2710889140100871	0.0
1.9120574136972575	0.2705765600861402	0.0
1.9135582436923104	0.27006628437906427	0.0
1.915059073687363	0.26955809707637185	0.0
1.916559903682416	0.26905200832212756	0.0
1.9180607336774687	0.2685480282168028	0.0
1.9195615636725216	0.2680461668170542	0.0
1.9210623936675741	0.2675464341355701	0.0
1.922563223662627	0.2670488401408858	0.0
1.92406405365768	0.2665533947572436	0.0
1.9255648836527326	0.2660601078643597	0.0
1.9270657136477853	0.265568989297322	0.0
1.9285665436428383	0.2650800488463563	0.0
1.9300673736378908	0.26459329625670847	0.0
1.9315682036329438	0.2641087412284423	0.0
1.9330690336279968	0.26362639341627936	0.0
1.9345698636230495	0.2631462624294437	0.0
1.936070693618102	0.26266835783148645	0.0
1.937571523613155	0.262192689140138	0.0
1.939072353608208	0.2617192658271309	0.0
1.9405731836032605	0.261248097318052	0.0
1.9420740135983134	0.26077919299216445	0.0
1.9435748435933662	0.26031256218226706	0.0
1.9450756735884192	0.2598482141745301	0.0
1.9465765035834717	0.2593861582083442	0.0
1.9480773335785246	0.2589264034761619	0.0
1.9495781635735774	0.2584689591233424	0.0
1.95107899356863	0.2580138342480116	0.0
1.9525798235636829	0.257561037900893	0.0
1.9540806535587358	0.2571105790851793	0.0
1.9555814835537884	0.25666246675636795	0.0
1.9570823135488413	0.25621670982212125	0.0
1.958583143543894	0.2557733171421283	0.0
1.960083973538947	0.2553322975279373	0.0
1.9615848035339996	0.25489365974284295	0.0
1.9630856335290525	0.25445741250172177	0.0
1.9645864635241053	0.25402356447091057	0.0
1.966087293519158	0.25359212426804967	0.0
1.9675881235142108	0.25316310046195345	0.0
1.9690889535092637	0.25273650157247873	0.0
1.9705897835043162	0.25231233607037806	0.0
1.9720906134993692	0.2518906123771875	0.0
1.973591443494422	0.2514713388650744	0.0
1.975092273489475	0.25105452385670085	0.0
1.9765931034845274	0.2506401756251328	0.0
1.9780939334795804	0.2502283023936523	0.0
1.9795947634746334	0.2498189123356821	0.0
1.981095593469686	0.24941201357463982	0.0
1.9825964234647386	0.24900761418380118	0.0
1.9840972534597916	0.2486057221862113	0.0
1.9855980834548446	0.2482063455545203	0.0
1.987098913449897	0.24780949221090026	0.0
1.98859974344495	0.2474151700268963	0.0
1.9901005734400028	0.24702338682332947	0.0
1.9916014034350553	0.24663415037017272	0.0
1.9931022334301083	0.2462474683864322	0.0
1.9946030634251612	0.24586334854004616	0.0
1.9961038934202138	0.24548179844775467	0.0
1.9976047234152667	0.24510282567500533	0.0
1.9991055534103195	0.2447264377358138	0.0
2.0006063834053722	0.24435264209270902	0.0
2.002107213400425	0.24398144615656744	0.0
2.0036080433954777	0.24361285728654072	0.0
2.005108873390531	0.24324688278994525	0.0
2.006609703385583	0.24288352992215512	0.0
2.0081105333806364	0.2425228058865008	0.0
2.009611363375689	0.24216471783416244	0.0
2.011112193370742	0.24180927286408943	0.0
2.0126130233657946	0.24145647802287096	0.0
2.0141138533608474	0.24110634030467926	0.0
2.0156146833559005	0.2407588666511319	0.0
2.017115513350953	0.24041406395122705	0.0
2.0186163433460056	0.24007193904124144	0.0
2.020117173341059	0.23973249870462598	0.0
2.021618003336111	0.23939574967193716	0.0
2.0231188333311643	0.2390616986207421	0.0
2.024619663326217	0.23873035217550834	0.0
2.0261204933212698	0.23840171690753892	0.0
2.0276213233163225	0.23807579933488673	0.0
2.0291221533113752	0.23775260592226735	0.0
2.0306229833064284	0.237432143080964	0.0
2.0321238133014807	0.23711441716875853	0.0
2.0336246432965335	0.23679943448985255	0.0
2.0351254732915867	0.23648720129478285	0.0
2.036626303286639	0.23617772378034224	0.0
2.038127133281692	0.23587100808948894	0.0
2.039627963276745	0.23556706031130975	0.0
2.0411287932717976	0.23526588648089974	0.0
2.0426296232668504	0.23496749257932042	0.0
2.044130453261903	0.23467188453352267	0.0
2.0456312832569563	0.23437906821626084	0.0
2.0471321132520086	0.2340890494460283	0.0
2.048632943247062	0.233801833987005	0.0
2.0501337732421145	0.23351742754898394	0.0
2.0516346032371673	0.23323583578727525	0.0
2.05313543323222	0.23295706430268834	0.0
2.0546362632272728	0.23268111864143468	0.0
2.0561370932223255	0.23240800429507413	0.0
2.0576379232173783	0.23213772670044722	0.0
2.059138753212431	0.23187029123964326	0.0
2.060639583207484	0.23160570323989227	0.0
2.0621404132025365	0.23134396797355442	0.0
2.0636412431975897	0.23108509065804594	0.0
2.0651420731926424	0.23082907645577072	0.0
2.066642903187695	0.2305759304740631	0.0
2.068143733182748	0.2303256577651519	0.0
2.0696445631778007	0.2300782633261136	0.0
2.071145393172854	0.22983375209880233	0.0
2.072646223167906	0.22959212896980724	0.0
2.074147053162959	0.22935339877039326	0.0
2.075647883158012	0.22911756627646124	0.0
2.0771487131530644	0.2288846362085156	0.0
2.0786495431481176	0.22865461323158665	0.0
2.0801503731431703	0.22842750195521364	0.0
2.081651203138223	0.22820330693338092	0.0
2.083152033133276	0.22798203266449046	0.0
2.0846528631283285	0.22776368359128504	0.0
2.0861536931233817	0.2275482641008918	0.0
2.087654523118434	0.2273357785246668	0.0
2.089155353113487	0.22712623113824829	0.0
2.09065618310854	0.2269196261614752	0.0
2.0921570131035927	0.22671596775834654	0.0
2.0936578430986454	0.22651526003702604	0.0
2.095158673093698	0.2263175070497671	0.0
2.096659503088751	0.22612271279288354	0.0
2.0981603330838037	0.22593088120673252	0.0
2.0996611630788564	0.22574201617567055	0.0
2.1011619930739096	0.22555612152802812	0.0
2.102662823068962	0.22537320103608735	0.0
2.104163653064015	0.22519325841603538	0.0
2.105664483059068	0.22501629732794143	0.0
2.1071653130541206	0.2248423213757325	0.0
2.1086661430491733	0.22467133410717705	0.0
2.110166973044226	0.22450333901383845	0.0
2.111667803039279	0.2243383395310684	0.0
2.1131686330343316	0.2241763390379818	0.0
2.1146694630293843	0.2240173408574081	0.0
2.1161702930244375	0.22386134825590748	0.0
2.11767112301949	0.2237083644437263	0.0
2.119171953014543	0.2235583925747894	0.0
2.1206727830095957	0.2234114357466711	0.0
2.1221736130046485	0.22326749700058102	0.0
2.123674442999701	0.22312657932133323	0.0
2.125175272994754	0.22298868563735844	0.0
2.126676102989807	0.22285381882067543	0.0
2.1281769329848594	0.22272198168685187	0.0
2.129677762979912	0.22259317699504116	0.0
2.1311785929749654	0.22246740744791071	0.0
2.132679422970018	0.22234467569167538	0.0
2.134180252965071	0.2222249843160686	0.0
2.1356810829601236	0.22210833585433032	0.0
2.1371819129551763	0.22199473278319554	0.0
2.138682742950229	0.22188417752289413	0.0
2.140183572945282	0.2217766724371304	0.0
2.141684402940335	0.22167221983308383	0.0
2.1431852329353873	0.22157082196140487	0.0
2.1446860629304405	0.22147248101619688	0.0
2.1461868929254933	0.22137719913502169	0.0
2.147687722920546	0.22128497839889683	0.0
2.1491885529155987	0.221195820832286	0.0
2.1506893829106515	0.22110972840310417	0.0
2.1521902129057042	0.22102670302269448	0.0
2.153691042900757	0.22094674654584856	0.0
2.1551918728958097	0.2208698607707995	0.0
2.156692702890863	0.22079604743921682	0.0
2.158193532885915	0.22072530823622338	0.0
2.1596943628809684	0.22065764479037125	0.0
2.161195192876021	0.22059305867366805	0.0
2.162696022871074	0.2205315514015691	0.0
2.1641968528661266	0.22047312443297445	0.0
2.1656976828611794	0.2204177791702573	0.0
2.1671985128562326	0.22036551695922976	0.0
2.168699342851285	0.22031633908919682	0.0
2.1702001728463376	0.2202702467929243	0.0
2.171701002841391	0.22022724124666485	0.0
2.1732018328364435	0.2201873235701654	0.0
2.1747026628314963	0.22015049482666368	0.0
2.176203492826549	0.22011675602291383	0.0
2.1777043228216018	0.22008610810919313	0.0
2.1792051528166545	0.2200585519793012	0.0
2.1807059828117072	0.2200340884705867	0.0
2.1822068128067604	0.22001271836395125	0.0
2.1837076428018127	0.21999444238385582	0.0
2.1852084727968655	0.21997926119833888	0.0
2.1867093027919187	0.21996717541904137	0.0
2.1882101327869714	0.21995818560123537	0.0
2.189710962782024	0.2199522922437831	0.0
2.191211792777077	0.21994949578920986	0.0
2.1927126227721296	0.21994979662369687	0.0
2.1942134527671824	0.21995319507710048	0.0
2.195714282762235	0.21995969142297445	0.0
2.1972151127572883	0.21996928587858458	0.0
2.198715942752341	0.2199819786049391	0.0
2.200216772747394	0.21999776970678575	0.0
2.2017176027424465	0.22001665923265842	0.0
2.2032184327374993	0.22003864717488852	0.0
2.204719262732552	0.22006373346963992	0.0
2.2062200927276048	0.22009191799688788	0.0
2.2077209227226575	0.22012320058049215	0.0
2.2092217527177103	0.2201575809882152	0.0
2.210722582712763	0.2201950589317182	0.0
2.212223412707816	0.2202356340665971	0.0
2.213724242702869	0.2202793059924505	0.0
2.2152250726979217	0.22032607425284645	0.0
2.2167259026929744	0.22037593833537492	0.0
2.218226732688027	0.22042889767168755	0.0
2.21972756268308	0.2204849516375004	0.0
2.2212283926781327	0.2205440995526591	0.0
2.222729222673186	0.22060634068114648	0.0
2.224230052668238	0.22067167423110565	0.0
2.225730882663291	0.22074009935488653	0.0
2.227231712658344	0.22081161514908143	0.0
2.228732542653397	0.2208862206545535	0.0
2.2302333726484496	0.22096391485646488	0.0
2.2317342026435023	0.22104469668430515	0.0
2.233235032638555	0.22112856501193923	0.0
2.234735862633608	0.2212155186576422	0.0
2.2362366926286605	0.22130555638413738	0.0
2.2377375226237137	0.2213986768986328	0.0
2.2392383526187665	0.22149487885284014	0.0
2.2407391826138188	0.2215941608430413	0.0
2.242240012608872	0.22169652141011403	0.0
2.2437408426039247	0.22180195903955702	0.0
2.2452416725989774	0.22191047216156565	0.0
2.24674250259403	0.22202205915104753	0.0
2.248243332589083	0.22213671832766244	0.0
2.2497441625841357	0.22225444795588084	0.0
2.2512449925791884	0.22237524624501645	0.0
2.2527458225742416	0.22249911134926445	0.0
2.2542466525692944	0.22262604136778313	0.0
2.255747482564347	0.22275603434467858	0.0
2.2572483125594	0.22288908826909887	0.0
2.2587491425544526	0.22302520107526855	0.0
2.2602499725495053	0.22316437064251765	0.0
2.261750802544558	0.2233065947953664	0.0
2.263251632539611	0.22345187130353164	0.0
2.2647524625346636	0.2236001978820125	0.0
2.2662532925297163	0.22375157219111613	0.0
2.2677541225247695	0.22390599183653723	0.0
2.2692549525198222	0.22406345436938593	0.0
2.270755782514875	0.22422395728623118	0.0
2.2722566125099277	0.22438749802918384	0.0
2.2737574425049805	0.2245540739859358	0.0
2.275258272500033	0.22472368248982155	0.0
2.276759102495086	0.22489632081986013	0.0
2.278259932490139	0.2250719862008272	0.0
2.279760762485192	0.22525067580328811	0.0
2.281261592480244	0.22543238674369892	0.0
2.2827624224752974	0.2256171160844348	0.0
2.28426325247035	0.22580486083384607	0.0
2.285764082465403	0.22599561794632217	0.0
2.2872649124604556	0.2261893843223683	0.0
2.2887657424555083	0.22638615680865098	0.0
2.290266572450561	0.2265859321980757	0.0
2.291767402445614	0.22678870722983582	0.0
2.293268232440667	0.2269944785894953	0.0
2.2947690624357198	0.22720324290902655	0.0
2.2962698924307725	0.22741499676688734	0.0
2.2977707224258253	0.2276297366881217	0.0
2.299271552420878	0.227847459144374	0.0
2.3007723824159307	0.22806816055400014	0.0
2.3022732124109835	0.2282918372820865	0.0
2.3037740424060362	0.22851848564059968	0.0
2.3052748724010894	0.2287481018883744	0.0
2.3067757023961417	0.2289806822312319	0.0
2.308276532391195	0.22921622282205373	0.0
2.3097773623862476	0.22945471976084075	0.0
2.3112781923813004	0.22969616909478507	0.0
2.312779022376353	0.2299405668183624	0.0
2.314279852371406	0.23018790887338944	0.0
2.3157806823664586	0.2304381911491221	0.0
2.3172815123615114	0.2306914094823232	0.0
2.318782342356564	0.23094755965731192	0.0
2.3202831723516173	0.23120663740611086	0.0
2.3217840023466696	0.23146863840846643	0.0
2.323284832341723	0.23173355829196118	0.0
2.3247856623367755	0.23200139263209202	0.0
2.3262864923318283	0.23227213695234297	0.0
2.327787322326881	0.23254578672427761	0.0
2.3292881523219338	0.23282233736763053	0.0
2.3307889823169865	0.23310178425038608	0.0
2.3322898123120392	0.23338412268885883	0.0
2.3337906423070924	0.23366934794781538	0.0
2.335291472302145	0.2339574552405145	0.0
2.3367923022971975	0.23424843972882958	0.0
2.3382931322922507	0.23454229652334493	0.0
2.3397939622873034	0.2348390206834124	0.0
2.341294792282356	0.23513860721727597	0.0
2.342795622277409	0.23544105108218005	0.0
2.3442964522724616	0.23574634718441978	0.0
2.345797282267515	0.23605449037947407	0.0
2.347298112262567	0.2363654754720705	0.0
2.3487989422576203	0.2366792972163158	0.0
2.350299772252673	0.2369959503157903	0.0
2.351800602247726	0.23731542942361952	0.0
2.3533014322427785	0.2376377291426072	0.0
2.3548022622378313	0.23796284402532417	0.0
2.356303092232884	0.23829076857422907	0.0
2.3578039222279368	0.23862149724172335	0.0
2.3593047522229895	0.23895502443031752	0.0
2.3608055822180427	0.23929134449270825	0.0
2.362306412213095	0.2396304517318688	0.0
2.363807242208148	0.23997234040120036	0.0
2.365308072203201	0.24031700470460615	0.0
2.3668089021982537	0.24066443879660332	0.0
2.3683097321933064	0.2410146367824708	0.0
2.369810562188359	0.24136759271831426	0.0
2.371311392183412	0.24172330061121894	0.0
2.3728122221784647	0.24208175441932833	0.0
2.374313052173518	0.2424429480519923	0.0
2.3758138821685706	0.24280687536987672	0.0
2.377314712163623	0.24317353018505816	0.0
2.378815542158676	0.24354290626117067	0.0
2.380316372153729	0.2439149973135124	0.0
2.3818172021487816	0.24428979700917816	0.0
2.3833180321438343	0.2446672989671675	0.0
2.384818862138887	0.24504749675850845	0.0
2.3863196921339402	0.24543038390640717	0.0
2.3878205221289925	0.24581595388632183	0.0
2.3893213521240457	0.24620420012614783	0.0
2.3908221821190985	0.24659511600632317	0.0
2.3923230121141508	0.24698869485993463	0.0
2.393823842109204	0.24738492997287687	0.0
2.3953246721042567	0.2477838145839769	0.0
2.3968255020993094	0.24818534188511915	0.0
2.398326332094362	0.24858950502138272	0.0
2.399827162089415	0.24899629709115478	0.0
2.401327992084468	0.2494057111463233	0.0
2.4028288220795204	0.2498177401923552	0.0
2.4043296520745736	0.25023237718845937	0.0
2.4058304820696264	0.2506496150477205	0.0
2.407331312064679	0.2510694466372375	0.0
2.408832142059732	0.25149186477828545	0.0
2.4103329720547846	0.2519168622464161	0.0
2.4118338020498373	0.2523444317716331	0.0
2.41333463204489	0.25277456603853266	0.0
2.414835462039943	0.25320725768643393	0.0
2.416336292034996	0.2536424993095413	0.0
2.4178371220300483	0.2540802834570798	0.0
2.4193379520251015	0.2545206026334611	0.0
2.4208387820201542	0.25496344929841963	0.0
2.422339612015207	0.25540881586714625	0.0
2.4238404420102597	0.25585669471048267	0.0
2.4253412720053125	0.2563070781550496	0.0
2.4268421020003657	0.2567599584833977	0.0
2.428342931995418	0.2572153279341644	0.0
2.429843761990471	0.2576731787022346	0.0
2.431344591985524	0.25813350293889725	0.0
2.432845421980576	0.258596292752017	0.0
2.4343462519756294	0.2590615402061734	0.0
2.435847081970682	0.25952923732281347	0.0
2.437347911965735	0.25999937608046303	0.0
2.4388487419607876	0.26047194841482296	0.0
2.4403495719558403	0.26094694621896586	0.0
2.4418504019508935	0.2614243613435355	0.0
2.443351231945946	0.26190418559683826	0.0
2.444852061940999	0.2623864107450823	0.0
2.4463528919360518	0.26287102851247846	0.0
2.447853721931104	0.26335803058148033	0.0
2.4493545519261573	0.2638474085929136	0.0
2.45085538192121	0.26433915414611736	0.0
2.452356211916263	0.2648332587991941	0.0
2.4538570419113155	0.2653297140691171	0.0
2.4553578719063682	0.26582851143193437	0.0
2.4568587019014214	0.26632964232294787	0.0
2.4583595318964737	0.26683309813685263	0.0
2.459860361891527	0.267338870227968	0.0
2.4613611918865796	0.26784694991038666	0.0
2.4628620218816324	0.2683573284581427	0.0
2.464362851876685	0.2688699971054339	0.0
2.465863681871738	0.2693849470467568	0.0
2.467364511866791	0.2699021694370999	0.0
2.4688653418618434	0.2704216553921581	0.0
2.470366171856896	0.2709433959884738	0.0
2.4718670018519493	0.27146738226366	0.0
2.4733678318470016	0.27199360521655974	0.0
2.474868661842055	0.27252205580745675	0.0
2.4763694918371075	0.27305272495824107	0.0
2.4778703218321603	0.27358560355260836	0.0
2.479371151827213	0.27412068243624965	0.0
2.4808719818222658	0.2746579524170536	0.0
2.482372811817319	0.2751974042652752	0.0
2.4838736418123712	0.27573902871374595	0.0
2.4853744718074244	0.27628281645806174	0.0
2.486875301802477	0.27682875815677843	0.0
2.4883761317975295	0.2773768444316202	0.0
2.4898769617925827	0.2779270658676586	0.0
2.4913777917876354	0.27847941301348517	0.0
2.492878621782688	0.27903387638149063	0.0
2.494379451777741	0.2795904464479825	0.0
2.4958802817727936	0.2801491136534244	0.0
2.497381111767847	0.2807098684026245	0.0
2.498881941762899	0.281272701064929	0.0
2.5003827717579523	0.28183760197448765	0.0
2.501883601753005	0.28240456143035286	0.0
2.503384431748058	0.282973569696755	0.0
2.5048852617431105	0.2835446170032921	0.0
2.5063860917381633	0.28411769354513666	0.0
2.5078869217332165	0.28469278948324206	0.0
2.509387751728269	0.2852698949445221	0.0
2.5108885817233215	0.28584900002211316	0.0
2.5123894117183747	0.28643009477553266	0.0
2.513890241713427	0.2870131692309357	0.0
2.51539107170848	0.2875982133812706	0.0
2.516891901703533	0.2881852171865354	0.0
2.5183927316985857	0.2887741705739773	0.0
2.5198935616936384	0.2893650634382837	0.0
2.521394391688691	0.28995788564183184	0.0
2.5228952216837444	0.2905526270148624	0.0
2.5243960516787967	0.29114927735572377	0.0
2.5258968816738494	0.2917478264310786	0.0
2.5273977116689026	0.29234826397611935	0.0
2.528898541663955	0.2929505796947954	0.0
2.530399371659008	0.29355476326000174	0.0
2.531900201654061	0.29416080431383557	0.0
2.5334010316491136	0.2947686924677508	0.0
2.5349018616441663	0.29537841730286085	0.0
2.536402691639219	0.29598996837010855	0.0
2.5379035216342722	0.29660333519049165	0.0
2.5394043516293245	0.297218507255277	0.0
2.5409051816243777	0.29783547402624316	0.0
2.5424060116194305	0.2984542249358892	0.0
2.5439068416144828	0.29907474938765083	0.0
2.545407671609536	0.29969703675612963	0.0
2.5469085016045887	0.3003210763873234	0.0
2.5484093315996414	0.30094685759882567	0.0
2.549910161594694	0.3015743696800973	0.0
2.551410991589747	0.30220360189264434	0.0
2.5529118215848	0.3028345434702555	0.0
2.5544126515798524	0.30346718361925284	0.0
2.5559134815749056	0.30410151151865167	0.0
2.5574143115699584	0.3047375163204878	0.0
2.558915141565011	0.3053751871499583	0.0
2.560415971560064	0.30601451310569444	0.0
2.5619168015551166	0.30665548325997	0.0
2.5634176315501698	0.3072980866589316	0.0
2.564918461545222	0.3079423123228267	0.0
2.566419291540275	0.30858814924624456	0.0
2.567920121535328	0.309235586398329	0.0
2.5694209515303803	0.30988461272301937	0.0
2.5709217815254335	0.31053521713930454	0.0
2.5724226115204862	0.31118738854137834	0.0
2.573923441515539	0.31184111579894047	0.0
2.5754242715105917	0.3124963877573967	0.0
2.5769251015056445	0.31315319323810054	0.0
2.5784259315006977	0.31381152103858817	0.0
2.57992676149575	0.3144713599327785	0.0
2.581427591490803	0.3151326986712767	0.0
2.582928421485856	0.3157955259815194	0.0
2.584429251480908	0.3164598305680647	0.0
2.5859300814759614	0.31712560111278965	0.0
2.587430911471014	0.3177928262751455	0.0
2.588931741466067	0.3184614946923868	0.0
2.5904325714611196	0.3191315949798177	0.0
2.5919334014561723	0.31980311573098386	0.0
2.5934342314512255	0.3204760455179451	0.0
2.594935061446278	0.32115037289148846	0.0
2.596435891441331	0.3218260863813784	0.0
2.5979367214363838	0.32250317449658794	0.0
2.5994375514314365	0.32318162572551384	0.0
2.6009383814264893	0.32386142853622424	0.0
2.602439211421542	0.3245425713766942	0.0
2.6039400414165947	0.3252250426750185	0.0
2.6054408714116475	0.32590883083970046	0.0
2.6069417014067002	0.3265939242598291	0.0
2.6084425314017534	0.3272803113053179	0.0
2.6099433613968057	0.3279679803271871	0.0
2.611444191391859	0.32865691965774685	0.0
2.6129450213869116	0.3293471176108665	0.0
2.6144458513819644	0.3300385624821746	0.0
2.615946681377017	0.33073124254931635	0.0
2.61744751137207	0.3314251460722132	0.0
2.618948341367123	0.3321202612932347	0.0
2.6204491713621754	0.33281657643748563	0.0
2.621950001357228	0.3335140797130062	0.0
2.6234508313522813	0.33421275931101396	0.0
2.6249516613473336	0.33491260340618273	0.0
2.626452491342387	0.3356136001567996	0.0
2.6279533213374395	0.33631573770508516	0.0
2.6294541513324923	0.3370190041773405	0.0
2.630954981327545	0.33772338768423726	0.0
2.6324558113225978	0.33842887632103974	0.0
2.633956641317651	0.33913545816781093	0.0
2.6354574713127032	0.3398431212897111	0.0
2.6369583013077564	0.34055185373714547	0.0
2.638459131302809	0.34126164354608535	0.0
2.639959961297862	0.34197247873822534	0.0
2.6414607912929147	0.34268434732127406	0.0
2.6429616212879674	0.3433972372891412	0.0
2.64446245128302	0.34411113662222526	0.0
2.645963281278073	0.34482603328756	0.0
2.6474641112731256	0.3455419152391383	0.0
2.648964941268179	0.3462587704180986	0.0
2.650465771263231	0.34697658675296067	0.0
2.6519666012582843	0.34769535215986425	0.0
2.653467431253337	0.3484150545427846	0.0
2.65496826124839	0.3491356817937675	0.0
2.6564690912434425	0.34985722179321205	0.0
2.6579699212384953	0.3505796624100024	0.0
2.6594707512335485	0.3513029915018367	0.0
2.660971581228601	0.35202719691539963	0.0
2.6624724112236535	0.35275226648659963	0.0
2.6639732412187067	0.35347818804081144	0.0
2.665474071213759	0.3542049493931219	0.0
2.666974901208812	0.3549325383485087	0.0
2.668475731203865	0.355660942702113	0.0
2.6699765611989177	0.3563901502394494	0.0
2.6714773911939704	0.3571201487366325	0.0
2.672978221189023	0.3578509259606341	0.0
2.6744790511840764	0.3585824696694635	0.0
2.6759798811791287	0.35931476761245495	0.0
2.6774807111741814	0.3600478075304305	0.0
2.6789815411692346	0.36078157715595777	0.0
2.6804823711642873	0.36151606421359556	0.0
2.68198320115934	0.3622512564200942	0.0
2.683484031154393	0.36298714148462524	0.0
2.6849848611494456	0.3637237071090082	0.0
2.6864856911444983	0.36446094098792653	0.0
2.687986521139551	0.36519883080917587	0.0
2.6894873511346042	0.36593736425390294	0.0
2.6909881811296565	0.36667652899675957	0.0
2.6924890111247097	0.36741631270620007	0.0
2.6939898411197625	0.36815670304467857	0.0
2.695490671114815	0.3688976876688589	0.0
2.696991501109868	0.3696392542298263	0.0
2.6984923311049207	0.3703813903733768	0.0
2.6999931610999734	0.37112408374016964	0.0
2.701493991095026	0.3718673219660007	0.0
2.702994821090079	0.37261109268194886	0.0
2.704495651085132	0.37335538351470554	0.0
2.7059964810801844	0.3741001820866994	0.0
2.7074973110752376	0.37484547601635715	0.0
2.7089981410702904	0.3755912529183335	0.0
2.710498971065343	0.376337500403697	0.0
2.711999801060396	0.37708420608019544	0.0
2.7135006310554486	0.37783135755245534	0.0
2.7150014610505018	0.37857894242219625	0.0
2.716502291045554	0.37932694828840785	0.0
2.718003121040607	0.38007536274765624	0.0
2.71950395103566	0.38082417339420865	0.0
2.7210047810307127	0.3815733678203303	0.0
2.7225056110257655	0.3823229336164822	0.0
2.7240064410208182	0.3830728583714756	0.0
2.725507271015871	0.38382312967276605	0.0
2.7270081010109237	0.38457373510662246	0.0
2.7285089310059765	0.38532466225836925	0.0
2.7300097610010297	0.3860758987125961	0.0
2.731510590996082	0.3868274320533598	0.0
2.7330114209911347	0.3875792498643891	0.0
2.734512250986188	0.3883313397293307	0.0
2.7360130809812406	0.3890836892319437	0.0
2.7375139109762934	0.3898362859563191	0.0
2.739014740971346	0.390589117487087	0.0
2.740515570966399	0.39134217140961963	0.0
2.7420164009614516	0.39209543531029456	0.0
2.7435172309565043	0.39284889677661716	0.0
2.7450180609515575	0.39360254339750245	0.0
2.7465188909466103	0.39435636276346875	0.0
2.748019720941663	0.39511034246684507	0.0
2.7495205509367158	0.39586447010197595	0.0
2.7510213809317685	0.3966187332654296	0.0
2.7525222109268213	0.3973731195562334	0.0
2.754023040921874	0.39812761657606166	0.0
2.7555238709169267	0.39888221192942774	0.0
2.7570247009119795	0.39963689322393814	0.0
2.7585255309070322	0.40039164807041	0.0
2.7600263609020854	0.4011464640832349	0.0
2.761527190897138	0.4019013288804398	0.0
2.763028020892191	0.4026562300839659	0.0
2.7645288508872436	0.4034111553198446	0.0
2.7660296808822964	0.40416609221842353	0.0
2.767530510877349	0.40492102841458594	0.0
2.769031340872402	0.40567595154789393	0.0
2.770532170867455	0.4064308492628675	0.0
2.7720330008625074	0.4071857092091752	0.0
2.77353383085756	0.40794051904177514	0.0
2.7750346608526133	0.40869526642122994	0.0
2.776535490847666	0.409449939013805	0.0
2.778036320842719	0.4102045244917107	0.0
2.7795371508377715	0.41095901053335376	0.0
2.7810379808328243	0.4117133848234754	0.0
2.782538810827877	0.4124676350533533	0.0
2.7840396408229298	0.413221748921065	0.0
2.785540470817983	0.4139757141316448	0.0
2.7870413008130357	0.4147295183972866	0.0
2.7885421308080884	0.41548314943757464	0.0
2.790042960803141	0.41623659497962595	0.0
2.791543790798194	0.4169898427583574	0.0
2.7930446207932467	0.4177428805166847	0.0
2.7945454507882994	0.4184956960056448	0.0
2.796046280783352	0.4192482769847042	0.0
2.797547110778405	0.42000061122184346	0.0
2.7990479407734576	0.4207526864938798	0.0
2.800548770768511	0.4215044905865913	0.0
2.8020496007635636	0.422256011294912	0.0
2.8035504307586163	0.4230072364231658	0.0
2.805051260753669	0.42375815378525794	0.0
2.806552090748722	0.4245087512048262	0.0
2.8080529207437745	0.4252590165155452	0.0
2.8095537507388273	0.4260089375612129	0.0
2.81105458073388	0.4267585021960247	0.0
2.812555410728933	0.4275076982847145	0.0
2.8140562407239855	0.42825651370280804	0.0
2.8155570707190387	0.4290049363367504	0.0
2.8170579007140915	0.429752954084202	0.0
2.818558730709144	0.4305005548541512	0.0
2.820059560704197	0.4312477265671452	0.0
2.8215603906992497	0.4319944571554625	0.0
2.8230612206943024	0.432740734563362	0.0
2.824562050689355	0.4334865467472261	0.0
2.8260628806844084	0.4342318816757973	0.0
2.827563710679461	0.4349767273303313	0.0
2.8290645406745134	0.43572107170481617	0.0
2.8305653706695666	0.4364649028061932	0.0
2.8320662006646193	0.4372082086545056	0.0
2.833567030659672	0.4379509772831214	0.0
2.835067860654725	0.43869319673890583	0.0
2.8365686906497776	0.4394348550824618	0.0
2.8380695206448303	0.44017594038830404	0.0
2.839570350639883	0.44091644074501596	0.0
2.8410711806349362	0.4416563442555001	0.0
2.842572010629989	0.4423956390371318	0.0
2.8440728406250417	0.44313431322196745	0.0
2.8455736706200945	0.44387235495696237	0.0
2.847074500615147	0.4446097524041119	0.0
2.8485753306102	0.44534649374071517	0.0
2.8500761606052527	0.44608256715949296	0.0
2.8515769906003055	0.44681796086886966	0.0
2.853077820595358	0.44755266309306346	0.0
2.854578650590411	0.4482866620723653	0.0
2.856079480585464	0.449019946063282	0.0
2.857580310580517	0.4497525033387807	0.0
2.8590811405755696	0.4504843221884082	0.0
2.8605819705706224	0.4512153909185725	0.0
2.862082800565675	0.45194569785263056	0.0
2.863583630560728	0.45267523133119475	0.0
2.8650844605557806	0.45340397971224794	0.0
2.8665852905508338	0.4541319313713542	0.0
2.8680861205458865	0.45485907470186565	0.0
2.869586950540939	0.45558539811511345	0.0
2.871087780535992	0.4563108900405835	0.0
2.8725886105310448	0.45703553892611537	0.0
2.8740894405260975	0.45775933323809104	0.0
2.8755902705211502	0.45848226146166127	0.0
2.877091100516203	0.4592043121009092	0.0
2.8785919305112557	0.4599254736789803	0.0
2.8800927605063085	0.46064573473844406	0.0
2.8815935905013617	0.46136508384129415	0.0
2.8830944204964144	0.4620835095692565	0.0
2.8845952504914667	0.46280100052395895	0.0
2.88609608048652	0.463517545327108	0.0
2.8875969104815726	0.4642331326206739	0.0
2.8890977404766254	0.46494775106713393	0.0
2.890598570471678	0.46566138934958895	0.0
2.892099400466731	0.46637403617199125	0.0
2.893600230461784	0.46708568025935815	0.0
2.8951010604568364	0.46779631035794056	0.0
2.8966018904518895	0.46850591523542684	0.0
2.8981027204469423	0.46921448368108054	0.0
2.899603550441995	0.46992200450601374	0.0
2.9011043804370478	0.4706284665433256	0.0
2.9026052104321005	0.47133385864827976	0.0
2.9041060404271533	0.4720381696985745	0.0
2.905606870422206	0.4727413885944482	0.0
2.9071077004172587	0.47344350425890647	0.0
2.908608530412312	0.47414450563791294	0.0
2.9101093604073642	0.4748443817005606	0.0
2.9116101904024174	0.4755431214393013	0.0
2.91311102039747	0.4762407138701098	0.0
2.914611850392523	0.47693714803265985	0.0
2.9161126803875757	0.47763241299055725	0.0
2.9176135103826284	0.47832649783149056	0.0
2.919114340377681	0.4790193916674339	0.0
2.920615170372734	0.47971108363482523	0.0
2.922116000367787	0.4804015628947997	0.0
2.92361683036284	0.4810908186333574	0.0
2.925117660357892	0.48177884006150823	0.0
2.9266184903529453	0.4824656164155205	0.0
2.928119320347998	0.48315113695707723	0.0
2.929620150343051	0.48383539097349093	0.0
2.9311209803381035	0.48451836777787205	0.0
2.9326218103331563	0.48520005670932503	0.0
2.9341226403282095	0.48588044713315726	0.0
2.9356234703232618	0.4865595284409923	0.0
2.937124300318315	0.4872372900511183	0.0
2.9386251303133677	0.48791372140846667	0.0
2.94012596030842	0.48858881198496007	0.0
2.941626790303473	0.48926255127963725	0.0
2.943127620298526	0.4899349288188624	0.0
2.9446284502935787	0.4906059341565111	0.0
2.9461292802886314	0.49127555687414487	0.0
2.947630110283684	0.4919437865811831	0.0
2.9491309402787373	0.4926106129151651	0.0
2.9506317702737896	0.4932760255418548	0.0
2.952132600268843	0.4939400141554215	0.0
2.9536334302638956	0.4946025684787053	0.0
2.9551342602589483	0.49526367826338497	0.0
2.956635090254001	0.49592333329012933	0.0
2.958135920249054	0.4965815233687822	0.0
2.9596367502441066	0.49723823833857284	0.0
2.9611375802391593	0.4978934680682867	0.0
2.962638410234212	0.49854720245647494	0.0
2.9641392402292652	0.49919943143164097	0.0
2.9656400702243175	0.4998501449523614	0.0
2.9671409002193707	0.5004993330075483	0.0
2.9686417302144235	0.5011469856166496	0.0
2.970142560209476	0.5017930928297347	0.0
2.971643390204529	0.5024376447277292	0.0
2.9731442201995817	0.5030806314226416	0.0
2.974645050194635	0.5037220430576955	0.0
2.976145880189687	0.5043618698075599	0.0
2.9776467101847404	0.505000101878449	0.0
2.979147540179793	0.5056367295084179	0.0
2.9806483701748454	0.5062717429674466	0.0
2.9821492001698986	0.5069051325576515	0.0
2.9836500301649513	0.5075368886135269	0.0
2.985150860160004	0.5081670015020611	0.0
2.986651690155057	0.50879546162293	0.0
2.9881525201501096	0.5094222594086848	0.0
2.9896533501451628	0.5100473853249443	0.0
2.991154180140215	0.5106708298705542	0.0
2.9926550101352682	0.5112925835777818	0.0
2.994155840130321	0.5119126370125299	0.0
2.9956566701253737	0.5125309807744152	0.0
2.9971575001204265	0.5131476054970808	0.0
2.998658330115479	0.5137625018482652	0.0
3.000159160110532	0.5143756605300013	0.0
