0.0	0.0030016826310738333	-0.0
0.0015008299950527925	0.006003256748955562	0.0
0.003001659990105585	0.009004803574335168	0.0
0.004502489985158378	0.012006241558690591	0.0
0.00600331998021117	0.015007529710321904	0.0
0.0075041499752639615	0.018008627017080975	0.0
0.009004979970316756	0.021009491908499413	0.0
0.010505809965369548	0.024010082131549846	0.0
0.01200663996042234	0.027010355652002625	0.0
0.01350746995547513	0.0300102699917119	0.0
0.015008299950527923	0.03300978161230065	0.0
0.016509129945580715	0.03600884602959386	0.0
0.01800995994063351	0.03900741783464617	0.0
0.019510789935686303	0.04200545143012767	0.0
0.021011619930739096	0.04500290046601628	0.0
0.022512449925791888	0.04799971618555867	0.0
0.02401327992084468	0.050995846872024	0.0
0.02551410991589747	0.0539912359619897	0.0
0.02701493991095026	0.05698582347900598	0.0
0.028515769906003054	0.05997955352441238	0.0
0.030016599901055846	0.06297237693380424	0.0
0.03151742989610864	0.06596424746804519	0.0
0.03301825989116143	0.06895511918771241	0.0
0.03451908988621422	0.07194494619928772	0.0
0.03601991988126702	0.07493368265892103	0.0
0.037520749876319814	0.07792128277954045	0.0
0.03902157987137261	0.08090770082150874	0.0
0.0405224098664254	0.08389289109640476	0.0
0.04202323986147819	0.08687680797374665	0.0
0.043524069856530984	0.0898594058743577	0.0
0.045024899851583776	0.09284063926937758	0.0
0.04652572984663657	0.09582046267938224	0.0
0.04802655984168936	0.09879883067515263	0.0
0.04952738983674215	0.10177569788484316	0.0
0.05102821983179494	0.10475101899688612	0.0
0.05252904982684774	0.10772474875976187	0.0
0.05402987982190052	0.11069684198423711	0.0
0.05553070981695332	0.11366725354298135	0.0
0.05703153981200611	0.11663593836957648	0.0
0.05853236980705891	0.11960285145984545	0.0
0.06003319980211169	0.12256794787351011	0.0
0.06153402979716449	0.1255311827366154	0.0
0.06303485979221728	0.12849251124339828	0.0
0.06453568978727008	0.13145188865748225	0.0
0.06603651978232286	0.13440927031290942	0.0
0.06753734977737566	0.1373646116158866	0.0
0.06903817977242845	0.1403178680461274	0.0
0.07053900976748124	0.14326899515757185	0.0
0.07203983976253404	0.14621794857911796	0.0
0.07354066975758683	0.14916468401612223	0.0
0.07504149975263963	0.15210915725186078	0.0
0.07654232974769241	0.15505132414808767	0.0
0.07804315974274521	0.15799114064721845	0.0
0.079543989737798	0.16092856277386075	0.0
0.0810448197328508	0.16386354663551278	0.0
0.08254564972790358	0.1667960484243827	0.0
0.08404647972295638	0.16972602441859674	0.0
0.08554730971800917	0.17265343098351704	0.0
0.08704813971306197	0.17557822457320052	0.0
0.08854896970811475	0.1785003617318565	0.0
0.09004979970316755	0.18141979909446027	0.0
0.09155062969822034	0.1843364933880031	0.0
0.09305145969327314	0.18725040143342092	0.0
0.09455228968832592	0.1901614801466376	0.0
0.09605311968337872	0.19306968653942966	0.0
0.0975539496784315	0.19597497772008038	0.0
0.0990547796734843	0.19887731089563346	0.0
0.10055560966853709	0.20177664337283924	0.0
0.10205643966358988	0.20467293255844632	0.0
0.10355726965864268	0.20756613596132537	0.0
0.10505809965369547	0.21045621119300098	0.0
0.10655892964874826	0.2133431159692385	0.0
0.10805975964380105	0.21622680811165312	0.0
0.10956058963885383	0.21910724554737368	0.0
0.11106141963390664	0.2219843863107355	0.0
0.11256224962895943	0.22485818854455863	0.0
0.11406307962401221	0.22772861050066187	0.0
0.115563909619065	0.23059561054197283	0.0
0.11706473961411781	0.23345914714295316	0.0
0.1185655696091706	0.23631917889055723	0.0
0.12006639960422338	0.2391756644849392	0.0
0.1215672295992762	0.24202856274083528	0.0
0.12306805959432898	0.24487783258848697	0.0
0.12456888958938177	0.24772343307491151	0.0
0.12606971958443455	0.2505653233634955	0.0
0.12757054957948735	0.2534034627357024	0.0
0.12907137957454015	0.2562378105935016	0.0
0.13057220956959295	0.25906832645782396	0.0
0.13207303956464572	0.261894969970269	0.0
0.13357386955969852	0.2647177008950167	0.0
0.13507469955475132	0.26753647911855205	0.0
0.1365755295498041	0.27035126465067705	0.0
0.1380763595448569	0.2731620176248654	0.0
0.1395771895399097	0.2759686982991815	0.0
0.1410780195349625	0.2787712670585306	0.0
0.14257884953001526	0.28156968441405433	0.0
0.1440796795250681	0.2843639110044268	0.0
0.14558050952012086	0.28715390759611265	0.0
0.14708133951517366	0.28993963508373266	0.0
0.14858216951022643	0.29272105449138125	0.0
0.15008299950527926	0.29549812697356376	0.0
0.15158382950033203	0.2982708138158237	0.0
0.15308465949538483	0.3010390764346658	0.0
0.1545854894904376	0.3038028763788298	0.0
0.15608631948549043	0.30656217532971314	0.0
0.1575871494805432	0.3093169351025075	0.0
0.159087979475596	0.31206711764585504	0.0
0.16058880947064877	0.31481268504198856	0.0
0.1620896394657016	0.31755359950951695	0.0
0.16359046946075437	0.32028982340165374	0.0
0.16509129945580717	0.32302131920792454	0.0
0.16659212945085994	0.3257480495555445	0.0
0.16809295944591277	0.32846997720828564	0.0
0.16959378944096554	0.3311870650670895	0.0
0.17109461943601834	0.3338992761706282	0.0
0.17259544943107114	0.33660657369729713	0.0
0.17409627942612393	0.33930892096348	0.0
0.1755971094211767	0.342006281425049	0.0
0.1770979394162295	0.3446986186783961	0.0
0.1785987694112823	0.34738589646123813	0.0
0.1800995994063351	0.3500680786500258	0.0
0.18160042940138788	0.3527451292619266	0.0
0.18310125939644067	0.3554170124583528	0.0
0.18460208939149347	0.35808369253889405	0.0
0.18610291938654627	0.36074513394570445	0.0
0.18760374938159904	0.3634013012663037	0.0
0.18910457937665184	0.3660521592285484	0.0
0.19060540937170464	0.3686976727032985	0.0
0.19210623936675744	0.37133780670618405	0.0
0.1936070693618102	0.37397252639431067	0.0
0.195107899356863	0.37660179706930635	0.0
0.1966087293519158	0.37922558417781227	0.0
0.1981095593469686	0.3818438533104211	0.0
0.19961038934202138	0.3844565702023375	0.0
0.20111121933707418	0.38706370073149954	0.0
0.20261204933212695	0.38966521092088935	0.0
0.20411287932717975	0.39226106694039337	0.0
0.20561370932223258	0.3948512351041284	0.0
0.20711453931728535	0.39743568187187306	0.0
0.20861536931233815	0.4000143738489757	0.0
0.21011619930739095	0.4025872777848326	0.0
0.21161702930244372	0.4051543605765535	0.0
0.21311785929749652	0.4077155892648644	0.0
0.2146186892925493	0.4102709310372337	0.0
0.2161195192876021	0.4128203532291669	0.0
0.21762034928265492	0.41536382331896154	0.0
0.21912117927770766	0.4179013089320925	0.0
0.2206220092727605	0.4204327778405956	0.0
0.2221228392678133	0.4229581979613983	0.0
0.22362366926286606	0.4254775373598361	0.0
0.22512449925791886	0.42799076424627175	0.0
0.22662532925297169	0.43049784697659416	0.0
0.22812615924802443	0.43299875405454674	0.0
0.22962698924307726	0.4354934541288416	0.0
0.23112781923813	0.43798191599402353	0.0
0.23262864923318283	0.4404641085916553	0.0
0.23412947922823563	0.4429400010083902	0.0
0.2356303092232884	0.4454095624757306	0.0
0.2371311392183412	0.44787276237218476	0.0
0.238631969213394	0.4503295702200146	0.0
0.24013279920844677	0.452779955687522	0.0
0.2416336292034996	0.4552238885910872	0.0
0.2431344591985524	0.45766133889213284	0.0
0.24463528919360517	0.46009227669648073	0.0
0.24613611918865796	0.46251667225764	0.0
0.24763694918371074	0.4649344959745336	0.0
0.24913777917876354	0.4673457183912909	0.0
0.25063860917381636	0.46975031019845237	0.0
0.2521394391688691	0.4721482422315323	0.0
0.2536402691639219	0.47453948547228547	0.0
0.2551410991589747	0.4769240110462894	0.0
0.2566419291540275	0.47930179022787184	0.0
0.2581427591490803	0.4816727944333836	0.0
0.25964358914413305	0.48403699522228466	0.0
0.2611444191391859	0.4863943643001502	0.0
0.2626452491342387	0.48874487351777735	0.0
0.26414607912929144	0.49108849486963024	0.0
0.26564690912434424	0.4934252004940216	0.0
0.26714773911939704	0.4957549626740215	0.0
0.26864856911444984	0.4980777538312257	0.0
0.27014939910950264	0.5003935465371274	0.0
0.27165022910455544	0.5027023135057195	0.0
0.2731510590996082	0.5050040275890542	0.0
0.27465188909466104	0.5072986617859906	0.0
0.2761527190897138	0.5095861892372862	0.0
0.2776535490847666	0.511866583226577	0.0
0.2791543790798194	0.5141398171787934	0.0
0.2806552090748722	0.5164058646595723	0.0
0.282156039069925	0.5186646993783003	0.0
0.2836568690649778	0.5209162951870456	0.0
0.2851576990600305	0.5231606260778959	0.0
0.2866585290550834	0.5253976661825733	0.0
0.2881593590501362	0.5276273897749645	0.0
0.2896601890451889	0.5298497712685393	0.0
0.2911610190402417	0.5320647852197271	0.0
0.2926618490352945	0.5342724063232819	0.0
0.2941626790303473	0.5364726094124731	0.0
0.2956635090254001	0.5386653694650753	0.0
0.29716433902045286	0.5408506615944504	0.0
0.2986651690155057	0.5430284610515429	0.0
0.3001659990105585	0.5451987432307749	0.0
0.30166682900561126	0.5473614836621609	0.0
0.30316765900066406	0.5495166580147385	0.0
0.30466848899571686	0.5516642420991461	0.0
0.30616931899076966	0.553804211858742	0.0
0.30767014898582246	0.5559365433767156	0.0
0.3091709789808752	0.5580612128756356	0.0
0.31067180897592805	0.5601781967134803	0.0
0.31217263897098085	0.5622874713883572	0.0
0.3136734689660336	0.5643890135301046	0.0
0.3151742989610864	0.5664827999067591	0.0
0.3166751289561392	0.5685688074264996	0.0
0.318175958951192	0.570647013128196	0.0
0.3196767889462448	0.5727173941895071	0.0
0.32117761894129754	0.5747799279236797	0.0
0.3226784489363504	0.5768345917789868	0.0
0.3241792789314032	0.5788813633387268	0.0
0.32568010892645594	0.5809202203229905	0.0
0.32718093892150873	0.5829511405831317	0.0
0.32868176891656153	0.5849741021035705	0.0
0.33018259891161433	0.5869890830094778	0.0
0.33168342890666713	0.588996061556937	0.0
0.3331842589017199	0.5909950161318062	0.0
0.3346850888967727	0.5929859252581844	0.0
0.33618591889182553	0.5949687675938896	0.0
0.3376867488868783	0.596943521924361	0.0
0.3391875788819311	0.5989101671728897	0.0
0.3406884088769839	0.6008686823974991	0.0
0.34218923887203667	0.6028190467832689	0.0
0.34369006886708947	0.6047612396484345	0.0
0.34519089886214227	0.606695240446235	0.0
0.346691728857195	0.6086210287573555	0.0
0.34819255885224787	0.6105385842971928	0.0
0.3496933888473006	0.612447886915034	0.0
0.3511942188423534	0.61434891658621	0.0
0.3526950488374062	0.6162416534178605	0.0
0.354195878832459	0.6181260776504041	0.0
0.3556967088275118	0.6200021696550323	0.0
0.3571975388225646	0.6218699099313099	0.0
0.35869836881761735	0.6237292791084227	0.0
0.3601991988126702	0.6255802579466108	0.0
0.361700028807723	0.627422827338828	0.0
0.36320085880277575	0.6292569683058867	0.0
0.36470168879782855	0.6310826619966942	0.0
0.36620251879288135	0.6328998896936744	0.0
0.36770334878793415	0.6347086328033051	0.0
0.36920417878298695	0.6365088728616778	0.0
0.3707050087780397	0.6383005915382712	0.0
0.37220583877309255	0.6400837706277764	0.0
0.37370666876814534	0.6418583920545815	0.0
0.3752074987631981	0.6436244378740367	0.0
0.3767083287582509	0.6453818902653271	0.0
0.3782091587533037	0.6471307315371887	0.0
0.3797099887483565	0.6488709441303331	0.0
0.3812108187434093	0.6506025106096639	0.0
0.38271164873846203	0.6523254136681197	0.0
0.3842124787335149	0.6540396361282728	0.0
0.3857133087285677	0.6557451609411264	0.0
0.3872141387236204	0.6574419711817456	0.0
0.38871496871867317	0.6591300500556235	0.0
0.390215798713726	0.6608093808951379	0.0
0.3917166287087788	0.6624799471610505	0.0
0.3932174587038316	0.6641417324410207	0.0
0.3947182886988844	0.6657947204401795	0.0
0.3962191186939372	0.6674388950027003	0.0
0.39771994868898997	0.6690742400996583	0.0
0.39922077868404277	0.6707007398199448	0.0
0.40072160867909556	0.6723183783893744	0.0
0.40222243867414836	0.6739271401512023	0.0
0.4037232686692012	0.6755270095763317	0.0
0.4052240986642539	0.6771179712703916	0.0
0.4067249286593067	0.6787000099575777	0.0
0.4082257586543595	0.6802731104889268	0.0
0.40972658864941236	0.6818372578475783	0.0
0.41122741864446516	0.6833924371419722	0.0
0.41272824863951796	0.6849386335994264	0.0
0.4142290786345707	0.6864758325791372	0.0
0.4157299086296235	0.6880040195676101	0.0
0.4172307386246763	0.689523180174762	0.0
0.4187315686197291	0.691033300138529	0.0
0.4202323986147819	0.6925343653233687	0.0
0.42173322860983464	0.6940263617158942	0.0
0.42323405860488744	0.6955092754332736	0.0
0.42473488859994024	0.6969830927217178	0.0
0.42623571859499304	0.6984477999433024	0.0
0.42773654859004584	0.6999033835943679	0.0
0.4292373785850986	0.701349830299143	0.0
0.4307382085801514	0.7027871268005195	0.0
0.4322390385752042	0.704215259973709	0.0
0.43373986857025704	0.7056342168178273	0.0
0.43524069856530984	0.7070439844559895	0.0
0.43674152856036264	0.7084445501411117	0.0
0.4382423585554153	0.7098359012548181	0.0
0.4397431885504682	0.7112180252984714	0.0
0.441244018545521	0.7125909099006269	0.0
0.4427448485405738	0.7139545428246201	0.0
0.4442456785356266	0.7153089119489414	0.0
0.4457465085306793	0.7166540052858319	0.0
0.4472473385257321	0.7179898109710575	0.0
0.4487481685207849	0.7193163172635068	0.0
0.4502489985158377	0.7206335125587614	0.0
0.4517498285108905	0.7219413853729519	0.0
0.45325065850594337	0.7232399243471686	0.0
0.45475148850099606	0.724529118250314	0.0
0.45625231849604886	0.7258089559809306	0.0
0.45775314849110166	0.7270794265606808	0.0
0.4592539784861545	0.7283405191387495	0.0
0.4607548084812073	0.7295922229958332	0.0
0.46225563847626	0.7308345275342331	0.0
0.46375646847131285	0.7320674222810991	0.0
0.46525729846636565	0.7332908969006464	0.0
0.46675812846141845	0.7345049411810924	0.0
0.46825895845647125	0.7357095450297341	0.0
0.46975978845152405	0.7369046984903944	0.0
0.4712606184465768	0.7380903917312825	0.0
0.4727614484416296	0.7392666150474926	0.0
0.4742622784366824	0.7404333588626181	0.0
0.4757631084317352	0.741590613724672	0.0
0.477263938426788	0.7427383703167112	0.0
0.47876476842184074	0.7438766194471025	0.0
0.48026559841689354	0.7450053520449034	0.0
0.48176642841194633	0.7461245591768919	0.0
0.4832672584069992	0.7472342320331979	0.0
0.484768088402052	0.7483343619330094	0.0
0.4862689183971048	0.7494249403261667	0.0
0.4877697483921575	0.7505059587844412	0.0
0.48927057838721033	0.7515774090137944	0.0
0.49077140838226313	0.7526392828455033	0.0
0.49227223837731593	0.7536915722449292	0.0
0.49377306837236873	0.7547342693020095	0.0
0.4952738983674215	0.7557673662320596	0.0
0.49677472836247427	0.7567908553874076	0.0
0.49827555835752707	0.757804729245107	0.0
0.49977638835257987	0.7588089804091532	0.0
0.5012772183476327	0.7598036016175818	0.0
0.5027780483426855	0.7607885857327694	0.0
0.5042788783377382	0.7617639257468833	0.0
0.5057797083327911	0.7627296147877103	0.0
0.5072805383278438	0.7636856461072437	0.0
0.5087813683228967	0.7646320130854657	0.0
0.5102821983179494	0.7655687092330764	0.0
0.5117830283130022	0.7664957281939102	0.0
0.513283858308055	0.7674130637449808	0.0
0.5147846883031078	0.7683207097838093	0.0
0.5162855182981606	0.7692186603434079	0.0
0.5177863482932135	0.7701069095816282	0.0
0.5192871782882661	0.7709854517920423	0.0
0.520788008283319	0.7718542813986784	0.0
0.5222888382783718	0.772713392950751	0.0
0.5237896682734245	0.7735627811340547	0.0
0.5252904982684774	0.7744024407590593	0.0
0.5267913282635301	0.7752323667721227	0.0
0.5282921582585829	0.7760525542441636	0.0
0.5297929882536357	0.7768629983793274	0.0
0.5312938182486885	0.7776636945155242	0.0
0.5327946482437413	0.7784546381185471	0.0
0.5342954782387941	0.7792358247815034	0.0
0.5357963082338468	0.7800072502286088	0.0
0.5372971382288997	0.7807689103214305	0.0
0.5387979682239524	0.7815208010504211	0.0
0.5402987982190053	0.782262918533789	0.0
0.5417996282140581	0.7829952590211599	0.0
0.5433004582091109	0.7837178189001234	0.0
0.5448012882041636	0.784430594677116	0.0
0.5463021181992164	0.7851335829881333	0.0
0.5478029481942692	0.7858267806197284	0.0
0.5493037781893221	0.7865101844757797	0.0
0.5508046081843748	0.7871837915889586	0.0
0.5523054381794276	0.7878475991314515	0.0
0.5538062681744804	0.7885016043994783	0.0
0.5553070981695332	0.7891458048212522	0.0
0.556807928164586	0.7897801979548181	0.0
0.5583087581596388	0.7904047814970437	0.0
0.5598095881546916	0.791019553270716	0.0
0.5613104181497444	0.7916245112314839	0.0
0.5628112481447971	0.7922196534574092	0.0
0.56431207813985	0.7928049781654467	0.0
0.5658129081349027	0.793380483706325	0.0
0.5673137381299556	0.7939461685558613	0.0
0.5688145681250083	0.7945020313266012	0.0
0.570315398120061	0.79504807075431	0.0
0.5718162281151139	0.7955842857089886	0.0
0.5733170581101668	0.7961106751911883	0.0
0.5748178881052195	0.7966272383306391	0.0
0.5763187181002724	0.7971339743965326	0.0
0.5778195480953251	0.7976308827830049	0.0
0.5793203780903778	0.7981179630068841	0.0
0.5808212080854307	0.7985952147231183	0.0
0.5823220380804834	0.7990626377169238	0.0
0.5838228680755363	0.7995202319036445	0.0
0.585323698070589	0.7999679973311692	0.0
0.5868245280656418	0.800405934173007	0.0
0.5883253580606946	0.8008340427298573	0.0
0.5898261880557474	0.8012523234429217	0.0
0.5913270180508002	0.8016607768801648	0.0
0.592827848045853	0.8020594037238867	0.0
0.5943286780409057	0.8024482048034437	0.0
0.5958295080359586	0.8028271810857643	0.0
0.5973303380310114	0.8031963336401481	0.0
0.5988311680260642	0.803555663674187	0.0
0.600331998021117	0.8039051725433018	0.0
0.6018328280161698	0.8042448617136938	0.0
0.6033336580112225	0.8045747327808359	0.0
0.6048344880062754	0.8048947874752017	0.0
0.6063353180013281	0.8052050276531693	0.0
0.607836147996381	0.8055054552993883	0.0
0.6093369779914337	0.8057960725265637	0.0
0.6108378079864865	0.8060768815795465	0.0
0.6123386379815393	0.8063478848228225	0.0
0.6138394679765921	0.8066090847522833	0.0
0.6153402979716449	0.8068604839942748	0.0
0.6168411279666978	0.8071020852974737	0.0
0.6183419579617504	0.807333891539375	0.0
0.6198427879568033	0.8075559057325025	0.0
0.6213436179518561	0.8077681310059353	0.0
0.6228444479469089	0.807970570613889	0.0
0.6243452779419617	0.8081632279406203	0.0
0.6258461079370145	0.808346106506516	0.0
0.6273469379320672	0.8085192099400269	0.0
0.62884776792712	0.8086825419969467	0.0
0.6303485979221728	0.8088361065759934	0.0
0.6318494279172256	0.8089799076860325	0.0
0.6333502579122784	0.8091139494616442	0.0
0.6348510879073311	0.8092382361656161	0.0
0.636351917902384	0.8093527721806577	0.0
0.6378527478974367	0.8094575620211067	0.0
0.6393535778924896	0.809552610325848	0.0
0.6408544078875424	0.8096379218432275	0.0
0.6423552378825951	0.8097135014581496	0.0
0.6438560678776479	0.8097793541756255	0.0
0.6453568978727008	0.8098354851200065	0.0
0.6468577278677535	0.8098818995394493	0.0
0.6483585578628064	0.8099186028038032	0.0
0.6498593878578591	0.8099456004027741	0.0
0.6513602178529119	0.8099628979525416	0.0
0.6528610478479647	0.8099705011941679	0.0
0.6543618778430175	0.8099684159815226	0.0
0.6558627078380703	0.8099566482895857	0.0
0.6573635378331231	0.8099352042123648	0.0
0.6588643678281758	0.8099040899667983	0.0
0.6603651978232287	0.8098633118898637	0.0
0.6618660278182814	0.8098128764426864	0.0
0.6633668578133343	0.8097527901957778	0.0
0.6648676878083871	0.8096830598376985	0.0
0.6663685178034398	0.8096036921822303	0.0
0.6678693477984926	0.8095146941586444	0.0
0.6693701777935454	0.8094160728181902	0.0
0.6708710077885982	0.8093078353224078	0.0
0.6723718377836511	0.8091899889485642	0.0
0.6738726677787038	0.8090625410973318	0.0
0.6753734977737565	0.8089254992783492	0.0
0.6768743277688094	0.8087788711198061	0.0
0.6783751577638621	0.8086226643714826	0.0
0.679875987758915	0.808456886889649	0.0
0.6813768177539677	0.8082815466458064	0.0
0.6828776477490205	0.808096651731466	0.0
0.6843784777440733	0.8079022103480137	0.0
0.6858793077391261	0.80769823081066	0.0
0.6873801377341789	0.8074847215509366	0.0
0.6888809677292317	0.8072616911055618	0.0
0.6903817977242845	0.8070291481237641	0.0
0.6918826277193373	0.8067871013778243	0.0
0.69338345771439	0.8065355597447365	0.0
0.6948842877094429	0.8062745322037693	0.0
0.6963851177044957	0.8060040278612345	0.0
0.6978859476995485	0.8057240559297295	0.0
0.6993867776946012	0.8054346257192293	0.0
0.7008876076896541	0.8051357466609377	0.0
0.7023884376847068	0.8048274282947222	0.0
0.7038892676797597	0.8045096802618035	0.0
0.7053900976748124	0.8041825123204	0.0
0.7068909276698653	0.8038459343276536	0.0
0.708391757664918	0.8034999562544446	0.0
0.7098925876599708	0.803144588182414	0.0
0.7113934176550236	0.8027798402822531	0.0
0.7128942476500764	0.8024057228477726	0.0
0.7143950776451292	0.8020222462821658	0.0
0.715895907640182	0.8016294210808522	0.0
0.7173967376352347	0.8012272578459654	0.0
0.7188975676302876	0.8008157672850482	0.0
0.7203983976253404	0.8003949602102123	0.0
0.7218992276203932	0.7999648475515926	0.0
0.723400057615446	0.7995254403149186	0.0
0.7249008876104988	0.7990767496240425	0.0
0.7264017176055515	0.7986187867169616	0.0
0.7279025476006044	0.7981515629060719	0.0
0.7294033775956571	0.7976750896222006	0.0
0.73090420759071	0.7971893783956879	0.0
0.7324050375857627	0.7966944408601961	0.0
0.7339058675808154	0.7961902887486638	0.0
0.7354066975758683	0.7956769338884464	0.0
0.736907527570921	0.7951543882030945	0.0
0.7384083575659739	0.7946226637213862	0.0
0.7399091875610266	0.7940817725813112	0.0
0.7414100175560794	0.7935317270046871	0.0
0.7429108475511322	0.7929725393095216	0.0
0.7444116775461851	0.7924042219142062	0.0
0.7459125075412378	0.7918267873338081	0.0
0.7474133375362907	0.7912402481925495	0.0
0.7489141675313434	0.7906446172029798	0.0
0.7504149975263962	0.790039907154322	0.0
0.751915827521449	0.7894261309555786	0.0
0.7534166575165018	0.7888033016014477	0.0
0.7549174875115546	0.7881714321749864	0.0
0.7564183175066074	0.7875305358674753	0.0
0.7579191475016601	0.7868806259608138	0.0
0.759419977496713	0.786221715819092	0.0
0.7609208074917657	0.7855538188919429	0.0
0.7624216374868186	0.7848769487492958	0.0
0.7639224674818714	0.7841911190468402	0.0
0.7654232974769241	0.7834963435159705	0.0
0.7669241274719769	0.7827926359751898	0.0
0.7684249574670298	0.7820800103564883	0.0
0.7699257874620825	0.7813584806748628	0.0
0.7714266174571354	0.7806280610224627	0.0
0.772927447452188	0.7798887655982674	0.0
0.7744282774472409	0.7791406086818979	0.0
0.7759291074422937	0.7783836046401931	0.0
0.7774299374373463	0.7776177679377339	0.0
0.7789307674323993	0.7768431131162729	0.0
0.780431597427452	0.7760596548033551	0.0
0.7819324274225049	0.775267407729388	0.0
0.7834332574175576	0.7744663867056323	0.0
0.7849340874126104	0.7736566066231725	0.0
0.7864349174076632	0.7728380824675835	0.0
0.787935747402716	0.7720108293016432	0.0
0.7894365773977688	0.7711748622808544	0.0
0.7909374073928216	0.7703301966488088	0.0
0.7924382373878744	0.769476847730813	0.0
0.7939390673829272	0.768614830936726	0.0
0.7954398973779799	0.7677441617573986	0.0
0.7969407273730328	0.7668648557701381	0.0
0.7984415573680855	0.76597692864338	0.0
0.7999423873631384	0.765080396116522	0.0
0.8014432173581911	0.7641752740169677	0.0
0.8029440473532439	0.7632615782661138	0.0
0.8044448773482967	0.7623393248467775	0.0
0.8059457073433495	0.7614085298371106	0.0
0.8074465373384024	0.7604692094045844	0.0
0.8089473673334551	0.7595213797874385	0.0
0.8104481973285078	0.7585650573017076	0.0
0.8119490273235607	0.7576002583498556	0.0
0.8134498573186134	0.7566269994180023	0.0
0.8149506873136664	0.7556452970733706	0.0
0.816451517308719	0.7546551679624216	0.0
0.8179523473037718	0.7536566288042897	0.0
0.8194531772988247	0.7526496964044163	0.0
0.8209540072938774	0.751634387646618	0.0
0.8224548372889303	0.7506107195001195	0.0
0.8239556672839831	0.7495787090155447	0.0
0.8254564972790359	0.7485383732981064	0.0
0.8269573272740887	0.7474897295581189	0.0
0.8284581572691414	0.7464327950728145	0.0
0.8299589872641943	0.7453675871861848	0.0
0.831459817259247	0.7442941233544836	0.0
0.8329606472542999	0.7432124210934175	0.0
0.8344614772493526	0.7421224979783577	0.0
0.8359623072444053	0.741024371682966	0.0
0.8374631372394582	0.7399180599519257	0.0
0.8389639672345109	0.7388035806103677	0.0
0.8404647972295638	0.7376809515562417	0.0
0.8419656272246165	0.7365501907602021	0.0
0.8434664572196693	0.7354113162902327	0.0
0.8449672872147221	0.7342643462630056	0.0
0.8464681172097749	0.7331092988865964	0.0
0.8479689472048277	0.7319461924496403	0.0
0.8494697771998805	0.7307750453011379	0.0
0.8509706071949332	0.7295958758693486	0.0
0.8524714371899861	0.7284087026650086	0.0
0.8539722671850388	0.7272135442824914	0.0
0.8554730971800917	0.7260104193792247	0.0
0.8569739271751444	0.7247993466828464	0.0
0.8584747571701972	0.7235803450035003	0.0
0.85997558716525	0.7223534332249428	0.0
0.8614764171603028	0.7211186303089787	0.0
0.8629772471553557	0.7198759552954275	0.0
0.8644780771504084	0.7186254272825385	0.0
0.8659789071454613	0.7173670654578206	0.0
0.8674797371405141	0.7161008890898715	0.0
0.8689805671355667	0.714826917496106	0.0
0.8704813971306197	0.7135451700771048	0.0
0.8719822271256723	0.7122556663206641	0.0
0.8734830571207253	0.7109584257855636	0.0
0.874983887115778	0.7096534681031781	0.0
0.8764847171108306	0.708340812972453	0.0
0.8779855471058836	0.7070204801678943	0.0
0.8794863771009364	0.7056924895405762	0.0
0.8809872070959892	0.7043568610122066	0.0
0.882488037091042	0.7030136145797018	0.0
0.8839888670860947	0.7016627703204429	0.0
0.8854896970811476	0.7003043483788203	0.0
0.8869905270762003	0.6989383689707682	0.0
0.8884913570712532	0.6975648523826817	0.0
0.8899921870663059	0.6961838189853116	0.0
0.8914930170613586	0.6947952892276321	0.0
0.8929938470564115	0.6933992836090488	0.0
0.8944946770514642	0.6919958227168053	0.0
0.8959955070465171	0.6905849272190501	0.0
0.8974963370415698	0.6891666178435991	0.0
0.8989971670366227	0.6877409154019283	0.0
0.9004979970316754	0.6863078407688203	0.0
0.9019988270267282	0.6848674148886045	0.0
0.903499657021781	0.6834196588035164	0.0
0.9050004870168338	0.6819645936127996	0.0
0.9065013170118867	0.6805022404819216	0.0
0.9080021470069394	0.6790326206618735	0.0
0.9095029770019921	0.6775557554771028	0.0
0.911003806997045	0.6760716663186959	0.0
0.9125046369920977	0.6745803746489026	0.0
0.9140054669871507	0.6730819020133121	0.0
0.9155062969822033	0.6715762700278414	0.0
0.9170071269772561	0.6700635003900854	0.0
0.918507956972309	0.668543614850973	0.0
0.9200087869673617	0.6670166352371344	0.0
0.9215096169624146	0.6654825834737148	0.0
0.9230104469574674	0.6639414815391664	0.0
0.92451127695252	0.6623933514895766	0.0
0.926012106947573	0.6608382154556458	0.0
0.9275129369426257	0.659276095642843	0.0
0.9290137669376786	0.6577070143300847	0.0
0.9305145969327313	0.6561309938614797	0.0
0.932015426927784	0.6545480566685431	0.0
0.9335162569228369	0.6529582252573609	0.0
0.9350170869178897	0.6513615221987359	0.0
0.9365179169129425	0.6497579701427549	0.0
0.9380187469079952	0.6481475918037225	0.0
0.9395195769030481	0.6465304099809779	0.0
0.9410204068981008	0.6449064475516546	0.0
0.9425212368931536	0.6432757274523792	0.0
0.9440220668882064	0.6416382727025998	0.0
0.9455228968832592	0.6399941064018035	0.0
0.947023726878312	0.6383432517242558	0.0
0.9485245568733648	0.6366857319011776	0.0
0.9500253868684175	0.6350215702451667	0.0
0.9515262168634704	0.6333507901609325	0.0
0.9530270468585231	0.631673415116101	0.0
0.954527876853576	0.6299894686518946	0.0
0.9560287068486287	0.6282989743774059	0.0
0.9575295368436815	0.6266019559813496	0.0
0.9590303668387343	0.62489843723275	0.0
0.9605311968337871	0.623188441976569	0.0
0.96203202682884	0.621471994131658	0.0
0.9635328568238927	0.6197491176703289	0.0
0.9650336868189454	0.6180198366715477	0.0
0.9665345168139984	0.616284175285988	0.0
0.968035346809051	0.6145421577176882	0.0
0.969536176804104	0.6127938082611419	0.0
0.9710370067991567	0.6110391512820992	0.0
0.9725378367942096	0.6092782112171146	0.0
0.9740386667892623	0.6075110125831107	0.0
0.975539496784315	0.6057375799810785	0.0
0.9770403267793679	0.6039579380718956	0.0
0.9785411567744207	0.6021721115977983	0.0
0.9800419867694735	0.600380125389133	0.0
0.9815428167645263	0.598582004330315	0.0
0.983043646759579	0.5967777733865698	0.0
0.9845444767546319	0.594967457608673	0.0
0.9860453067496846	0.5931510821109753	0.0
0.9875461367447375	0.5913286721001102	0.0
0.9890469667397902	0.5895002528414477	0.0
0.990547796734843	0.587665849675456	0.0
0.9920486267298958	0.5858254880294679	0.0
0.9935494567249485	0.5839791934066937	0.0
0.9950502867200014	0.5821269913917481	0.0
0.9965511167150541	0.5802689076121272	0.0
0.9980519467101069	0.578404967791414	0.0
0.9995527767051597	0.5765351977407648	0.0
1.0010536067002125	0.5746596233306702	0.0
1.0025544366952654	0.5727782705089608	0.0
1.0040552666903182	0.5708911653114956	0.0
1.005556096685371	0.5689983338343036	0.0
1.0070569266804237	0.5670998022478921	0.0
1.0085577566754764	0.5651955968161437	0.0
1.0100585866705294	0.563285743866534	0.0
1.0115594166655821	0.5613702697876082	0.0
1.0130602466606349	0.5594492010678127	0.0
1.0145610766556876	0.5575225642674466	0.0
1.0160619066507404	0.5555903860093381	0.0
1.0175627366457933	0.5536526929934771	0.0
1.019063566640846	0.5517095119962679	0.0
1.0205643966358988	0.5497608698678733	0.0
1.0220652266309516	0.5478067935389532	0.0
1.0235660566260043	0.54584731002156	0.0
1.0250668866210573	0.5438824463878209	0.0
1.02656771661611	0.5419122297757504	0.0
1.0280685466111628	0.5399366874171786	0.0
1.0295693766062155	0.5379558466241854	0.0
1.0310702066012682	0.5359697347549407	0.0
1.0325710365963212	0.5339783792679136	0.0
1.034071866591374	0.5319818076811721	0.0
1.035572696586427	0.5299800475759525	0.0
1.0370735265814794	0.5279731266335881	0.0
1.0385743565765322	0.5259610726052768	0.0
1.0400751865715852	0.5239439132856499	0.0
1.041576016566638	0.5219216765740022	0.0
1.0430768465616909	0.5198943904383225	0.0
1.0445776765567436	0.5178620828980315	0.0
1.0460785065517963	0.5158247820694926	0.0
1.047579336546849	0.5137825161252667	0.0
1.0490801665419018	0.5117353133175357	0.0
1.0505809965369548	0.5096832019755263	0.0
1.0520818265320075	0.5076262104933141	0.0
1.0535826565270603	0.5055643673204795	0.0
1.055083486522113	0.5034977010035012	0.0
1.0565843165171658	0.5014262401603571	0.0
1.0580851465122187	0.49935001345445873	0.0
1.0595859765072715	0.4972690496430674	0.0
1.0610868065023242	0.49518337755086006	0.0
1.062587636497377	0.49309302606017	0.0
1.0640884664924297	0.4909980241274806	0.0
1.0655892964874827	0.4888984007912054	0.0
1.0670901264825354	0.48679418514479367	0.0
1.0685909564775882	0.4846854063520479	0.0
1.070091786472641	0.48257209364863785	0.0
1.0715926164676937	0.48045427633792503	0.0
1.0730934464627466	0.4783319837975418	0.0
1.0745942764577994	0.47620524547095544	0.0
1.0760951064528521	0.4740740908512665	0.0
1.0775959364479049	0.47193854951338265	0.0
1.0790967664429576	0.4697986511049887	0.0
1.0805975964380106	0.4676544253245316	0.0
1.0820984264330633	0.46550590195886743	0.0
1.0835992564281163	0.46335311083124997	0.0
1.0851000864231688	0.46119608184181954	0.0
1.0866009164182218	0.45903484497288394	0.0
1.0881017464132745	0.4568694302508467	0.0
1.0896025764083273	0.4546998677719025	0.0
1.0911034064033802	0.4525261876936604	0.0
1.0926042363984327	0.4503484202353178	0.0
1.0941050663934857	0.44816659568555905	0.0
1.0956058963885384	0.445980744395584	0.0
1.0971067263835912	0.44379089677021544	0.0
1.0986075563786442	0.44159708327890096	0.0
1.100108386373697	0.43939933446756535	0.0
1.1016092163687496	0.43719768092596767	0.0
1.1031100463638024	0.43499215328416413	0.0
1.1046108763588551	0.43278278227551464	0.0
1.106111706353908	0.43056959866959343	0.0
1.1076125363489608	0.42835263327498185	0.0
1.1091133663440136	0.42613191700399844	0.0
1.1106141963390663	0.42390748080517887	0.0
1.112115026334119	0.4216793556645317	0.0
1.113615856329172	0.41944757264094606	0.0
1.1151166863242248	0.41721216285846957	0.0
1.1166175163192775	0.4149731574825231	0.0
1.1181183463143303	0.4127305877262349	0.0
1.1196191763093832	0.41048448489382305	0.0
1.121120006304436	0.40823488031154476	0.0
1.1226208362994887	0.40598180535606426	0.0
1.1241216662945415	0.4037252914802649	0.0
1.1256224962895942	0.4014653701619123	0.0
1.1271233262846472	0.399202072942631	0.0
1.1286241562797	0.3969354314302651	0.0
1.1301249862747527	0.3946654772726898	0.0
1.1316258162698054	0.39239224214995544	0.0
1.1331266462648582	0.3901157578077174	0.0
1.1346274762599111	0.3878360560415429	0.0
1.1361283062549639	0.38555316868665224	0.0
1.1376291362500166	0.38326712763233106	0.0
1.1391299662450696	0.3809779648061211	0.0
1.140630796240122	0.3786857121901904	0.0
1.142131626235175	0.37639040181828193	0.0
1.1436324562302278	0.37409206574891674	0.0
1.1451332862252805	0.3717907361026566	0.0
1.1466341162203335	0.3694864450404806	0.0
1.1481349462153863	0.3671792247522981	0.0
1.149635776210439	0.36486910747012874	0.0
1.1511366062054917	0.362556125486495	0.0
1.1526374362005447	0.36024031112536	0.0
1.1541382661955975	0.35792169675105123	0.0
1.1556390961906502	0.3556003147711161	0.0
1.157139926185703	0.35327619761061774	0.0
1.1586407561807557	0.35094937775527124	0.0
1.1601415861758086	0.34861988772673663	0.0
1.1616424161708614	0.3462877600683042	0.0
1.1631432461659141	0.34395302736842287	0.0
1.1646440761609669	0.3416157222468981	0.0
1.1661449061560196	0.3392758773675773	0.0
1.1676457361510726	0.3369335254237357	0.0
1.1691465661461253	0.334588699120797	0.0
1.170647396141178	0.3322414312224104	0.0
1.1721482261362308	0.32989175452166947	0.0
1.1736490561312836	0.32753970182637676	0.0
1.1751498861263365	0.32518530597645345	0.0
1.1766507161213893	0.3228285998508844	0.0
1.178151546116442	0.32046961635312204	0.0
1.1796523761114948	0.31810838840904054	0.0
1.1811532061065475	0.3157449489799028	0.0
1.1826540361016005	0.3133793310500162	0.0
1.1841548660966532	0.3110115676163628	0.0
1.185655696091706	0.30864169172393197	0.0
1.187156526086759	0.3062697364271581	0.0
1.1886573560818114	0.30389573478530496	0.0
1.1901581860768644	0.3015197198976174	0.0
1.1916590160719172	0.2991417248954097	0.0
1.1931598460669701	0.29676178292572813	0.0
1.1946606760620229	0.2943799271375182	0.0
1.1961615060570754	0.29199619070885413	0.0
1.1976623360521284	0.28961060683325224	0.0
1.199163166047181	0.2872232087272179	0.0
1.200663996042234	0.284834029620259	0.0
1.2021648260372868	0.2824431027621266	0.0
1.2036656560323395	0.2800504614073187	0.0
1.2051664860273923	0.2776561388288311	0.0
1.206667316022445	0.275260168313632	0.0
1.208168146017498	0.27286258314853207	0.0
1.2096689760125507	0.2704634166574835	0.0
1.2111698060076035	0.26806270215829825	0.0
1.2126706360026562	0.26566047297524437	0.0
1.214171465997709	0.2632567624446873	0.0
1.215672295992762	0.2608516039170683	0.0
1.2171731259878147	0.25844503075063624	0.0
1.2186739559828674	0.2560370763067283	0.0
1.2201747859779202	0.25362777393605873	0.0
1.221675615972973	0.25121715700980274	0.0
1.2231764459680259	0.24880525891871658	0.0
1.2246772759630786	0.24639211303386838	0.0
1.2261781059581316	0.2439777527308708	0.0
1.2276789359531841	0.24156221139498862	0.0
1.2291797659482369	0.23914552239651066	0.0
1.2306805959432898	0.23672771912603346	0.0
1.2321814259383426	0.23430883497860117	0.0
1.2336822559333955	0.2318889033050559	0.0
1.235183085928448	0.22946795749344917	0.0
1.2366839159235008	0.22704603092860887	0.0
1.2381847459185538	0.22462315697396795	0.0
1.2396855759136065	0.2221993689879444	0.0
1.2411864059086595	0.21977470032633145	0.0
1.2426872359037122	0.2173491843420294	0.0
1.2441880658987647	0.21492285438698827	0.0
1.2456888958938177	0.2124957437992852	0.0
1.2471897258888704	0.21006788589463385	0.0
1.2486905558839234	0.2076393139873403	0.0
1.2501913858789762	0.2052100613922389	0.0
1.251692215874029	0.20278016141738003	0.0
1.2531930458690816	0.20034964732521215	0.0
1.2546938758641344	0.19791855237811357	0.0
1.2561947058591874	0.19548690984802772	0.0
1.25769553585424	0.1930547529835756	0.0
1.2591963658492928	0.19062211500337625	0.0
1.2606971958443456	0.1881890291249314	0.0
1.2621980258393983	0.18575552853928723	0.0
1.2636988558344513	0.18332164641455095	0.0
1.265199685829504	0.18088741591759958	0.0
1.2667005158245568	0.1784528701883266	0.0
1.2682013458196095	0.1760180423385683	0.0
1.2697021758146623	0.17358296547668733	0.0
1.2712030058097152	0.17114767267486722	0.0
1.272703835804768	0.16871219698008358	0.0
1.2742046657998207	0.1662765714443851	0.0
1.2757054957948735	0.16384082907504843	0.0
1.2772063257899262	0.16140500285250992	0.0
1.2787071557849792	0.15896912572951896	0.0
1.280207985780032	0.15653323064251753	0.0
1.2817088157750849	0.1540973505123873	0.0
1.2832096457701374	0.15166151822323273	0.0
1.2847104757651902	0.14922576661624803	0.0
1.2862113057602431	0.1467901285202046	0.0
1.2877121357552959	0.1443546367438697	0.0
1.2892129657503488	0.14191932404424348	0.0
1.2907137957454016	0.13948422315821155	0.0
1.292214625740454	0.13704936680155985	0.0
1.293715455735507	0.13461478763470575	0.0
1.2952162857305598	0.13218051830028538	0.0
1.2967171157256128	0.1297465914165559	0.0
1.2982179457206655	0.1273130395595977	0.0
1.2997187757157183	0.12487989526242002	0.0
1.301219605710771	0.12244719103232415	0.0
1.3027204357058237	0.12001495934623754	0.0
1.3042212657008767	0.11758323264521714	0.0
1.3057220956959295	0.11515204331826795	0.0
1.3072229256909822	0.11272142372355762	0.0
1.308723755686035	0.11029140619426855	0.0
1.3102245856810877	0.10786202300181316	0.0
1.3117254156761406	0.10543330640126122	0.0
1.3132262456711934	0.10300528860109723	0.0
1.3147270756662461	0.10057800175012424	0.0
1.3162279056612989	0.09815147798186546	0.0
1.3177287356563516	0.09572574939014572	0.0
1.3192295656514046	0.09330084801200539	0.0
1.3207303956464573	0.09087680584441846	0.0
1.32223122564151	0.0884536548408886	0.0
1.3237320556365628	0.0860314269203491	0.0
1.3252328856316156	0.08361015395322074	0.0
1.3267337156266685	0.08118986775958154	0.0
1.3282345456217213	0.0787706001100853	0.0
1.3297353756167742	0.07635238275064996	0.0
1.3312362056118268	0.07393524737515081	0.0
1.3327370356068795	0.07151922561607602	0.0
1.3342378656019325	0.06910434907569085	0.0
1.3357386955969852	0.06669064928800841	0.0
1.3372395255920382	0.06427815775769607	0.0
1.3387403555870907	0.061866905953446294	0.0
1.3402411855821437	0.0594569252583306	0.0
1.3417420155771964	0.05704824703569747	0.0
1.3432428455722492	0.05464090259287416	0.0
1.3447436755673021	0.0522349231737545	0.0
1.3462445055623549	0.04983033998476266	0.0
1.3477453355574076	0.04742718418616007	0.0
1.3492461655524604	0.04502548688290475	0.0
1.350746995547513	0.042625279111258074	0.0
1.352247825542566	0.04022659187517058	0.0
1.3537486555376188	0.037829456127201844	0.0
1.3552494855326715	0.035433902759399005	0.0
1.3567503155277243	0.03303996261209474	0.0
1.358251145522777	0.03064766647078937	0.0
1.35975197551783	0.028257045069847664	0.0
1.3612528055128827	0.025868129091794534	0.0
1.3627536355079355	0.023480949156879982	0.0
1.3642544655029882	0.021095535831264445	0.0
1.365755295498041	0.018711919643562946	0.0
1.367256125493094	0.016330131046646823	0.0
1.3687569554881467	0.013950200435361715	0.0
1.3702577854831994	0.011572158178103642	0.0
1.3717586154782522	0.009196034560098987	0.0
1.3732594454733051	0.0068218598077045	0.0
1.3747602754683579	0.004449664107306572	0.0
1.3762611054634106	0.00207947758325	0.0
1.3777619354584634	-0.0002886697012780548	0.0
1.3792627654535161	-0.0026547477396552943	0.0
1.380763595448569	-0.005018726581314692	0.0
1.3822644254436218	-0.007380576329837241	0.0
1.3837652554386746	-0.009740267155468496	0.0
1.3852660854337275	-0.012097769292527982	0.0
1.38676691542878	-0.014453053018256168	0.0
1.388267745423833	-0.016806088670846153	0.0
1.3897685754188858	-0.019156846647288783	0.0
1.3912694054139385	-0.02150529741125562	0.0
1.3927702354089915	-0.023851411490874497	0.0
1.3942710654040442	-0.026195159461541107	0.0
1.395771895399097	-0.028536511955106536	0.0
1.3972727253941497	-0.03087543967516776	0.0
1.3987735553892024	-0.033211913383884906	0.0
1.4002743853842554	-0.03554590389362311	0.0
1.4017752153793082	-0.0378773820941411	0.0
1.403276045374361	-0.04020631892554516	0.0
1.4047768753694136	-0.042532685380662016	0.0
1.4062777053644664	-0.04485645252581866	0.0
1.4077785353595194	-0.04717759147759221	0.0
1.409279365354572	-0.04949607342017176	0.0
1.4107801953496248	-0.0518118696007136	0.0
1.4122810253446776	-0.05412495132536804	0.0
1.4137818553397306	-0.056435289973319536	0.0
1.4152826853347833	-0.05874285696257875	0.0
1.416783515329836	-0.061047623778044346	0.0
1.4182843453248888	-0.06334956197077213	0.0
1.4197851753199415	-0.06564864316089586	0.0
1.4212860053149945	-0.06794483903524856	0.0
1.4227868353100472	-0.07023812131670243	0.0
1.4242876653051	-0.0725284618024698	0.0
1.4257884953001527	-0.07481583235964517	0.0
1.4272893252952055	-0.07710020490869701	0.0
1.4287901552902584	-0.0793815514347741	0.0
1.4302909852853112	-0.08165984398554987	0.0
1.431791815280364	-0.08393505466740481	0.0
1.4332926452754169	-0.08620715566029119	0.0
1.4347934752704694	-0.08847611919535187	0.0
1.4362943052655224	-0.090741917565554	0.0
1.4377951352605751	-0.09300452312259899	0.0
1.4392959652556279	-0.09526390829278081	0.0
1.4407967952506808	-0.09752004556890242	0.0
1.4422976252457334	-0.0997729074807383	0.0
1.4437984552407863	-0.1020224666507017	0.0
1.445299285235839	-0.10426869574452541	0.0
1.446800115230892	-0.10651156748251239	0.0
1.4483009452259448	-0.1087510546693681	0.0
1.4498017752209975	-0.11098713017069356	0.0
1.4513026052160503	-0.11321976689895202	0.0
1.452803435211103	-0.1154489378245512	0.0
1.454304265206156	-0.11767461600540263	0.0
1.4558050952012087	-0.11989677454776082	0.0
1.4573059251962615	-0.1221153866118932	0.0
1.4588067551913142	-0.12433042543572934	0.0
1.460307585186367	-0.1265418643148666	0.0
1.46180841518142	-0.1287496765954108	0.0
1.4633092451764727	-0.13095383570787636	0.0
1.4648100751715254	-0.13315431513101914	0.0
1.4663109051665781	-0.13535108839605473	0.0
1.4678117351616309	-0.1375441291226593	0.0
1.4693125651566838	-0.13973341096710104	0.0
1.4708133951517366	-0.14191890765578355	0.0
1.4723142251467893	-0.14410059299424874	0.0
1.473815055141842	-0.1462784408336445	0.0
1.4753158851368948	-0.14845242507311268	0.0
1.4768167151319478	-0.15062251969733176	0.0
1.4783175451270005	-0.15278869874992818	0.0
1.4798183751220533	-0.154950936323554	0.0
1.481319205117106	-0.1571092065985075	0.0
1.4828200351121588	-0.15926348379814123	0.0
1.4843208651072117	-0.16141374220059942	0.0
1.4858216951022645	-0.1635599561540136	0.0
1.4873225250973174	-0.1657021000661142	0.0
1.4888233550923702	-0.16784014840999767	0.0
1.4903241850874227	-0.1699740757161062	0.0
1.4918250150824757	-0.17210385659196398	0.0
1.4933258450775284	-0.1742294656902869	0.0
1.4948266750725814	-0.17635087772461777	0.0
1.4963275050676341	-0.178468067490459	0.0
1.4978283350626869	-0.18058100981581615	0.0
1.4993291650577396	-0.18268967960140234	0.0
1.5008299950527924	-0.18479405181949118	0.0
1.5023308250478453	-0.18689410149235627	0.0
1.503831655042898	-0.18898980370962332	0.0
1.5053324850379508	-0.19108113362670362	0.0
1.5068333150330036	-0.19316806644588594	0.0
1.5083341450280563	-0.19525057743892654	0.0
1.5098349750231093	-0.19732864194242458	0.0
1.511335805018162	-0.1994022353487138	0.0
1.5128366350132147	-0.20147133311137996	0.0
1.5143374650082675	-0.20353591075481875	0.0
1.5158382950033202	-0.20559594385188137	0.0
1.5173391249983732	-0.20765140803614301	0.0
1.518839954993426	-0.2097022790243433	0.0
1.5203407849884787	-0.21174853257210172	0.0
1.5218416149835314	-0.21379014449251893	0.0
1.5233424449785842	-0.21582709067643954	0.0
1.5248432749736371	-0.21785934707887628	0.0
1.5263441049686899	-0.21988688970160858	0.0
1.5278449349637429	-0.22190969460862642	0.0
1.5293457649587954	-0.22392773792824192	0.0
1.5308465949538481	-0.22594099586162317	0.0
1.532347424948901	-0.22794944465602313	0.0
1.5338482549439538	-0.22995306061414958	0.0
1.5353490849390068	-0.23195182012572585	0.0
1.5368499149340595	-0.233945699623715	0.0
1.538350744929112	-0.23593467560216377	0.0
1.539851574924165	-0.23791872462180835	0.0
1.5413524049192178	-0.23989782329733558	0.0
1.5428532349142707	-0.24187194831996447	0.0
1.5443540649093235	-0.24384107643378838	0.0
1.545854894904376	-0.24580518443951427	0.0
1.547355724899429	-0.2477642492103461	0.0
1.5488565548944817	-0.2497182476735379	0.0
1.5503573848895347	-0.25166715680993246	0.0
1.5518582148845874	-0.2536109536696215	0.0
1.5533590448796402	-0.25554961538152954	0.0
1.5548598748746927	-0.25748311912116234	0.0
1.5563607048697456	-0.2594114421175675	0.0
1.5578615348647986	-0.2613345616782537	0.0
1.5593623648598514	-0.2632524551702804	0.0
1.560863194854904	-0.26516510000896976	0.0
1.5623640248499568	-0.26707247367961623	0.0
1.5638648548450098	-0.2689745537413647	0.0
1.5653656848400623	-0.27087131781123575	0.0
1.5668665148351153	-0.2727627435641404	0.0
1.568367344830168	-0.2746488087266028	0.0
1.5698681748252208	-0.27652949110307823	0.0
1.5713690048202735	-0.27840476856177715	0.0
1.5728698348153265	-0.28027461903759865	0.0
1.5743706648103795	-0.2821390205203253	0.0
1.575871494805432	-0.28399795105979553	0.0
1.5773723248004847	-0.2858513887731353	0.0
1.5788731547955377	-0.28769931184114844	0.0
1.5803739847905902	-0.289541698523061	0.0
1.5818748147856432	-0.2913785271189643	0.0
1.5833756447806961	-0.2932097760069356	0.0
1.584876474775749	-0.2950354236302889	0.0
1.5863773047708014	-0.2968554484838981	0.0
1.5878781347658544	-0.29866982915674406	0.0
1.5893789647609073	-0.3004785442686466	0.0
1.5908797947559599	-0.3022815725115736	0.0
1.5923806247510128	-0.30407889266956134	0.0
1.5938814547460656	-0.30587048356090396	0.0
1.595382284741118	-0.3076563240761804	0.0
1.596883114736171	-0.3094363931918549	0.0
1.598383944731224	-0.31121066993311086	0.0
1.5998847747262768	-0.3129791333833304	0.0
1.6013856047213293	-0.31474176272028087	0.0
1.6028864347163823	-0.3164985371797504	0.0
1.6043872647114352	-0.31824943603930955	0.0
1.6058880947064877	-0.3199944386609014	0.0
1.6073889247015407	-0.3217335244947077	0.0
1.6088897546965935	-0.32346667302197124	0.0
1.6103905846916464	-0.3251938638127937	0.0
1.611891414686699	-0.32691507651158824	0.0
1.613392244681752	-0.3286302908169505	0.0
1.6148930746768049	-0.3303394865102236	0.0
1.6163939046718574	-0.33204264343106393	0.0
1.6178947346669101	-0.33373974148566765	0.0
1.619395564661963	-0.3354307606606579	0.0
1.6208963946570156	-0.3371156810102326	0.0
1.6223972246520686	-0.33879448265247075	0.0
1.6238980546471213	-0.3404671457890306	0.0
1.6253988846421743	-0.34213365068104173	0.0
1.6268997146372268	-0.34379397765714137	0.0
1.6284005446322798	-0.34544810713101487	0.0
1.6299013746273328	-0.3470960195934581	0.0
1.6314022046223853	-0.348737695583449	0.0
1.632903034617438	-0.35037311572653784	0.0
1.634403864612491	-0.35200226072534246	0.0
1.6359046946075435	-0.35362511134629004	0.0
1.6374055246025965	-0.3552416484352848	0.0
1.6389063545976494	-0.35685185290680277	0.0
1.6404071845927022	-0.3584557057618015	0.0
1.6419080145877547	-0.36005318807391523	0.0
1.6434088445828077	-0.36164428097533663	0.0
1.6449096745778606	-0.3632289656807242	0.0
1.6464105045729132	-0.36480722349489264	0.0
1.6479113345679661	-0.3663790357856628	0.0
1.6494121645630189	-0.3679443840035211	0.0
1.6509129945580718	-0.36950324966261117	0.0
1.6524138245531244	-0.3710556143650743	0.0
1.6539146545481773	-0.37260145980274006	0.0
1.65541548454323	-0.3741407677207569	0.0
1.6569163145382828	-0.37567351995828746	0.0
1.6584171445333356	-0.3771996984353728	0.0
1.6599179745283885	-0.37871928514094244	0.0
1.661418804523441	-0.3802322621469047	0.0
1.662919634518494	-0.3817386116104006	0.0
1.6644204645135467	-0.3832383157605998	0.0
1.6659212945085997	-0.3847313569127605	0.0
1.6674221245036522	-0.38621771746886	0.0
1.6689229544987052	-0.38769737990855946	0.0
1.6704237844937582	-0.3891703267917442	0.0
1.6719246144888107	-0.39063654075733106	0.0
1.6734254444838634	-0.3920960045298841	0.0
1.6749262744789164	-0.39354870092728256	0.0
1.676427104473969	-0.3949946128359558	0.0
1.6779279344690219	-0.39643372322841175	0.0
1.6794287644640746	-0.3978660151794028	0.0
1.6809295944591276	-0.3992914718375393	0.0
1.6824304244541801	-0.40071007642949114	0.0
1.683931254449233	-0.4021218122712918	0.0
1.685432084444286	-0.4035266627800367	0.0
1.6869329144393386	-0.4049246114422648	0.0
1.6884337444343913	-0.4063156418401585	0.0
1.6899345744294443	-0.40769973764008877	0.0
1.6914354044244972	-0.4090768826019883	0.0
1.6929362344195498	-0.4104470605699903	0.0
1.6944370644146027	-0.411810255473131	0.0
1.6959378944096555	-0.41316645134563806	0.0
1.697438724404708	-0.4145156322932373	0.0
1.698939554399761	-0.41585778252123073	0.0
1.700440384394814	-0.4171928863387928	0.0
1.7019412143898665	-0.4185209281245629	0.0
1.7034420443849194	-0.4198418923488254	0.0
1.7049428743799722	-0.42115576359686324	0.0
1.7064437043750251	-0.42246252653209154	0.0
1.7079445343700776	-0.4237621659054876	0.0
1.7094453643651306	-0.4250546665727673	0.0
1.7109461943601834	-0.4263400134782585	0.0
1.712447024355236	-0.4276181916579345	0.0
1.7139478543502888	-0.4288891862580219	0.0
1.7154486843453418	-0.43015298251543777	0.0
1.7169495143403943	-0.43140956574508993	0.0
1.7184503443354473	-0.4326589213655363	0.0
1.7199511743305	-0.43390103490677845	0.0
1.721452004325553	-0.435135891984381	0.0
1.7229528343206055	-0.43636347830973016	0.0
1.7244536643156585	-0.4375837797089102	0.0
1.7259544943107115	-0.4387967820905774	0.0
1.727455324305764	-0.44000247146360066	0.0
1.7289561543008167	-0.4412008339466237	0.0
1.7304569842958697	-0.44239185573793965	0.0
1.7319578142909227	-0.44357552315135296	0.0
1.7334586442859752	-0.444751822607641	0.0
1.7349594742810281	-0.44592074062100356	0.0
1.736460304276081	-0.4470822638089096	0.0
1.7379611342711334	-0.4482363788808251	0.0
1.7394619642661864	-0.4493830726659277	0.0
1.7409627942612393	-0.45052233208968645	0.0
1.7424636242562919	-0.4516541441770764	0.0
1.7439644542513446	-0.4527784960560875	0.0
1.7454652842463976	-0.4538953749621442	0.0
1.7469661142414505	-0.4550047682409707	0.0
1.748466944236503	-0.45610666333733	0.0
1.749967774231556	-0.4572010478049766	0.0
1.7514686042266088	-0.45828790929680163	0.0
1.7529694342216613	-0.4593672355788769	0.0
1.7544702642167143	-0.4604390145218245	0.0
1.7559710942117672	-0.4615032341016031	0.0
1.75747192420682	-0.462559882405581	0.0
1.7589727542018727	-0.4636089476295164	0.0
1.7604735841969255	-0.46465041806963736	0.0
1.7619744141919784	-0.46568428213310176	0.0
1.763475244187031	-0.4667105283492222	0.0
1.764976074182084	-0.4677291453453288	0.0
1.7664769041771367	-0.4687401218556282	0.0
1.7679777341721894	-0.46974344673540713	0.0
1.7694785641672421	-0.4707391089363097	0.0
1.770979394162295	-0.4717270975306584	0.0
1.772480224157348	-0.4727074017010129	0.0
1.7739810541524006	-0.4736800107459814	0.0
1.7754818841474533	-0.47464491406970555	0.0
1.7769827141425063	-0.47560210118292573	0.0
1.7784835441375588	-0.4765515617262724	0.0
1.7799843741326118	-0.4774932854318306	0.0
1.7814852041276648	-0.4784272621631736	0.0
1.7829860341227173	-0.47935348189401633	0.0
1.78448686411777	-0.48027193470325574	0.0
1.785987694112823	-0.4811826107863064	0.0
1.787488524107876	-0.48208550046344084	0.0
1.7889893541029285	-0.48298059415556227	0.0
1.7904901840979814	-0.4838678824006679	0.0
1.7919910140930342	-0.4847473558748956	0.0
1.7934918440880867	-0.48561900534261637	0.0
1.7949926740831397	-0.48648282168980145	0.0
1.7964935040781926	-0.487338795922253	0.0
1.7979943340732454	-0.48818691916755474	0.0
1.7994951640682981	-0.48902718266363515	0.0
1.8009959940633509	-0.4898595777665042	0.0
1.8024968240584038	-0.4906840959485307	0.0
1.8039976540534564	-0.4915007287985456	0.0
1.8054984840485093	-0.49230946802847547	0.0
1.806999314043562	-0.49311030546250495	0.0
1.8085001440386146	-0.49390323304339545	0.0
1.8100009740336676	-0.49468824283357793	0.0
1.8115018040287205	-0.49546532702304713	0.0
1.8130026340237735	-0.4962344779086704	0.0
1.814503464018826	-0.49699568790108634	0.0
1.8160042940138788	-0.49774894954266535	0.0
1.8175051240089317	-0.4984942554937748	0.0
1.8190059540039842	-0.4992315985269364	0.0
1.8205067839990372	-0.49996097153933877	0.0
1.82200761399409	-0.5006823675497338	0.0
1.8235084439891427	-0.5013957796903481	0.0
1.8250092739841954	-0.5021012012237747	0.0
1.8265101039792484	-0.502798625520016	0.0
1.8280109339743014	-0.5034880460758557	0.0
1.8295117639693539	-0.5041694565124143	0.0
1.8310125939644066	-0.5048428505666714	0.0
1.8325134239594596	-0.5055082220982141	0.0
1.8340142539545121	-0.5061655650761561	0.0
1.835515083949565	-0.5068148736128885	0.0
1.837015913944618	-0.5074561419344311	0.0
1.8385167439396708	-0.5080893643670834	0.0
1.8400175739347233	-0.5087145353773657	0.0
1.8415184039297763	-0.5093316495585428	0.0
1.8430192339248292	-0.5099407016087295	0.0
1.8445200639198818	-0.510541686357949	0.0
1.8460208939149347	-0.5111345987612191	0.0
1.8475217239099875	-0.5117194338809169	0.0
1.84902255390504	-0.512296186908126	0.0
1.850523383900093	-0.5128648531624539	0.0
1.852024213895146	-0.5134254280792308	0.0
1.8535250438901987	-0.5139779072098812	0.0
1.8550258738852514	-0.5145222862281675	0.0
1.8565267038803042	-0.515058560938118	0.0
1.8580275338753571	-0.5155867272584613	0.0
1.8595283638704097	-0.5161067812353274	0.0
1.8610291938654626	-0.5166187190373024	0.0
1.8625300238605154	-0.5171225369446245	0.0
1.864030853855568	-0.517618231363695	0.0
1.8655316838506208	-0.5181057988266491	0.0
1.8670325138456738	-0.5185852359799985	0.0
1.8685333438407268	-0.51905653959173	0.0
1.8700341738357793	-0.5195197065545774	0.0
1.871535003830832	-0.519974733889569	0.0
1.873035833825885	-0.520421618732624	0.0
1.8745366638209375	-0.5208603583319217	0.0
1.8760374938159905	-0.5212909500710965	0.0
1.8775383238110435	-0.5217133914484149	0.0
1.8790391538060962	-0.52212768007794	0.0
1.8805399838011487	-0.5225338136952357	0.0
1.8820408137962017	-0.5229317901662994	0.0
1.8835416437912547	-0.5233216074721417	0.0
1.8850424737863072	-0.5237032637135823	0.0
1.88654330378136	-0.5240767571134572	0.0
1.888044133776413	-0.5244420860104446	0.0
1.8895449637714654	-0.5247992488659335	0.0
1.8910457937665184	-0.5251482442617408	0.0
1.8925466237615713	-0.5254890708971357	0.0
1.894047453756624	-0.5258217275922742	0.0
1.8955482837516766	-0.5261462132929006	0.0
1.8970491137467296	-0.5264625270516995	0.0
1.8985499437417825	-0.5267706680447469	0.0
1.900050773736835	-0.5270706355754731	0.0
1.901551603731888	-0.527362429058239	0.0
1.9030524337269408	-0.5276460480241308	0.0
1.9045532637219937	-0.5279214921244682	0.0
1.9060540937170463	-0.5281887611332766	0.0
1.9075549237120992	-0.5284478549396777	0.0
1.909055753707152	-0.5286987735460026	0.0
1.9105565837022047	-0.5289415170749365	0.0
1.9120574136972575	-0.5291760857710739	0.0
1.9135582436923104	-0.5294024799924196	0.0
1.915059073687363	-0.5296207002117393	0.0
1.916559903682416	-0.5298307470158145	0.0
1.9180607336774687	-0.5300326211113179	0.0
1.9195615636725216	-0.5302263233281059	0.0
1.9210623936675741	-0.5304118546075425	0.0
1.922563223662627	-0.5305892159984691	0.0
1.92406405365768	-0.5307584086738067	0.0
1.9255648836527326	-0.5309194339185895	0.0
1.9270657136477853	-0.5310722931307031	0.0
1.9285665436428383	-0.5312169878266185	0.0
1.9300673736378908	-0.5313535196313994	0.0
1.9315682036329438	-0.5314818902933163	0.0
1.9330690336279968	-0.5316021016687534	0.0
1.9345698636230495	-0.5317141557279028	0.0
1.936070693618102	-0.5318180545527333	0.0
1.937571523613155	-0.5319138003380972	0.0
1.939072353608208	-0.5320013953923609	0.0
1.9405731836032605	-0.5320808421381457	0.0
1.9420740135983134	-0.5321521431105127	0.0
1.9435748435933662	-0.5322153009529017	0.0
1.9450756735884192	-0.5322703184210822	0.0
1.9465765035834717	-0.5323171983819015	0.0
1.9480773335785246	-0.5323559438151343	0.0
1.9495781635735774	-0.5323865578077887	0.0
1.95107899356863	-0.5324090435593956	0.0
1.9525798235636829	-0.5324234043786448	0.0
1.9540806535587358	-0.5324296436823129	0.0
1.9555814835537884	-0.5324277649996902	0.0
1.9570823135488413	-0.5324177719643249	0.0
1.958583143543894	-0.5323996683238368	0.0
1.960083973538947	-0.5323734579319039	0.0
1.9615848035339996	-0.5323391447478604	0.0
1.9630856335290525	-0.5322967328402122	0.0
1.9645864635241053	-0.5322462263844944	0.0
1.966087293519158	-0.5321876296664885	0.0
1.9675881235142108	-0.5321209470743676	0.0
1.9690889535092637	-0.5320461831049826	0.0
1.9705897835043162	-0.5319633423579306	0.0
1.9720906134993692	-0.5318724295379601	0.0
1.973591443494422	-0.5317734494635509	0.0
1.975092273489475	-0.5316664070470767	0.0
1.9765931034845274	-0.5315513073124087	0.0
1.9780939334795804	-0.531428155390222	0.0
1.9795947634746334	-0.5312969565046421	0.0
1.981095593469686	-0.5311577159942027	0.0
1.9825964234647386	-0.5310104392933291	0.0
1.9840972534597916	-0.5308551319420927	0.0
1.9855980834548446	-0.5306917995848919	0.0
1.987098913449897	-0.5305204479657861	0.0
1.98859974344495	-0.5303410829337405	0.0
1.9901005734400028	-0.5301537104348835	0.0
1.9916014034350553	-0.5299583365202098	0.0
1.9931022334301083	-0.5297549673384905	0.0
1.9946030634251612	-0.5295436091406709	0.0
1.9961038934202138	-0.5293242682781423	0.0
1.9976047234152667	-0.5290969512063095	0.0
1.9991055534103195	-0.5288616644719881	0.0
2.0006063834053722	-0.5286184147227039	0.0
2.002107213400425	-0.5283672087130615	0.0
2.0036080433954777	-0.5281080532868405	0.0
2.005108873390531	-0.527840955389109	0.0
2.006609703385583	-0.5275659220637212	0.0
2.0081105333806364	-0.5272829604537325	0.0
2.009611363375689	-0.5269920777949592	0.0
2.011112193370742	-0.5266932814241129	0.0
2.0126130233657946	-0.5263865787714264	0.0
2.0141138533608474	-0.5260719773639408	0.0
2.0156146833559005	-0.525749484828693	0.0
2.017115513350953	-0.5254191088813877	0.0
2.0186163433460056	-0.5250808573401113	0.0
2.020117173341059	-0.5247347381147144	0.0
2.021618003336111	-0.5243807592042298	0.0
2.0231188333311643	-0.5240189287112479	0.0
2.024619663326217	-0.5236492548324305	0.0
2.0261204933212698	-0.5232717458508671	0.0
2.0276213233163225	-0.52288641014404	0.0
2.0291221533113752	-0.5224932561874349	0.0
2.0306229833064284	-0.5220922925490414	0.0
2.0321238133014807	-0.5216835278845016	0.0
2.0336246432965335	-0.5212669709428187	0.0
2.0351254732915867	-0.5208426305669588	0.0
2.036626303286639	-0.5204105156964128	0.0
2.038127133281692	-0.5199706353536034	0.0
2.039627963276745	-0.5195229986543011	0.0
2.0411287932717976	-0.5190676148098301	0.0
2.0426296232668504	-0.5186044931131693	0.0
2.044130453261903	-0.5181336429541549	0.0
2.0456312832569563	-0.5176550738158134	0.0
2.0471321132520086	-0.5171687952637285	0.0
2.048632943247062	-0.5166748169495764	0.0
2.0501337732421145	-0.5161731486261578	0.0
2.0516346032371673	-0.5156638001293327	0.0
2.05313543323222	-0.5151467813789935	0.0
2.0546362632272728	-0.5146221023915105	0.0
2.0561370932223255	-0.5140897732704353	0.0
2.0576379232173783	-0.5135498041997354	0.0
2.059138753212431	-0.5130022054577672	0.0
2.060639583207484	-0.5124469874106958	0.0
2.0621404132025365	-0.5118841605016651	0.0
2.0636412431975897	-0.5113137352706063	0.0
2.0651420731926424	-0.510735722349108	0.0
2.066642903187695	-0.5101501324501303	0.0
2.068143733182748	-0.5095569763650611	0.0
2.0696445631778007	-0.5089562649755671	0.0
2.071145393172854	-0.5083480092526921	0.0
2.072646223167906	-0.5077322202537912	0.0
2.074147053162959	-0.507108909122139	0.0
2.075647883158012	-0.5064780870784282	0.0
2.0771487131530644	-0.5058397654339151	0.0
2.0786495431481176	-0.5051939555857867	0.0
2.0801503731431703	-0.5045406690130503	0.0
2.081651203138223	-0.5038799172805515	0.0
2.083152033133276	-0.503211712043798	0.0
2.0846528631283285	-0.5025360650257906	0.0
2.0861536931233817	-0.5018529880437285	0.0
2.087654523118434	-0.5011624930062771	0.0
2.089155353113487	-0.5004645918894285	0.0
2.09065618310854	-0.49975929676828823	0.0
2.0921570131035927	-0.4990466197888519	0.0
2.0936578430986454	-0.4983265731799861	0.0
2.095158673093698	-0.49759916926524206	0.0
2.096659503088751	-0.49686442044399415	0.0
2.0981603330838037	-0.4961223391968768	0.0
2.0996611630788564	-0.49537293808904187	0.0
2.1011619930739096	-0.49461622976342157	0.0
2.102662823068962	-0.49385222694830927	0.0
2.104163653064015	-0.49308094245804635	0.0
2.105664483059068	-0.4923023891860748	0.0
2.1071653130541206	-0.4915165801032451	0.0
2.1086661430491733	-0.49072352826566656	0.0
2.110166973044226	-0.4899232468119905	0.0
2.111667803039279	-0.4891157489567792	0.0
2.1131686330343316	-0.4883010480049225	0.0
2.1146694630293843	-0.4874791573384512	0.0
2.1161702930244375	-0.48665009041562574	0.0
2.11767112301949	-0.4858138607793326	0.0
2.119171953014543	-0.48497048205244114	0.0
2.1206727830095957	-0.4841199679404171	0.0
2.1221736130046485	-0.48326233223240084	0.0
2.123674442999701	-0.48239758879293754	0.0
2.125175272994754	-0.4815257515616732	0.0
2.126676102989807	-0.4806468345709371	0.0
2.1281769329848594	-0.4797608519244406	0.0
2.129677762979912	-0.4788678178085862	0.0
2.1311785929749654	-0.47796774649407076	0.0
2.132679422970018	-0.47706065232206835	0.0
2.134180252965071	-0.4761465497198936	0.0
2.1356810829601236	-0.47522545319564463	0.0
2.1371819129551763	-0.47429737733469934	0.0
2.138682742950229	-0.47336233680321754	0.0
2.140183572945282	-0.47242034634824953	0.0
2.141684402940335	-0.4714714207928222	0.0
2.1431852329353873	-0.4705155750426712	0.0
2.1446860629304405	-0.4695528240834143	0.0
2.1461868929254933	-0.4685831829759493	0.0
2.147687722920546	-0.46760666686193253	0.0
2.1491885529155987	-0.4666232909616236	0.0
2.1506893829106515	-0.46563307057883613	0.0
2.1521902129057042	-0.46463602109633984	0.0
2.153691042900757	-0.46363215797097673	0.0
2.1551918728958097	-0.4626214967425437	0.0
2.156692702890863	-0.4616040530262577	0.0
2.158193532885915	-0.4605798425195816	0.0
2.1596943628809684	-0.459548880999546	0.0
2.161195192876021	-0.4585111843177437	0.0
2.162696022871074	-0.457466768410567	0.0
2.1641968528661266	-0.45641564928757106	0.0
2.1656976828611794	-0.45535784304228555	0.0
2.1671985128562326	-0.45429336584422353	0.0
2.168699342851285	-0.4532222339385436	0.0
2.1702001728463376	-0.45214446365581856	0.0
2.171701002841391	-0.4510600713993076	0.0
2.1732018328364435	-0.4499690736552214	0.0
2.1747026628314963	-0.44887148698713614	0.0
2.176203492826549	-0.4477673280329715	0.0
2.1777043228216018	-0.44665661351426555	0.0
2.1792051528166545	-0.44553936022992846	0.0
2.1807059828117072	-0.4444155850551298	0.0
2.1822068128067604	-0.4432853049484806	0.0
2.1837076428018127	-0.4421485369476918	0.0
2.1852084727968655	-0.4410052981638489	0.0
2.1867093027919187	-0.4398556057783301	0.0
2.1882101327869714	-0.43869947706518003	0.0
2.189710962782024	-0.4375369293768119	0.0
2.191211792777077	-0.43636798013314193	0.0
2.1927126227721296	-0.43519264683991415	0.0
2.1942134527671824	-0.43401094707930044	0.0
2.195714282762235	-0.4328228985118456	0.0
2.1972151127572883	-0.43162851887420006	0.0
2.198715942752341	-0.43042782598535095	0.0
2.200216772747394	-0.42922083774164127	0.0
2.2017176027424465	-0.42800757211241663	0.0
2.2032184327374993	-0.4267880471443208	0.0
2.204719262732552	-0.4255622809725231	0.0
2.2062200927276048	-0.4243302918084039	0.0
2.2077209227226575	-0.4230920979268744	0.0
2.2092217527177103	-0.4218477176924691	0.0
2.210722582712763	-0.4205971695537994	0.0
2.212223412707816	-0.41934047202000474	0.0
2.213724242702869	-0.418077643684219	0.0
2.2152250726979217	-0.4168087032291287	0.0
2.2167259026929744	-0.4155336694030391	0.0
2.218226732688027	-0.41425256103684027	0.0
2.21972756268308	-0.41296539703593793	0.0
2.2212283926781327	-0.41167219637901625	0.0
2.222729222673186	-0.41037297813245566	0.0
2.224230052668238	-0.4090677614377281	0.0
2.225730882663291	-0.40775656550766326	0.0
2.227231712658344	-0.4064394096328327	0.0
2.228732542653397	-0.4051163131843857	0.0
2.2302333726484496	-0.40378729561448573	0.0
2.2317342026435023	-0.4024523764500732	0.0
2.233235032638555	-0.4011115752911077	0.0
2.234735862633608	-0.3997649118142492	0.0
2.2362366926286605	-0.39841240577267717	0.0
2.2377375226237137	-0.39705407700283124	0.0
2.2392383526187665	-0.39568994541475033	0.0
2.2407391826138188	-0.3943200309902194	0.0
2.242240012608872	-0.3929443537969709	0.0
2.2437408426039247	-0.39156293397233866	0.0
2.2452416725989774	-0.39017579172679184	0.0
2.24674250259403	-0.38878294735626406	0.0
2.248243332589083	-0.3873844212281687	0.0
2.2497441625841357	-0.3859802337842258	0.0
2.2512449925791884	-0.3845704055475838	0.0
2.2527458225742416	-0.38315495710682246	0.0
2.2542466525692944	-0.38173390913414484	0.0
2.255747482564347	-0.38030728238155226	0.0
2.2572483125594	-0.37887509766459143	0.0
2.2587491425544526	-0.37743737588443554	0.0
2.2602499725495053	-0.3759941380114947	0.0
2.261750802544558	-0.3745454050932927	0.0
2.263251632539611	-0.37309119825447434	0.0
2.2647524625346636	-0.3716315386907148	0.0
2.2662532925297163	-0.3701664476711535	0.0
2.2677541225247695	-0.36869594653795845	0.0
2.2692549525198222	-0.36722005671872965	0.0
2.270755782514875	-0.3657387997084476	0.0
2.2722566125099277	-0.3642521970712145	0.0
2.2737574425049805	-0.36276027044777004	0.0
2.275258272500033	-0.36126304155487243	0.0
2.276759102495086	-0.3597605321821377	0.0
2.278259932490139	-0.35825276419529145	0.0
2.279760762485192	-0.35673975952690234	0.0
2.281261592480244	-0.35522154017823604	0.0
2.2827624224752974	-0.35369812823452984	0.0
2.28426325247035	-0.3521695458535206	0.0
2.285764082465403	-0.3506358152588659	0.0
2.2872649124604556	-0.3490969587465821	0.0
2.2887657424555083	-0.34755299868505996	0.0
2.290266572450561	-0.3460039575142511	0.0
2.291767402445614	-0.3444498577442411	0.0
2.293268232440667	-0.342890721959313	0.0
2.2947690624357198	-0.34132657282014023	0.0
2.2962698924307725	-0.3397574330430998	0.0
2.2977707224258253	-0.33818332542153495	0.0
2.299271552420878	-0.3366042728225672	0.0
2.3007723824159307	-0.3350202981858519	0.0
2.3022732124109835	-0.33343142451096297	0.0
2.3037740424060362	-0.3318376748680558	0.0
2.3052748724010894	-0.3302390724086465	0.0
2.3067757023961417	-0.3286356403372174	0.0
2.308276532391195	-0.32702740193132185	0.0
2.3097773623862476	-0.3254143805425157	0.0
2.3112781923813004	-0.32379659958552554	0.0
2.312779022376353	-0.322174082543328	0.0
2.314279852371406	-0.320546852965552	0.0
2.3157806823664586	-0.3189149344652756	0.0
2.3172815123615114	-0.3172783507355559	0.0
2.318782342356564	-0.31563712552330025	0.0
2.3202831723516173	-0.3139912826391751	0.0
2.3217840023466696	-0.312340845969477	0.0
2.323284832341723	-0.310685839457144	0.0
2.3247856623367755	-0.3090262871151783	0.0
2.3262864923318283	-0.3073622130222087	0.0
2.327787322326881	-0.30569364131650967	0.0
2.3292881523219338	-0.30402059620081073	0.0
2.3307889823169865	-0.3023431019462505	0.0
2.3322898123120392	-0.3006611828782725	0.0
2.3337906423070924	-0.2989748633903144	0.0
2.335291472302145	-0.2972841679438549	0.0
2.3367923022971975	-0.29558912104994994	0.0
2.3382931322922507	-0.2938897472914263	0.0
2.3397939622873034	-0.29218607131368246	0.0
2.341294792282356	-0.2904781178077521	0.0
2.342795622277409	-0.2887659115352844	0.0
2.3442964522724616	-0.2870494773205141	0.0
2.345797282267515	-0.2853288400456785	0.0
2.347298112262567	-0.2836040246521133	0.0
2.3487989422576203	-0.2818750561306126	0.0
2.350299772252673	-0.28014195954126747	0.0
2.351800602247726	-0.278404760000923	0.0
2.3533014322427785	-0.27666348267758134	0.0
2.3548022622378313	-0.27491815279474574	0.0
2.356303092232884	-0.27316879564295427	0.0
2.3578039222279368	-0.27141543656481093	0.0
2.3593047522229895	-0.26965810094785525	0.0
2.3608055822180427	-0.26789681425003653	0.0
2.362306412213095	-0.2661316019752181	0.0
2.363807242208148	-0.2643624896787945	0.0
2.365308072203201	-0.2625895029810823	0.0
2.3668089021982537	-0.2608126675429594	0.0
2.3683097321933064	-0.2590320090816681	0.0
2.369810562188359	-0.25724755336942934	0.0
2.371311392183412	-0.2554593262290394	0.0
2.3728122221784647	-0.2536673535356279	0.0
2.374313052173518	-0.25187166120657467	0.0
2.3758138821685706	-0.250072275219503	0.0
2.377314712163623	-0.24826922160010734	0.0
2.378815542158676	-0.2464625264183446	0.0
2.380316372153729	-0.24465221579339697	0.0
2.3818172021487816	-0.24283831589336008	0.0
2.3833180321438343	-0.24102085293835906	0.0
2.384818862138887	-0.23919985318692333	0.0
2.3863196921339402	-0.23737534295275797	0.0
2.3878205221289925	-0.23554734859304122	0.0
2.3893213521240457	-0.23371589649817398	0.0
2.3908221821190985	-0.23188101311826054	0.0
2.3923230121141508	-0.23004272494538125	0.0
2.393823842109204	-0.2282010585076658	0.0
2.3953246721042567	-0.22635604038083257	0.0
2.3968255020993094	-0.22450769718406244	0.0
2.398326332094362	-0.2226560555840566	0.0
2.399827162089415	-0.22080114227676745	0.0
2.401327992084468	-0.21894298399923046	0.0
2.4028288220795204	-0.2170816075396732	0.0
2.4043296520745736	-0.2152170397191187	0.0
2.4058304820696264	-0.21334930739968577	0.0
2.407331312064679	-0.21147843747547146	0.0
2.408832142059732	-0.20960445688524376	0.0
2.4103329720547846	-0.2077273926081475	0.0
2.4118338020498373	-0.20584727165064293	0.0
2.41333463204489	-0.2039641210613931	0.0
2.414835462039943	-0.20207796792424465	0.0
2.416336292034996	-0.20018883935681592	0.0
2.4178371220300483	-0.198296762509227	0.0
2.4193379520251015	-0.1964017645641259	0.0
2.4208387820201542	-0.1945038727475501	0.0
2.422339612015207	-0.1926031143095953	0.0
2.4238404420102597	-0.1906995165264333	0.0
2.4253412720053125	-0.1887931067149019	0.0
2.4268421020003657	-0.1868839122230998	0.0
2.428342931995418	-0.18497196042720565	0.0
2.429843761990471	-0.1830572787317154	0.0
2.431344591985524	-0.18113989456592444	0.0
2.432845421980576	-0.17921983538980968	0.0
2.4343462519756294	-0.17729712870048492	0.0
2.435847081970682	-0.17537180200830432	0.0
2.437347911965735	-0.17344388285574236	0.0
2.4388487419607876	-0.17151339882234728	0.0
2.4403495719558403	-0.16958037749047722	0.0
2.4418504019508935	-0.16764484648050487	0.0
2.443351231945946	-0.1657068334376009	0.0
2.444852061940999	-0.16376636602870265	0.0
2.4463528919360518	-0.16182347194238816	0.0
2.447853721931104	-0.15987817887938127	0.0
2.4493545519261573	-0.15793051458560808	0.0
2.45085538192121	-0.1559805068120459	0.0
2.452356211916263	-0.1540281833261537	0.0
2.4538570419113155	-0.1520735719272659	0.0
2.4553578719063682	-0.1501167004227329	0.0
2.4568587019014214	-0.14815759664964873	0.0
2.4583595318964737	-0.14619628845752825	0.0
2.459860361891527	-0.14423280370509728	0.0
2.4613611918865796	-0.14226717028144054	0.0
2.4628620218816324	-0.1402994160816407	0.0
2.464362851876685	-0.13832956901782922	0.0
2.465863681871738	-0.1363576570289547	0.0
2.467364511866791	-0.13438370805434863	0.0
2.4688653418618434	-0.13240775005127364	0.0
2.470366171856896	-0.13042981099192574	0.0
2.4718670018519493	-0.12844991885747964	0.0
2.4733678318470016	-0.1264681016423056	0.0
2.474868661842055	-0.1244843873518428	0.0
2.4763694918371075	-0.12249880400655744	0.0
2.4778703218321603	-0.12051137963386233	0.0
2.479371151827213	-0.11852214226721763	0.0
2.4808719818222658	-0.11653111995313864	0.0
2.482372811817319	-0.11453834074866354	0.0
2.4838736418123712	-0.11254383271491475	0.0
2.4853744718074244	-0.11054762392202877	0.0
2.486875301802477	-0.10854974244242027	0.0
2.4883761317975295	-0.10655021635622153	0.0
2.4898769617925827	-0.10454907376326006	0.0
2.4913777917876354	-0.10254634274973218	0.0
2.492878621782688	-0.10054205140652916	0.0
2.494379451777741	-0.09853622784250288	0.0
2.4958802817727936	-0.09652890016092591	0.0
2.497381111767847	-0.0945200964748295	0.0
2.498881941762899	-0.0925098448812206	0.0
2.5003827717579523	-0.09049817349253714	0.0
2.501883601753005	-0.08848511043348589	0.0
2.503384431748058	-0.08647068381084211	0.0
2.5048852617431105	-0.08445492173616342	0.0
2.5063860917381633	-0.08243785232033185	0.0
2.5078869217332165	-0.08041950368262113	0.0
2.509387751728269	-0.07839990393204072	0.0
2.5108885817233215	-0.07637908117443143	0.0
2.5123894117183747	-0.07435706351424165	0.0
2.513890241713427	-0.07233387905551847	0.0
2.51539107170848	-0.07030955590191501	0.0
2.516891901703533	-0.0682841221419983	0.0
2.5183927316985857	-0.06625760587114965	0.0
2.5198935616936384	-0.06423003517475895	0.0
2.521394391688691	-0.0622014381339307	0.0
2.5228952216837444	-0.0601718428273425	0.0
2.5243960516787967	-0.05814127732022634	0.0
2.5258968816738494	-0.05610976967385428	0.0
2.5273977116689026	-0.05407734793868124	0.0
2.528898541663955	-0.052044040163216954	0.0
2.530399371659008	-0.05000987438423299	0.0
2.531900201654061	-0.04797487863805794	0.0
2.5334010316491136	-0.045939080945090804	0.0
2.5349018616441663	-0.04390250930472972	0.0
2.536402691639219	-0.04186519172099584	0.0
2.5379035216342722	-0.03982715618771521	0.0
2.5394043516293245	-0.03778843068280552	0.0
2.5409051816243777	-0.035749043170006045	0.0
2.5424060116194305	-0.033709021607603806	0.0
2.5439068416144828	-0.03166839394157428	0.0
2.545407671609536	-0.02962718810080328	0.0
2.5469085016045887	-0.02758543200689073	0.0
2.5484093315996414	-0.02554315356031378	0.0
2.549910161594694	-0.023500380647627717	0.0
2.551410991589747	-0.02145714115269748	0.0
2.5529118215848	-0.01941346293237667	0.0
2.5544126515798524	-0.017369373842295532	0.0
2.5559134815749056	-0.015324901711198657	0.0
2.5574143115699584	-0.013280074347291948	0.0
2.558915141565011	-0.011234919556259493	0.0
2.560415971560064	-0.009189465118604412	0.0
2.5619168015551166	-0.007143738803758903	0.0
2.5634176315501698	-0.005097768363492405	0.0
2.564918461545222	-0.003051581528207725	0.0
2.566419291540275	-0.001005206011918225	0.0
2.567920121535328	0.0010413304878519325	0.0
2.5694209515303803	0.0030880003038857295	0.0
2.5709217815254335	0.005134775770918365	0.0
2.5724226115204862	0.007181629241400367	0.0
2.573923441515539	0.00922853310048033	0.0
2.5754242715105917	0.01127545974642613	0.0
2.5769251015056445	0.013322381602289712	0.0
2.5784259315006977	0.01536927110217623	0.0
2.57992676149575	0.017416100714213956	0.0
2.581427591490803	0.019462842922462087	0.0
2.582928421485856	0.021509470222494276	0.0
2.584429251480908	0.023555955138880924	0.0
2.5859300814759614	0.025602270213878897	0.0
2.587430911471014	0.02764838801805003	0.0
2.588931741466067	0.029694281147341517	0.0
2.5904325714611196	0.03173992221098115	0.0
2.5919334014561723	0.0337852838403343	0.0
2.5934342314512255	0.0358303386960116	0.0
2.594935061446278	0.037875059460711236	0.0
2.596435891441331	0.0399194188453082	0.0
2.5979367214363838	0.04196338957729079	0.0
2.5994375514314365	0.04400694440650277	0.0
2.6009383814264893	0.046050056112071636	0.0
2.602439211421542	0.04809269749096251	0.0
2.6039400414165947	0.050134841375840566	0.0
2.6054408714116475	0.05217646062342296	0.0
2.6069417014067002	0.05421752809800995	0.0
2.6084425314017534	0.05625801670660602	0.0
2.6099433613968057	0.058297899380570894	0.0
2.611444191391859	0.06033714907152854	0.0
2.6129450213869116	0.06237573875716568	0.0
2.6144458513819644	0.06441364143736522	0.0
2.615946681377017	0.06645083015435577	0.0
2.61744751137207	0.0684872779643802	0.0
2.618948341367123	0.0705229579469806	0.0
2.6204491713621754	0.07255784321467118	0.0
2.621950001357228	0.07459190689814704	0.0
2.6234508313522813	0.07662512217260298	0.0
2.6249516613473336	0.0786574622296709	0.0
2.626452491342387	0.08068890029148484	0.0
2.6279533213374395	0.08271940960740065	0.0
2.6294541513324923	0.0847489634442648	0.0
2.630954981327545	0.08677753511160374	0.0
2.6324558113225978	0.08880509793384639	0.0
2.633956641317651	0.0908316252760561	0.0
2.6354574713127032	0.09285709052464303	0.0
2.6369583013077564	0.09488146709516548	0.0
2.638459131302809	0.09690472843570247	0.0
2.639959961297862	0.09892684801692198	0.0
2.6414607912929147	0.1009477993422862	0.0
2.6429616212879674	0.10296755594730972	0.0
2.64446245128302	0.10498609138621218	0.0
2.645963281278073	0.10700337924419229	0.0
2.6474641112731256	0.10901939315106735	0.0
2.648964941268179	0.11103410675208242	0.0
2.650465771263231	0.11304749372557171	0.0
2.6519666012582843	0.11505952777649037	0.0
2.653467431253337	0.11707018263542396	0.0
2.65496826124839	0.11907943208122157	0.0
2.6564690912434425	0.12108724990692471	0.0
2.6579699212384953	0.1230936099353665	0.0
2.6594707512335485	0.12509848603294116	0.0
2.660971581228601	0.12710185207939556	0.0
2.6624724112236535	0.1291036819914239	0.0
2.6639732412187067	0.13110394972575584	0.0
2.665474071213759	0.13310262925813865	0.0
2.666974901208812	0.13509969459263999	0.0
2.668475731203865	0.1370951197722321	0.0
2.6699765611989177	0.13908887886372479	0.0
2.6714773911939704	0.1410809459738871	0.0
2.672978221189023	0.14307129523417716	0.0
2.6744790511840764	0.14505990081117937	0.0
2.6759798811791287	0.14704673690106107	0.0
2.6774807111741814	0.14903177771998838	0.0
2.6789815411692346	0.15101499753194908	0.0
2.6804823711642873	0.1529963706299251	0.0
2.68198320115934	0.15497587133093604	0.0
2.683484031154393	0.15695347398506243	0.0
2.6849848611494456	0.15892915297121668	0.0
2.6864856911444983	0.16090288270458225	0.0
2.687986521139551	0.1628746376445761	0.0
2.6894873511346042	0.1648443922637468	0.0
2.6909881811296565	0.16681212106758758	0.0
2.6924890111247097	0.16877779860926184	0.0
2.6939898411197625	0.17074139946075412	0.0
2.695490671114815	0.17270289821801893	0.0
2.696991501109868	0.17466226952773656	0.0
2.6984923311049207	0.17661948806789024	0.0
2.6999931610999734	0.17857452854281047	0.0
2.701493991095026	0.18052736568145583	0.0
2.702994821090079	0.1824779742564102	0.0
2.704495651085132	0.18442632907702794	0.0
2.7059964810801844	0.186372404966898	0.0
2.7074973110752376	0.18831617679915696	0.0
2.7089981410702904	0.19025761947189196	0.0
2.710498971065343	0.19219670792033844	0.0
2.711999801060396	0.19413341712170928	0.0
2.7135006310554486	0.19606772207852596	0.0
2.7150014610505018	0.19799959781150028	0.0
2.716502291045554	0.19992901939055124	0.0
2.718003121040607	0.2018559619176839	0.0
2.71950395103566	0.2037804005242016	0.0
2.7210047810307127	0.2057023103954117	0.0
2.7225056110257655	0.2076216667235638	0.0
2.7240064410208182	0.20953844474022515	0.0
2.725507271015871	0.21145261972152307	0.0
2.7270081010109237	0.21336416697127014	0.0
2.7285089310059765	0.2152730618348342	0.0
2.7300097610010297	0.2171792796860536	0.0
2.731510590996082	0.21908279592606422	0.0
2.7330114209911347	0.22098358599832874	0.0
2.734512250986188	0.22288162538546263	0.0
2.7360130809812406	0.22477688960091785	0.0
2.7375139109762934	0.22666935419360063	0.0
2.739014740971346	0.2285589947426243	0.0
2.740515570966399	0.2304457868765028	0.0
2.7420164009614516	0.23232970624666616	0.0
2.7435172309565043	0.23421072853396557	0.0
2.7450180609515575	0.2360888294728833	0.0
2.7465188909466103	0.23796398482707182	0.0
2.748019720941663	0.23983617039347738	0.0
2.7495205509367158	0.24170536200300036	0.0
2.7510213809317685	0.24357153553105854	0.0
2.7525222109268213	0.245434666891297	0.0
2.754023040921874	0.24729473202145047	0.0
2.7555238709169267	0.2491517069058305	0.0
2.7570247009119795	0.2510055675509682	0.0
2.7585255309070322	0.25285629002248927	0.0
2.7600263609020854	0.254703850426701	0.0
2.761527190897138	0.25654822488274204	0.0
2.763028020892191	0.2583893895612642	0.0
2.7645288508872436	0.26022732066723797	0.0
2.7660296808822964	0.262061994454928	0.0
2.767530510877349	0.26389338720066435	0.0
2.769031340872402	0.2657214752231075	0.0
2.770532170867455	0.2675462348995388	0.0
2.7720330008625074	0.26936764262027946	0.0
2.77353383085756	0.2711856748304813	0.0
2.7750346608526133	0.2730003080163769	0.0
2.776535490847666	0.27481151868146536	0.0
2.778036320842719	0.27661928339793185	0.0
2.7795371508377715	0.2784235787724083	0.0
2.7810379808328243	0.28022438142997086	0.0
2.782538810827877	0.2820216680563193	0.0
2.7840396408229298	0.28381541538319854	0.0
2.785540470817983	0.28560560016865144	0.0
2.7870413008130357	0.2873921992220405	0.0
2.7885421308080884	0.2891751893844454	0.0
2.790042960803141	0.2909545475411548	0.0
2.791543790798194	0.2927302506409774	0.0
2.7930446207932467	0.2945022756485029	0.0
2.7945454507882994	0.29627059958093116	0.0
2.796046280783352	0.2980351994959922	0.0
2.797547110778405	0.29979605249709873	0.0
2.7990479407734576	0.30155313574701237	0.0
2.800548770768511	0.3033064264259374	0.0
2.8020496007635636	0.30505590176837666	0.0
2.8035504307586163	0.30680153906250873	0.0
2.805051260753669	0.30854331562307946	0.0
2.806552090748722	0.31028120882941335	0.0
2.8080529207437745	0.31201519610435713	0.0
2.8095537507388273	0.3137452549046915	0.0
2.81105458073388	0.31547136273984155	0.0
2.812555410728933	0.3171934971652666	0.0
2.8140562407239855	0.31891163577861403	0.0
2.8155570707190387	0.32062575623432205	0.0
2.8170579007140915	0.32233583623909556	0.0
2.818558730709144	0.32404185353081943	0.0
2.820059560704197	0.32574378589881703	0.0
2.8215603906992497	0.32744161119056514	0.0
2.8230612206943024	0.3291353073023435	0.0
2.824562050689355	0.3308248521754736	0.0
2.8260628806844084	0.3325102238002824	0.0
2.827563710679461	0.33419140021066107	0.0
2.8290645406745134	0.3358683595072478	0.0
2.8305653706695666	0.3375410798343681	0.0
2.8320662006646193	0.33920953938119275	0.0
2.833567030659672	0.3408737163902469	0.0
2.835067860654725	0.3425335891636054	0.0
2.8365686906497776	0.34418913606411755	0.0
2.8380695206448303	0.34584033548798543	0.0
2.839570350639883	0.34748716589067863	0.0
2.8410711806349362	0.3491296057864599	0.0
2.842572010629989	0.3507676337347296	0.0
2.8440728406250417	0.35240122836200494	0.0
2.8455736706200945	0.3540303683400182	0.0
2.847074500615147	0.35565503240154095	0.0
2.8485753306102	0.3572751993331317	0.0
2.8500761606052527	0.3588908479817191	0.0
2.8515769906003055	0.36050195724594347	0.0
2.853077820595358	0.3621085060756044	0.0
2.854578650590411	0.3637104734898815	0.0
2.856079480585464	0.365307838566311	0.0
2.857580310580517	0.3669005804333977	0.0
2.8590811405755696	0.3684886782834929	0.0
2.8605819705706224	0.3700721113628496	0.0
2.862082800565675	0.3716508589804025	0.0
2.863583630560728	0.3732249005173547	0.0
2.8650844605557806	0.3747942153959189	0.0
2.8665852905508338	0.3763587831103268	0.0
2.8680861205458865	0.3779185832208498	0.0
2.869586950540939	0.37947359534394337	0.0
2.871087780535992	0.3810237991553862	0.0
2.8725886105310448	0.38256917439522126	0.0
2.8740894405260975	0.38410970087740964	0.0
2.8755902705211502	0.3856453584819748	0.0
2.877091100516203	0.3871761271234738	0.0
2.8785919305112557	0.3887019868174707	0.0
2.8800927605063085	0.39022291763786027	0.0
2.8815935905013617	0.39173889969958164	0.0
2.8830944204964144	0.3932499132156293	0.0
2.8845952504914667	0.39475593845378487	0.0
2.88609608048652	0.39625695574236536	0.0
2.8875969104815726	0.3977529454929431	0.0
2.8890977404766254	0.3992438881780039	0.0
2.890598570471678	0.40072976432642926	0.0
2.892099400466731	0.40221055455634197	0.0
2.893600230461784	0.40368623955590655	0.0
2.8951010604568364	0.4051568000806489	0.0
2.8966018904518895	0.40662221694375017	0.0
2.8981027204469423	0.40808247103973777	0.0
2.899603550441995	0.40953754334532344	0.0
2.9011043804370478	0.41098741488802193	0.0
2.9026052104321005	0.4124320667904901	0.0
2.9041060404271533	0.41387148024719167	0.0
2.905606870422206	0.41530563651061164	0.0
2.9071077004172587	0.41673451692020674	0.0
2.908608530412312	0.4181581028844412	0.0
2.9101093604073642	0.4195763758942054	0.0
2.9116101904024174	0.4209893175209982	0.0
2.91311102039747	0.4223969093996298	0.0
2.914611850392523	0.4237991332518345	0.0
2.9161126803875757	0.42519597087840827	0.0
2.9176135103826284	0.4265874041496452	0.0
2.919114340377681	0.4279734150151201	0.0
2.920615170372734	0.429353985514434	0.0
2.922116000367787	0.4307290977743097	0.0
2.92361683036284	0.432098733979635	0.0
2.925117660357892	0.433462876401002	0.0
2.9266184903529453	0.43482150739913006	0.0
2.928119320347998	0.43617460941410796	0.0
2.929620150343051	0.437522164970061	0.0
2.9311209803381035	0.4388641566694964	0.0
2.9326218103331563	0.44020056720734935	0.0
2.9341226403282095	0.4415313793440078	0.0
2.9356234703232618	0.44285657595231653	0.0
2.937124300318315	0.4441761399733471	0.0
2.9386251303133677	0.445490054416892	0.0
2.94012596030842	0.4467983024106682	0.0
2.941626790303473	0.4481008671547448	0.0
2.943127620298526	0.44939773194248894	0.0
2.9446284502935787	0.4506888801495779	0.0
2.9461292802886314	0.4519742952299079	0.0
2.947630110283684	0.4532539607453118	0.0
2.9491309402787373	0.4545278603437511	0.0
2.9506317702737896	0.4557959777328708	0.0
2.952132600268843	0.4570582967341102	0.0
2.9536334302638956	0.4583148012789319	0.0
2.9551342602589483	0.4595654753715558	0.0
2.956635090254001	0.4608103030951584	0.0
2.958135920249054	0.4620492686321268	0.0
2.9596367502441066	0.4632823562599895	0.0
2.9611375802391593	0.464509550351627	0.0
2.962638410234212	0.46573083538120985	0.0
2.9641392402292652	0.4669461958952472	0.0
2.9656400702243175	0.4681556165383872	0.0
2.9671409002193707	0.469359082080499	0.0
2.9686417302144235	0.47055657735848255	0.0
2.970142560209476	0.47174808728823914	0.0
2.971643390204529	0.4729335969122284	0.0
2.9731442201995817	0.4741130913660765	0.0
2.974645050194635	0.47528655588019675	0.0
2.976145880189687	0.4764539757696627	0.0
2.9776467101847404	0.47761533645667154	0.0
2.979147540179793	0.47877062346581983	0.0
2.9806483701748454	0.47991982239659886	0.0
2.9821492001698986	0.4810629189765561	0.0
2.9836500301649513	0.4821998990301262	0.0
2.985150860160004	0.48333074846318685	0.0
2.986651690155057	0.4844554532875939	0.0
2.9881525201501096	0.4855739996213424	0.0
2.9896533501451628	0.4866863736797059	0.0
2.991154180140215	0.4877925617766199	0.0
2.9926550101352682	0.48889255034348644	0.0
2.994155840130321	0.4899863258911303	0.0
2.9956566701253737	0.4910738750431445	0.0
2.9971575001204265	0.49215518453327495	0.0
2.998658330115479	0.4932302411684563	0.0
3.000159160110532	0.4943021180037501	0.0
